3 2 2896 2896 2 1 0
3 3 2364 2364 2 1 0
3 4 2048 2048 2 1 0
3 5 1831 1831 2 1 0
3 6 1672 1672 2 1 0
3 7 1548 1548 2 1 0
3 8 1448 1448 2 1 0
3 9 1365 1365 2 1 0
3 10 1295 1295 2 1 0
3 11 1234 1234 2 1 0
3 12 1182 1182 2 1 0
3 13 1136 1136 2 1 0
3 14 1094 1094 2 1 0
3 15 1057 1057 2 1 0
3 16 1024 1024 2 1 0
3 17 993 993 2 1 0
3 18 965 965 2 1 0
3 19 939 939 2 1 0
3 20 915 915 2 1 0
3 21 893 893 2 1 0
3 22 873 873 2 1 0
3 23 854 854 2 1 0
3 24 836 836 2 1 0
3 25 819 819 2 1 0
3 26 803 803 2 1 0
3 27 788 788 2 1 0
3 28 774 774 2 1 0
3 29 760 760 2 1 0
3 30 747 747 2 1 0
3 31 735 735 2 1 0
3 32 724 724 2 1 0
3 33 713 713 2 1 0
3 34 702 702 2 1 0
3 35 692 692 2 1 0
3 36 682 682 2 1 0
3 37 673 673 2 1 0
3 38 664 664 2 1 0
3 39 655 655 2 1 0
3 40 647 647 2 1 0
3 41 639 639 2 1 0
3 42 632 632 2 1 0
3 43 624 624 2 1 0
3 44 617 617 2 1 0
3 45 610 610 2 1 0
3 46 603 603 2 1 0
3 47 597 597 2 1 0
3 48 591 591 2 1 0
3 49 585 585 2 1 0
3 50 579 579 2 1 0
3 51 573 573 2 1 0
3 52 568 568 2 1 0
3 53 562 562 2 1 0
3 54 557 557 2 1 0
3 55 552 552 2 1 0
3 56 547 547 2 1 0
3 57 542 542 2 1 0
3 58 537 537 2 1 0
3 59 533 533 2 1 0
3 60 528 528 2 1 0
3 61 524 524 2 1 0
3 62 520 520 2 1 0
3 63 516 516 2 1 0
