3 2 2896 2896 0 2 1
3 3 2364 2364 0 2 1
3 4 2048 2048 0 2 1
3 5 1831 1831 0 2 1
3 6 1672 1672 0 2 1
3 7 1548 1548 0 2 1
3 8 1448 1448 0 2 1
3 9 1365 1365 0 2 1
3 10 1295 1295 0 2 1
3 11 1234 1234 0 2 1
3 12 1182 1182 0 2 1
3 13 1136 1136 0 2 1
3 14 1094 1094 0 2 1
3 15 1057 1057 0 2 1
3 16 1024 1024 0 2 1
3 17 993 993 0 2 1
3 18 965 965 0 2 1
3 19 939 939 0 2 1
3 20 915 915 0 2 1
3 21 893 893 0 2 1
3 22 873 873 0 2 1
3 23 854 854 0 2 1
3 24 836 836 0 2 1
3 25 819 819 0 2 1
3 26 803 803 0 2 1
3 27 788 788 0 2 1
3 28 774 774 0 2 1
3 29 760 760 0 2 1
3 30 747 747 0 2 1
3 31 735 735 0 2 1
3 32 724 724 0 2 1
3 33 713 713 0 2 1
3 34 702 702 0 2 1
3 35 692 692 0 2 1
3 36 682 682 0 2 1
3 37 673 673 0 2 1
3 38 664 664 0 2 1
3 39 655 655 0 2 1
3 40 647 647 0 2 1
3 41 639 639 0 2 1
3 42 632 632 0 2 1
3 43 624 624 0 2 1
3 44 617 617 0 2 1
3 45 610 610 0 2 1
3 46 603 603 0 2 1
3 47 597 597 0 2 1
3 48 591 591 0 2 1
3 49 585 585 0 2 1
3 50 579 579 0 2 1
3 51 573 573 0 2 1
3 52 568 568 0 2 1
3 53 562 562 0 2 1
3 54 557 557 0 2 1
3 55 552 552 0 2 1
3 56 547 547 0 2 1
3 57 542 542 0 2 1
3 58 537 537 0 2 1
3 59 533 533 0 2 1
3 60 528 528 0 2 1
3 61 524 524 0 2 1
3 62 520 520 0 2 1
3 63 516 516 0 2 1
