3 2 2896 2896 1 0 2
3 3 2364 2364 1 0 2
3 4 2048 2048 1 0 2
3 5 1831 1831 1 0 2
3 6 1672 1672 1 0 2
3 7 1548 1548 1 0 2
3 8 1448 1448 1 0 2
3 9 1365 1365 1 0 2
3 10 1295 1295 1 0 2
3 11 1234 1234 1 0 2
3 12 1182 1182 1 0 2
3 13 1136 1136 1 0 2
3 14 1094 1094 1 0 2
3 15 1057 1057 1 0 2
3 16 1024 1024 1 0 2
3 17 993 993 1 0 2
3 18 965 965 1 0 2
3 19 939 939 1 0 2
3 20 915 915 1 0 2
3 21 893 893 1 0 2
3 22 873 873 1 0 2
3 23 854 854 1 0 2
3 24 836 836 1 0 2
3 25 819 819 1 0 2
3 26 803 803 1 0 2
3 27 788 788 1 0 2
3 28 774 774 1 0 2
3 29 760 760 1 0 2
3 30 747 747 1 0 2
3 31 735 735 1 0 2
3 32 724 724 1 0 2
3 33 713 713 1 0 2
3 34 702 702 1 0 2
3 35 692 692 1 0 2
3 36 682 682 1 0 2
3 37 673 673 1 0 2
3 38 664 664 1 0 2
3 39 655 655 1 0 2
3 40 647 647 1 0 2
3 41 639 639 1 0 2
3 42 632 632 1 0 2
3 43 624 624 1 0 2
3 44 617 617 1 0 2
3 45 610 610 1 0 2
3 46 603 603 1 0 2
3 47 597 597 1 0 2
3 48 591 591 1 0 2
3 49 585 585 1 0 2
3 50 579 579 1 0 2
3 51 573 573 1 0 2
3 52 568 568 1 0 2
3 53 562 562 1 0 2
3 54 557 557 1 0 2
3 55 552 552 1 0 2
3 56 547 547 1 0 2
3 57 542 542 1 0 2
3 58 537 537 1 0 2
3 59 533 533 1 0 2
3 60 528 528 1 0 2
3 61 524 524 1 0 2
3 62 520 520 1 0 2
3 63 516 516 1 0 2
