[lmax] 0
[locp] 0
[rlocal] 1.0
[psp_type] 6


<CARTER>
al BLPS | nov-7-2007 | Vg=25.18 bohr^-1 | Coulombic tail starts@6.5 bohr | OscTailCut=5.582 | Al_swAll_NO2.mat files
      13.0000      3.0000    06112007    zatom,zion,pspd
     8     2     0     0     1601     0    pspcod,pspxc,lmax,lloc,mmax,r2well
     0    -1     0                        rchrg fchrg qchrg
     0     0     0     0     0    nproj
     0                            extension_switch
0
1      0.00000000    1.5613386023214708
2      0.01000000    1.5609120482094345
3      0.02000000    1.5596326378653460
4      0.03000000    1.5575011270806915
5      0.04000000    1.5545187748929721
6      0.05000000    1.5506873426638543
7      0.06000000    1.5460090927892174
8      0.07000000    1.5404867870423415
9      0.08000000    1.5341236845513480
10      0.09000000    1.5269235394120166
11      0.10000000    1.5188905979380456
12      0.11000000    1.5100295955503649
13      0.12000000    1.5003457533079330
14      0.13000000    1.4898447740821681
15      0.14000000    1.4785328383780099
16      0.15000000    1.4664165998043655
17      0.16000000    1.4535031801971412
18      0.17000000    1.4398001643984366
19      0.18000000    1.4253155946954532
20      0.19000000    1.4100579649232441
21      0.20000000    1.3940362142353007
22      0.21000000    1.3772597205466697
23      0.22000000    1.3597382936541378
24      0.23000000    1.3414821680384204
25      0.24000000    1.3225019953538142
26      0.25000000    1.3028088366103450
27      0.26000000    1.2824141540545364
28      0.27000000    1.2613298027543194
29      0.28000000    1.2395680218946536
30      0.29000000    1.2171414257898778
31      0.30000000    1.1940629946197601
32      0.31000000    1.1703460648959059
33      0.32000000    1.1460043196657250
34      0.33000000    1.1210517784612934
35      0.34000000    1.0955027870005858
36      0.35000000    1.0693720066489960
37      0.36000000    1.0426744036489695
38      0.37000000    1.0154252381261264
39      0.38000000    0.9876400528801582
40      0.39000000    0.9593346619691671
41      0.40000000    0.9305251390963951
42      0.41000000    0.9012278058080812
43      0.42000000    0.8714592195119966
44      0.43000000    0.8412361613257875
45      0.44000000    0.8105756237648862
46      0.45000000    0.7794947982796050
47      0.46000000    0.7480110626514896
48      0.47000000    0.7161419682588919
49      0.48000000    0.6839052272220678
50      0.49000000    0.6513186994381412
51      0.50000000    0.6184003795166291
52      0.51000000    0.5851683836259062
53      0.52000000    0.5516409362617374
54      0.53000000    0.5178363569484890
55      0.54000000    0.4837730468843334
56      0.55000000    0.4494694755412940
57      0.56000000    0.4149441672315711
58      0.57000000    0.3802156876513216
59      0.58000000    0.3453026304132914
60      0.59000000    0.3102236035798128
61      0.60000000    0.2749972162075540
62      0.61000000    0.2396420649156376
63      0.62000000    0.2041767204886376
64      0.63000000    0.1686197145260991
65      0.64000000    0.1329895261501876
66      0.65000000    0.0973045687829658
67      0.66000000    0.0615831770050769
68      0.67000000    0.0258435935072103
69      0.68000000    -0.0098960438539908
70      0.69000000    -0.0456177148841401
71      0.70000000    -0.0813035297519859
72      0.71000000    -0.1169357415516190
73      0.72000000    -0.1524967587147850
74      0.73000000    -0.1879691572619756
75      0.74000000    -0.2233356928814173
76      0.75000000    -0.2585793128248724
77      0.76000000    -0.2936831676094991
78      0.77000000    -0.3286306225151181
79      0.78000000    -0.3634052688663199
80      0.79000000    -0.3979909350891681
81      0.80000000    -0.4323716975322824
82      0.81000000    -0.4665318910423404
83      0.82000000    -0.5004561192843752
84      0.83000000    -0.5341292647971632
85      0.84000000    -0.5675364987746609
86      0.85000000    -0.6006632905642334
87      0.86000000    -0.6334954168729781
88      0.87000000    -0.6660189706738210
89      0.88000000    -0.6982203698028446
90      0.89000000    -0.7300863652401852
91      0.90000000    -0.7616040490667979
92      0.91000000    -0.7927608620897844
93      0.92000000    -0.8235446011293313
94      0.93000000    -0.8539434259606370
95      0.94000000    -0.8839458659045222
96      0.95000000    -0.9135408260608531
97      0.96000000    -0.9427175931791828
98      0.97000000    -0.9714658411614401
99      0.98000000    -0.9997756361918935
100      0.99000000    -1.0276374414899994
101      1.00000000    -1.0550421216820873
102      1.01000000    -1.0819809467884418
103      1.02000000    -1.1084455958223431
104      1.03000000    -1.1344281599986747
105      1.04000000    -1.1599211455494332
106      1.05000000    -1.1849174761444625
107      1.06000000    -1.2094104949159550
108      1.07000000    -1.2333939660855742
109      1.08000000    -1.2568620761937508
110      1.09000000    -1.2798094349310296
111      1.10000000    -1.3022310755716815
112      1.11000000    -1.3241224550105466
113      1.12000000    -1.3454794534041543
114      1.13000000    -1.3662983734179128
115      1.14000000    -1.3865759390815435
116      1.15000000    -1.4063092942551370
117      1.16000000    -1.4254960007091477
118      1.17000000    -1.4441340358215962
119      1.18000000    -1.4622217898965211
120      1.19000000    -1.4797580631079132
121      1.20000000    -1.4967420620741467
122      1.21000000    -1.5131733960679281
123      1.22000000    -1.5290520728674903
124      1.23000000    -1.5443784942552072
125      1.24000000    -1.5591534511698868
126      1.25000000    -1.5733781185199023
127      1.26000000    -1.5870540496642609
128      1.27000000    -1.6001831705693155
129      1.28000000    -1.6127677736491897
130      1.29000000    -1.6248105112984195
131      1.30000000    -1.6363143891253535
132      1.31000000    -1.6472827588957237
133      1.32000000    -1.6577193111955424
134      1.33000000    -1.6676280678234454
135      1.34000000    -1.6770133739221074
136      1.35000000    -1.6858798898595984
137      1.36000000    -1.6942325828709821
138      1.37000000    -1.7020767184711856
139      1.38000000    -1.7094178516503926
140      1.39000000    -1.7162618178633398
141      1.40000000    -1.7226147238239178
142      1.41000000    -1.7284829381173776
143      1.42000000    -1.7338730816416879
144      1.43000000    -1.7387920178905694
145      1.44000000    -1.7432468430903749
146      1.45000000    -1.7472448762033466
147      1.46000000    -1.7507936488099751
148      1.47000000    -1.7539008948829016
149      1.48000000    -1.7565745404654189
150      1.49000000    -1.7588226932673123
151      1.50000000    -1.7606536321909472
152      1.51000000    -1.7620757968004035
153      1.52000000    -1.7630977767469940
154      1.53000000    -1.7637283011636504
155      1.54000000    -1.7639762280411981
156      1.55000000    -1.7638505335997408
157      1.56000000    -1.7633603016673118
158      1.57000000    -1.7625147130791716
159      1.58000000    -1.7613230351098734
160      1.59000000    -1.7597946109508062
161      1.60000000    -1.7579388492456194
162      1.61000000    -1.7557652136955801
163      1.62000000    -1.7532832127471087
164      1.63000000    -1.7505023893731062
165      1.64000000    -1.7474323109599286
166      1.65000000    -1.7440825593113085
167      1.66000000    -1.7404627207804930
168      1.67000000    -1.7365823765415036
169      1.68000000    -1.7324510930101293
170      1.69000000    -1.7280784124251423
171      1.70000000    -1.7234738435997838
172      1.71000000    -1.7186468528533336
173      1.72000000    -1.7136068551321373
174      1.73000000    -1.7083632053292583
175      1.74000000    -1.7029251898116342
176      1.75000000    -1.6973020181630096
177      1.76000000    -1.6915028151506388
178      1.77000000    -1.6855366129237788
179      1.78000000    -1.6794123434506527
180      1.79000000    -1.6731388312014603
181      1.80000000    -1.6667247860832273
182      1.81000000    -1.6601787966330916
183      1.82000000    -1.6535093234752791
184      1.83000000    -1.6467246930472124
185      1.84000000    -1.6398330915993580
186      1.85000000    -1.6328425594732794
187      1.86000000    -1.6257609856616744
188      1.87000000    -1.6185961026539246
189      1.88000000    -1.6113554815701159
190      1.89000000    -1.6040465275860292
191      1.90000000    -1.5966764756513623
192      1.91000000    -1.5892523865026282
193      1.92000000    -1.5817811429720661
194      1.93000000    -1.5742694465933187
195      1.94000000    -1.5667238145040452
196      1.95000000    -1.5591505766455396
197      1.96000000    -1.5515558732586325
198      1.97000000    -1.5439456526748552
199      1.98000000    -1.5363256694015914
200      1.99000000    -1.5287014824991432
201      2.00000000    -1.5210784542475784
202      2.01000000    -1.5134617491006412
203      2.02000000    -1.5058563329235128
204      2.03000000    -1.4982669725112270
205      2.04000000    -1.4906982353834481
206      2.05000000    -1.4831544898518267
207      2.06000000    -1.4756399053548905
208      2.07000000    -1.4681584530558969
209      2.08000000    -1.4607139066980095
210      2.09000000    -1.4533098437113230
211      2.10000000    -1.4459496465659523
212      2.11000000    -1.4386365043643987
213      2.12000000    -1.4313734146673038
214      2.13000000    -1.4241631855452681
215      2.14000000    -1.4170084378498418
216      2.15000000    -1.4099116076963103
217      2.16000000    -1.4028749491507169
218      2.17000000    -1.3959005371133186
219      2.18000000    -1.3889902703904011
220      2.19000000    -1.3821458749463957
221      2.20000000    -1.3753689073278379
222      2.21000000    -1.3686607582506658
223      2.22000000    -1.3620226563421822
224      2.23000000    -1.3554556720290656
225      2.24000000    -1.3489607215622141
226      2.25000000    -1.3425385711697153
227      2.26000000    -1.3361898413288580
228      2.27000000    -1.3299150111479230
229      2.28000000    -1.3237144228486961
230      2.29000000    -1.3175882863405795
231      2.30000000    -1.3115366838769851
232      2.31000000    -1.3055595747849387
233      2.32000000    -1.2996568002586262
234      2.33000000    -1.2938280882078756
235      2.34000000    -1.2880730581524249
236      2.35000000    -1.2823912261530448
237      2.36000000    -1.2767820097705009
238      2.37000000    -1.2712447330436922
239      2.38000000    -1.2657786314781170
240      2.39000000    -1.2603828570362170
241      2.40000000    -1.2550564831210345
242      2.41000000    -1.2497985095451352
243      2.42000000    -1.2446078674763610
244      2.43000000    -1.2394834243528294
245      2.44000000    -1.2344239887591886
246      2.45000000    -1.2294283152567176
247      2.46000000    -1.2244951091599596
248      2.47000000    -1.2196230312526417
249      2.48000000    -1.2148107024363803
250      2.49000000    -1.2100567083049982
251      2.50000000    -1.2053596036387311
252      2.51000000    -1.2007179168116935
253      2.52000000    -1.1961301541069824
254      2.53000000    -1.1915948039340472
255      2.54000000    -1.1871103409426016
256      2.55000000    -1.1826752300285672
257      2.56000000    -1.1782879302269280
258      2.57000000    -1.1739468984874621
259      2.58000000    -1.1696505933290351
260      2.59000000    -1.1653974783685961
261      2.60000000    -1.1611860257216906
262      2.61000000    -1.1570147192709705
263      2.62000000    -1.1528820577999852
264      2.63000000    -1.1487865579898209
265      2.64000000    -1.1447267572760003
266      2.65000000    -1.1407012165640660
267      2.66000000    -1.1367085228020108
268      2.67000000    -1.1327472914082013
269      2.68000000    -1.1288161685539810
270      2.69000000    -1.1249138332999924
271      2.70000000    -1.1210389995860113
272      2.71000000    -1.1171904180739995
273      2.72000000    -1.1133668778446482
274      2.73000000    -1.1095672079478909
275      2.74000000    -1.1057902788079517
276      2.75000000    -1.1020350034841113
277      2.76000000    -1.0983003387884573
278      2.77000000    -1.0945852862619343
279      2.78000000    -1.0908888930107938
280      2.79000000    -1.0872102524052150
281      2.80000000    -1.0835485046425239
282      2.81000000    -1.0799028371773665
283      2.82000000    -1.0762724850217058
284      2.83000000    -1.0726567309174135
285      2.84000000    -1.0690549053847282
286      2.85000000    -1.0654663866496843
287      2.86000000    -1.0618906004542421
288      2.87000000    -1.0583270197526167
289      2.88000000    -1.0547751642976810
290      2.89000000    -1.0512346001213924
291      2.90000000    -1.0477049389133837
292      2.91000000    -1.0441858373018724
293      2.92000000    -1.0406769960414206
294      2.93000000    -1.0371781591116720
295      2.94000000    -1.0336891127319647
296      2.95000000    -1.0302096842961794
297      2.96000000    -1.0267397412327324
298      2.97000000    -1.0232791897941906
299      2.98000000    -1.0198279737816283
300      2.99000000    -1.0163860732083634
301      3.00000000    -1.0129535029078682
302      3.01000000    -1.0095303110910483
303      3.02000000    -1.0061165778574206
304      3.03000000    -1.0027124136651813
305      3.04000000    -0.9993179577651876
306      3.05000000    -0.9959333766033981
307      3.06000000    -0.9925588621967882
308      3.07000000    -0.9891946304873069
309      3.08000000    -0.9858409196787553
310      3.09000000    -0.9824979885609447
311      3.10000000    -0.9791661148259653
312      3.11000000    -0.9758455933807160
313      3.12000000    -0.9725367346603929
314      3.13000000    -0.9692398629468205
315      3.14000000    -0.9659553146961068
316      3.15000000    -0.9626834368794774
317      3.16000000    -0.9594245853412432
318      3.17000000    -0.9561791231776766
319      3.18000000    -0.9529474191404608
320      3.19000000    -0.9497298460681500
321      3.20000000    -0.9465267793491881
322      3.21000000    -0.9433385954193669
323      3.22000000    -0.9401656702970977
324      3.23000000    -0.9370083781591624
325      3.24000000    -0.9338670899597878
326      3.25000000    -0.9307421720955450
327      3.26000000    -0.9276339851184568
328      3.27000000    -0.9245428824995291
329      3.28000000    -0.9214692094448109
330      3.29000000    -0.9184133017656918
331      3.30000000    -0.9153754848053022
332      3.31000000    -0.9123560724223813
333      3.32000000    -0.9093553660339982
334      3.33000000    -0.9063736537183090
335      3.34000000    -0.9034112093782674
336      3.35000000    -0.9004682919670602
337      3.36000000    -0.8975451447760419
338      3.37000000    -0.8946419947854175
339      3.38000000    -0.8917590520780839
340      3.39000000    -0.8888965093167859
341      3.40000000    -0.8860545412843130
342      3.41000000    -0.8832333044867864
343      3.42000000    -0.8804329368195302
344      3.43000000    -0.8776535572949642
345      3.44000000    -0.8748952658319235
346      3.45000000    -0.8721581431056352
347      3.46000000    -0.8694422504571628
348      3.47000000    -0.8667476298615289
349      3.48000000    -0.8640743039529883
350      3.49000000    -0.8614222761063964
351      3.50000000    -0.8587915305728943
352      3.51000000    -0.8561820326686240
353      3.52000000    -0.8535937290145531
354      3.53000000    -0.8510265478257885
355      3.54000000    -0.8484803992483319
356      3.55000000    -0.8459551757415033
357      3.56000000    -0.8434507525037407
358      3.57000000    -0.8409669879399220
359      3.58000000    -0.8385037241678166
360      3.59000000    -0.8360607875614130
361      3.60000000    -0.8336379893289925
362      3.61000000    -0.8312351261234123
363      3.62000000    -0.8288519806823073
364      3.63000000    -0.8264883224957518
365      3.64000000    -0.8241439084988954
366      3.65000000    -0.8218184837872329
367      3.66000000    -0.8195117823518415
368      3.67000000    -0.8172235278322965
369      3.68000000    -0.8149534342846209
370      3.69000000    -0.8127012069618345
371      3.70000000    -0.8104665431047374
372      3.71000000    -0.8082491327403534
373      3.72000000    -0.8060486594856741
374      3.73000000    -0.8038648013543586
375      3.74000000    -0.8016972315639375
376      3.75000000    -0.7995456193413571
377      3.76000000    -0.7974096307245001
378      3.77000000    -0.7952889293575103
379      3.78000000    -0.7931831772778327
380      3.79000000    -0.7910920356928266
381      3.80000000    -0.7890151657439949
382      3.81000000    -0.7869522292568297
383      3.82000000    -0.7849028894744826
384      3.83000000    -0.7828668117734703
385      3.84000000    -0.7808436643596479
386      3.85000000    -0.7788331189429019
387      3.86000000    -0.7768348513890764
388      3.87000000    -0.7748485423475877
389      3.88000000    -0.7728738778534977
390      3.89000000    -0.7709105499027439
391      3.90000000    -0.7689582569994318
392      3.91000000    -0.7670167046740676
393      3.92000000    -0.7650856059719117
394      3.93000000    -0.7631646819104309
395      3.94000000    -0.7612536619053495
396      3.95000000    -0.7593522841644063
397      3.96000000    -0.7574602960484822
398      3.97000000    -0.7555774543994862
399      3.98000000    -0.7537035258348980
400      3.99000000    -0.7518382870084590
401      4.00000000    -0.7499815248371169
402      4.01000000    -0.7481330366940058
403      4.02000000    -0.7462926305676817
404      4.03000000    -0.7444601251876397
405      4.04000000    -0.7426353501164027
406      4.05000000    -0.7408181458085846
407      4.06000000    -0.7390083636372594
408      4.07000000    -0.7372058658882062
409      4.08000000    -0.7354105257226076
410      4.09000000    -0.7336222271088868
411      4.10000000    -0.7318408647244145
412      4.11000000    -0.7300663438279755
413      4.12000000    -0.7282985801037773
414      4.13000000    -0.7265374994780697
415      4.14000000    -0.7247830379093663
416      4.15000000    -0.7230351411533038
417      4.16000000    -0.7212937645033580
418      4.17000000    -0.7195588725085511
419      4.18000000    -0.7178304386693991
420      4.19000000    -0.7161084451133450
421      4.20000000    -0.7143928822511139
422      4.21000000    -0.7126837484151383
423      4.22000000    -0.7109810494816245
424      4.23000000    -0.7092847984775782
425      4.24000000    -0.7075950151741761
426      4.25000000    -0.7059117256680343
427      4.26000000    -0.7042349619517310
428      4.27000000    -0.7025647614750482
429      4.28000000    -0.7009011666985238
430      4.29000000    -0.6992442246405710
431      4.30000000    -0.6975939864198465
432      4.31000000    -0.6959505067941189
433      4.32000000    -0.6943138436972127
434      4.33000000    -0.6926840577754549
435      4.34000000    -0.6910612119248684
436      4.35000000    -0.6894453708307227
437      4.36000000    -0.6878366005105456
438      4.37000000    -0.6862349678621559
439      4.38000000    -0.6846405402178256
440      4.39000000    -0.6830533849058666
441      4.40000000    -0.6814735688208939
442      4.41000000    -0.6799011580039105
443      4.42000000    -0.6783362172332429
444      4.43000000    -0.6767788096275761
445      4.44000000    -0.6752289962618919
446      4.45000000    -0.6736868357974566
447      4.46000000    -0.6721523841267042
448      4.47000000    -0.6706256940337599
449      4.48000000    -0.6691068148716095
450      4.49000000    -0.6675957922564717
451      4.50000000    -0.6660926677801214
452      4.51000000    -0.6645974787407409
453      4.52000000    -0.6631102578929189
454      4.53000000    -0.6616310332171639
455      4.54000000    -0.6601598277094298
456      4.55000000    -0.6586966591910192
457      4.56000000    -0.6572415401390856
458      4.57000000    -0.6557944775380079
459      4.58000000    -0.6543554727517630
460      4.59000000    -0.6529245214174618
461      4.60000000    -0.6515016133599425
462      4.61000000    -0.6500867325275673
463      4.62000000    -0.6486798569489235
464      4.63000000    -0.6472809587105229
465      4.64000000    -0.6458900039549612
466      4.65000000    -0.6445069528996633
467      4.66000000    -0.6431317598754583
468      4.67000000    -0.6417643733849551
469      4.68000000    -0.6404047361800775
470      4.69000000    -0.6390527853583108
471      4.70000000    -0.6377084524771811
472      4.71000000    -0.6363716636862915
473      4.72000000    -0.6350423398763525
474      4.73000000    -0.6337203968445142
475      4.74000000    -0.6324057454752641
476      4.75000000    -0.6310982919361868
477      4.76000000    -0.6297979378877611
478      4.77000000    -0.6285045807063752
479      4.78000000    -0.6272181137197694
480      4.79000000    -0.6259384264539778
481      4.80000000    -0.6246654048908796
482      4.81000000    -0.6233989317354826
483      4.82000000    -0.6221388866919511
484      4.83000000    -0.6208851467475210
485      4.84000000    -0.6196375864631759
486      4.85000000    -0.6183960782703452
487      4.86000000    -0.6171604927723969
488      4.87000000    -0.6159306990502037
489      4.88000000    -0.6147065649705519
490      4.89000000    -0.6134879574966307
491      4.90000000    -0.6122747429995176
492      4.91000000    -0.6110667875696817
493      4.92000000    -0.6098639573276569
494      4.93000000    -0.6086661187328596
495      4.94000000    -0.6074731388896298
496      4.95000000    -0.6062848858496699
497      4.96000000    -0.6051012289099023
498      4.97000000    -0.6039220389049692
499      4.98000000    -0.6027471884934900
500      4.99000000    -0.6015765524372757
501      5.00000000    -0.6004100078727657
502      5.01000000    -0.5992474345738990
503      5.02000000    -0.5980887152057199
504      5.03000000    -0.5969337355680659
505      5.04000000    -0.5957823848286480
506      5.05000000    -0.5946345557450063
507      5.06000000    -0.5934901448746828
508      5.07000000    -0.5923490527731738
509      5.08000000    -0.5912111841791043
510      5.09000000    -0.5900764481862791
511      5.10000000    -0.5889447584021553
512      5.11000000    -0.5878160330923751
513      5.12000000    -0.5866901953111001
514      5.13000000    -0.5855671730169135
515      5.14000000    -0.5844468991739177
516      5.15000000    -0.5833293118381226
517      5.16000000    -0.5822143542287282
518      5.17000000    -0.5811019747844027
519      5.18000000    -0.5799921272044697
520      5.19000000    -0.5788847704750066
521      5.20000000    -0.5777798688799068
522      5.21000000    -0.5766773919970262
523      5.22000000    -0.5755773146795584
524      5.23000000    -0.5744796170227803
525      5.24000000    -0.5733842843164384
526      5.25000000    -0.5722913069830365
527      5.26000000    -0.5712006805022869
528      5.27000000    -0.5701124053221036
529      5.28000000    -0.5690264867565138
530      5.29000000    -0.5679429348708774
531      5.30000000    -0.5668617643548723
532      5.31000000    -0.5657829943836968
533      5.32000000    -0.5647066484680447
534      5.33000000    -0.5636327542933366
535      5.34000000    -0.5625613435487642
536      5.35000000    -0.5614924517467808
537      5.36000000    -0.5604261180335940
538      5.37000000    -0.5593623849912819
539      5.38000000    -0.5583012984322311
540      5.39000000    -0.5572429071864800
541      5.40000000    -0.5561872628827036
542      5.41000000    -0.5551344197234898
543      5.42000000    -0.5540844342556168
544      5.43000000    -0.5530373651360195
545      5.44000000    -0.5519932728941542
546      5.45000000    -0.5509522196915181
547      5.46000000    -0.5499142690789702
548      5.47000000    -0.5488794857525836
549      5.48000000    -0.5478479353087802
550      5.49000000    -0.5468196839994153
551      5.50000000    -0.5457947984875080
552      5.51000000    -0.5447733456043409
553      5.52000000    -0.5437553921085484
554      5.53000000    -0.5427410044479369
555      5.54000000    -0.5417302485246275
556      5.55000000    -0.5407231894641835
557      5.56000000    -0.5397198913893489
558      5.57000000    -0.5387204171989798
559      5.58000000    -0.5377248283527700
560      5.59000000    -0.5367331846622566
561      5.60000000    -0.5357455440888013
562      5.61000000    -0.5347619625488513
563      5.62000000    -0.5337824937271018
564      5.63000000    -0.5328071888979985
565      5.64000000    -0.5318360967559148
566      5.65000000    -0.5308692632545621
567      5.66000000    -0.5299067314558179
568      5.67000000    -0.5289485413884416
569      5.68000000    -0.5279947299169682
570      5.69000000    -0.5270453306209485
571      5.70000000    -0.5261003736849214
572      5.71000000    -0.5251598857992242
573      5.72000000    -0.5242238900718492
574      5.73000000    -0.5232924059514902
575      5.74000000    -0.5223654491618834
576      5.75000000    -0.5214430316475097
577      5.76000000    -0.5205251615307273
578      5.77000000    -0.5196118430802460
579      5.78000000    -0.5187030766911221
580      5.79000000    -0.5177988588759513
581      5.80000000    -0.5168991822673915
582      5.81000000    -0.5160040356317868
583      5.82000000    -0.5151134038937297
584      5.83000000    -0.5142272681714981
585      5.84000000    -0.5133456058229590
586      5.85000000    -0.5124683905019088
587      5.86000000    -0.5115955922244644
588      5.87000000    -0.5107271774452187
589      5.88000000    -0.5098631091428676
590      5.89000000    -0.5090033469149943
591      5.90000000    -0.5081478470815939
592      5.91000000    -0.5072965627969759
593      5.92000000    -0.5064494441696443
594      5.93000000    -0.5056064383897496
595      5.94000000    -0.5047674898636145
596      5.95000000    -0.5039325403549237
597      5.96000000    -0.5031015291321180
598      5.97000000    -0.5022743931214598
599      5.98000000    -0.5014510670653033
600      5.99000000    -0.5006314836850793
601      6.00000000    -0.4998155738484235
602      6.01000000    -0.4990032667400221
603      6.02000000    -0.4981944900355451
604      6.03000000    -0.4973891700781984
605      6.04000000    -0.4965872320573801
606      6.05000000    -0.4957886001888328
607      6.06000000    -0.4949931978958675
608      6.07000000    -0.4942009479910116
609      6.08000000    -0.4934117728576669
610      6.09000000    -0.4926255946312023
611      6.10000000    -0.4918423353789401
612      6.11000000    -0.4910619172786482
613      6.12000000    -0.4902842627948786
614      6.13000000    -0.4895092948528336
615      6.14000000    -0.4887369370091961
616      6.15000000    -0.4879671136194543
617      6.16000000    -0.4871997500013748
618      6.17000000    -0.4864347725940851
619      6.18000000    -0.4856721091124353
620      6.19000000    -0.4849116886962498
621      6.20000000    -0.4841534420540047
622      6.21000000    -0.4833973016007091
623      6.22000000    -0.4826432015895774
624      6.23000000    -0.4818910782371949
625      6.24000000    -0.4811408698418936
626      6.25000000    -0.4803925168951192
627      6.26000000    -0.4796459621854352
628      6.27000000    -0.4789011508950951
629      6.28000000    -0.4781580306888413
630      6.29000000    -0.4774165517948823
631      6.30000000    -0.4766766670778180
632      6.31000000    -0.4759383321034660
633      6.32000000    -0.4752015051954052
634      6.33000000    -0.4744661474832486
635      6.34000000    -0.4737322229425811
636      6.35000000    -0.4729996984264798
637      6.36000000    -0.4722685436887248
638      6.37000000    -0.4715387313986162
639      6.38000000    -0.4708102371475754
640      6.39000000    -0.4700830394474542
641      6.40000000    -0.4693571197208078
642      6.41000000    -0.4686324622831275
643      6.42000000    -0.4679090543172547
644      6.43000000    -0.4671868858401131
645      6.44000000    -0.4664659496618880
646      6.45000000    -0.4657462413380205
647      6.46000000    -0.4649646116855852
648      6.47000000    -0.4641841063365487
649      6.48000000    -0.4634050242026713
650      6.49000000    -0.4626276602171345
651      6.50000000    -0.4618523040832441
652      6.51000000    -0.4610792390690892
653      6.52000000    -0.4603087408521891
654      6.53000000    -0.4595410764180075
655      6.54000000    -0.4587765030158620
656      6.55000000    -0.4580152671755725
657      6.56000000    -0.4573170731707317
658      6.57000000    -0.4566210045662100
659      6.58000000    -0.4559270516717325
660      6.59000000    -0.4552352048558422
661      6.60000000    -0.4545454545454545
662      6.61000000    -0.4538577912254160
663      6.62000000    -0.4531722054380665
664      6.63000000    -0.4524886877828054
665      6.64000000    -0.4518072289156626
666      6.65000000    -0.4511278195488722
667      6.66000000    -0.4504504504504505
668      6.67000000    -0.4497751124437781
669      6.68000000    -0.4491017964071857
670      6.69000000    -0.4484304932735426
671      6.70000000    -0.4477611940298508
672      6.71000000    -0.4470938897168406
673      6.72000000    -0.4464285714285715
674      6.73000000    -0.4457652303120356
675      6.74000000    -0.4451038575667656
676      6.75000000    -0.4444444444444444
677      6.76000000    -0.4437869822485207
678      6.77000000    -0.4431314623338257
679      6.78000000    -0.4424778761061947
680      6.79000000    -0.4418262150220913
681      6.80000000    -0.4411764705882353
682      6.81000000    -0.4405286343612335
683      6.82000000    -0.4398826979472141
684      6.83000000    -0.4392386530014641
685      6.84000000    -0.4385964912280702
686      6.85000000    -0.4379562043795620
687      6.86000000    -0.4373177842565598
688      6.87000000    -0.4366812227074236
689      6.88000000    -0.4360465116279070
690      6.89000000    -0.4354136429608128
691      6.90000000    -0.4347826086956522
692      6.91000000    -0.4341534008683068
693      6.92000000    -0.4335260115606936
694      6.93000000    -0.4329004329004329
695      6.94000000    -0.4322766570605187
696      6.95000000    -0.4316546762589928
697      6.96000000    -0.4310344827586207
698      6.97000000    -0.4304160688665710
699      6.98000000    -0.4297994269340974
700      6.99000000    -0.4291845493562232
701      7.00000000    -0.4285714285714285
702      7.01000000    -0.4279600570613409
703      7.02000000    -0.4273504273504273
704      7.03000000    -0.4267425320056899
705      7.04000000    -0.4261363636363636
706      7.05000000    -0.4255319148936170
707      7.06000000    -0.4249291784702549
708      7.07000000    -0.4243281471004243
709      7.08000000    -0.4237288135593220
710      7.09000000    -0.4231311706629055
711      7.10000000    -0.4225352112676056
712      7.11000000    -0.4219409282700421
713      7.12000000    -0.4213483146067415
714      7.13000000    -0.4207573632538569
715      7.14000000    -0.4201680672268907
716      7.15000000    -0.4195804195804196
717      7.16000000    -0.4189944134078212
718      7.17000000    -0.4184100418410042
719      7.18000000    -0.4178272980501393
720      7.19000000    -0.4172461752433936
721      7.20000000    -0.4166666666666666
722      7.21000000    -0.4160887656033287
723      7.22000000    -0.4155124653739612
724      7.23000000    -0.4149377593360996
725      7.24000000    -0.4143646408839779
726      7.25000000    -0.4137931034482759
727      7.26000000    -0.4132231404958678
728      7.27000000    -0.4126547455295735
729      7.28000000    -0.4120879120879121
730      7.29000000    -0.4115226337448560
731      7.30000000    -0.4109589041095891
732      7.31000000    -0.4103967168262654
733      7.32000000    -0.4098360655737705
734      7.33000000    -0.4092769440654843
735      7.34000000    -0.4087193460490463
736      7.35000000    -0.4081632653061224
737      7.36000000    -0.4076086956521739
738      7.37000000    -0.4070556309362279
739      7.38000000    -0.4065040650406504
740      7.39000000    -0.4059539918809201
741      7.40000000    -0.4054054054054054
742      7.41000000    -0.4048582995951417
743      7.42000000    -0.4043126684636119
744      7.43000000    -0.4037685060565276
745      7.44000000    -0.4032258064516129
746      7.45000000    -0.4026845637583892
747      7.46000000    -0.4021447721179625
748      7.47000000    -0.4016064257028112
749      7.48000000    -0.4010695187165775
750      7.49000000    -0.4005340453938585
751      7.50000000    -0.4000000000000000
752      7.51000000    -0.3994673768308922
753      7.52000000    -0.3989361702127660
754      7.53000000    -0.3984063745019920
755      7.54000000    -0.3978779840848806
756      7.55000000    -0.3973509933774835
757      7.56000000    -0.3968253968253968
758      7.57000000    -0.3963011889035667
759      7.58000000    -0.3957783641160950
760      7.59000000    -0.3952569169960474
761      7.60000000    -0.3947368421052631
762      7.61000000    -0.3942181340341656
763      7.62000000    -0.3937007874015748
764      7.63000000    -0.3931847968545216
765      7.64000000    -0.3926701570680628
766      7.65000000    -0.3921568627450980
767      7.66000000    -0.3916449086161880
768      7.67000000    -0.3911342894393742
769      7.68000000    -0.3906250000000000
770      7.69000000    -0.3901170351105331
771      7.70000000    -0.3896103896103896
772      7.71000000    -0.3891050583657588
773      7.72000000    -0.3886010362694300
774      7.73000000    -0.3880983182406209
775      7.74000000    -0.3875968992248062
776      7.75000000    -0.3870967741935484
777      7.76000000    -0.3865979381443299
778      7.77000000    -0.3861003861003861
779      7.78000000    -0.3856041131105398
780      7.79000000    -0.3851091142490372
781      7.80000000    -0.3846153846153846
782      7.81000000    -0.3841229193341869
783      7.82000000    -0.3836317135549872
784      7.83000000    -0.3831417624521073
785      7.84000000    -0.3826530612244898
786      7.85000000    -0.3821656050955414
787      7.86000000    -0.3816793893129771
788      7.87000000    -0.3811944091486658
789      7.88000000    -0.3807106598984772
790      7.89000000    -0.3802281368821293
791      7.90000000    -0.3797468354430379
792      7.91000000    -0.3792667509481669
793      7.92000000    -0.3787878787878788
794      7.93000000    -0.3783102143757881
795      7.94000000    -0.3778337531486146
796      7.95000000    -0.3773584905660377
797      7.96000000    -0.3768844221105528
798      7.97000000    -0.3764115432873275
799      7.98000000    -0.3759398496240601
800      7.99000000    -0.3754693366708385
801      8.00000000    -0.3750000000000000
802      8.01000000    -0.3745318352059925
803      8.02000000    -0.3740648379052369
804      8.03000000    -0.3735990037359900
805      8.04000000    -0.3731343283582090
806      8.05000000    -0.3726708074534161
807      8.06000000    -0.3722084367245658
808      8.07000000    -0.3717472118959108
809      8.08000000    -0.3712871287128713
810      8.09000000    -0.3708281829419036
811      8.10000000    -0.3703703703703704
812      8.11000000    -0.3699136868064118
813      8.12000000    -0.3694581280788177
814      8.13000000    -0.3690036900369004
815      8.14000000    -0.3685503685503685
816      8.15000000    -0.3680981595092025
817      8.16000000    -0.3676470588235294
818      8.17000000    -0.3671970624235006
819      8.18000000    -0.3667481662591687
820      8.19000000    -0.3663003663003663
821      8.20000000    -0.3658536585365854
822      8.21000000    -0.3654080389768575
823      8.22000000    -0.3649635036496351
824      8.23000000    -0.3645200486026731
825      8.24000000    -0.3640776699029126
826      8.25000000    -0.3636363636363636
827      8.26000000    -0.3631961259079903
828      8.27000000    -0.3627569528415961
829      8.28000000    -0.3623188405797101
830      8.29000000    -0.3618817852834741
831      8.30000000    -0.3614457831325301
832      8.31000000    -0.3610108303249098
833      8.32000000    -0.3605769230769231
834      8.33000000    -0.3601440576230492
835      8.34000000    -0.3597122302158273
836      8.35000000    -0.3592814371257485
837      8.36000000    -0.3588516746411484
838      8.37000000    -0.3584229390681003
839      8.38000000    -0.3579952267303103
840      8.39000000    -0.3575685339690107
841      8.40000000    -0.3571428571428572
842      8.41000000    -0.3567181926278240
843      8.42000000    -0.3562945368171022
844      8.43000000    -0.3558718861209965
845      8.44000000    -0.3554502369668247
846      8.45000000    -0.3550295857988166
847      8.46000000    -0.3546099290780141
848      8.47000000    -0.3541912632821724
849      8.48000000    -0.3537735849056604
850      8.49000000    -0.3533568904593640
851      8.50000000    -0.3529411764705883
852      8.51000000    -0.3525264394829613
853      8.52000000    -0.3521126760563381
854      8.53000000    -0.3516998827667057
855      8.54000000    -0.3512880562060890
856      8.55000000    -0.3508771929824561
857      8.56000000    -0.3504672897196262
858      8.57000000    -0.3500583430571762
859      8.58000000    -0.3496503496503496
860      8.59000000    -0.3492433061699651
861      8.60000000    -0.3488372093023256
862      8.61000000    -0.3484320557491289
863      8.62000000    -0.3480278422273781
864      8.63000000    -0.3476245654692932
865      8.64000000    -0.3472222222222222
866      8.65000000    -0.3468208092485550
867      8.66000000    -0.3464203233256351
868      8.67000000    -0.3460207612456748
869      8.68000000    -0.3456221198156682
870      8.69000000    -0.3452243958573072
871      8.70000000    -0.3448275862068966
872      8.71000000    -0.3444316877152698
873      8.72000000    -0.3440366972477065
874      8.73000000    -0.3436426116838488
875      8.74000000    -0.3432494279176201
876      8.75000000    -0.3428571428571429
877      8.76000000    -0.3424657534246575
878      8.77000000    -0.3420752565564424
879      8.78000000    -0.3416856492027334
880      8.79000000    -0.3412969283276451
881      8.80000000    -0.3409090909090909
882      8.81000000    -0.3405221339387061
883      8.82000000    -0.3401360544217687
884      8.83000000    -0.3397508493771235
885      8.84000000    -0.3393665158371041
886      8.85000000    -0.3389830508474577
887      8.86000000    -0.3386004514672686
888      8.87000000    -0.3382187147688838
889      8.88000000    -0.3378378378378379
890      8.89000000    -0.3374578177727784
891      8.90000000    -0.3370786516853933
892      8.91000000    -0.3367003367003367
893      8.92000000    -0.3363228699551570
894      8.93000000    -0.3359462486002240
895      8.94000000    -0.3355704697986577
896      8.95000000    -0.3351955307262570
897      8.96000000    -0.3348214285714285
898      8.97000000    -0.3344481605351171
899      8.98000000    -0.3340757238307350
900      8.99000000    -0.3337041156840934
901      9.00000000    -0.3333333333333333
902      9.01000000    -0.3329633740288568
903      9.02000000    -0.3325942350332595
904      9.03000000    -0.3322259136212624
905      9.04000000    -0.3318584070796460
906      9.05000000    -0.3314917127071823
907      9.06000000    -0.3311258278145696
908      9.07000000    -0.3307607497243660
909      9.08000000    -0.3303964757709251
910      9.09000000    -0.3300330033003300
911      9.10000000    -0.3296703296703297
912      9.11000000    -0.3293084522502744
913      9.12000000    -0.3289473684210526
914      9.13000000    -0.3285870755750274
915      9.14000000    -0.3282275711159737
916      9.15000000    -0.3278688524590164
917      9.16000000    -0.3275109170305677
918      9.17000000    -0.3271537622682661
919      9.18000000    -0.3267973856209150
920      9.19000000    -0.3264417845484222
921      9.20000000    -0.3260869565217391
922      9.21000000    -0.3257328990228013
923      9.22000000    -0.3253796095444686
924      9.23000000    -0.3250270855904658
925      9.24000000    -0.3246753246753247
926      9.25000000    -0.3243243243243243
927      9.26000000    -0.3239740820734341
928      9.27000000    -0.3236245954692557
929      9.28000000    -0.3232758620689655
930      9.29000000    -0.3229278794402584
931      9.30000000    -0.3225806451612903
932      9.31000000    -0.3222341568206230
933      9.32000000    -0.3218884120171674
934      9.33000000    -0.3215434083601286
935      9.34000000    -0.3211991434689507
936      9.35000000    -0.3208556149732620
937      9.36000000    -0.3205128205128205
938      9.37000000    -0.3201707577374600
939      9.38000000    -0.3198294243070363
940      9.39000000    -0.3194888178913738
941      9.40000000    -0.3191489361702128
942      9.41000000    -0.3188097768331562
943      9.42000000    -0.3184713375796178
944      9.43000000    -0.3181336161187699
945      9.44000000    -0.3177966101694916
946      9.45000000    -0.3174603174603175
947      9.46000000    -0.3171247357293869
948      9.47000000    -0.3167898627243929
949      9.48000000    -0.3164556962025316
950      9.49000000    -0.3161222339304531
951      9.50000000    -0.3157894736842105
952      9.51000000    -0.3154574132492113
953      9.52000000    -0.3151260504201681
954      9.53000000    -0.3147953830010493
955      9.54000000    -0.3144654088050315
956      9.55000000    -0.3141361256544503
957      9.56000000    -0.3138075313807532
958      9.57000000    -0.3134796238244514
959      9.58000000    -0.3131524008350731
960      9.59000000    -0.3128258602711158
961      9.60000000    -0.3125000000000000
962      9.61000000    -0.3121748178980229
963      9.62000000    -0.3118503118503118
964      9.63000000    -0.3115264797507789
965      9.64000000    -0.3112033195020747
966      9.65000000    -0.3108808290155441
967      9.66000000    -0.3105590062111801
968      9.67000000    -0.3102378490175802
969      9.68000000    -0.3099173553719008
970      9.69000000    -0.3095975232198143
971      9.70000000    -0.3092783505154639
972      9.71000000    -0.3089598352214212
973      9.72000000    -0.3086419753086420
974      9.73000000    -0.3083247687564234
975      9.74000000    -0.3080082135523614
976      9.75000000    -0.3076923076923077
977      9.76000000    -0.3073770491803279
978      9.77000000    -0.3070624360286592
979      9.78000000    -0.3067484662576687
980      9.79000000    -0.3064351378958121
981      9.80000000    -0.3061224489795918
982      9.81000000    -0.3058103975535169
983      9.82000000    -0.3054989816700611
984      9.83000000    -0.3051881993896236
985      9.84000000    -0.3048780487804878
986      9.85000000    -0.3045685279187818
987      9.86000000    -0.3042596348884382
988      9.87000000    -0.3039513677811550
989      9.88000000    -0.3036437246963563
990      9.89000000    -0.3033367037411527
991      9.90000000    -0.3030303030303031
992      9.91000000    -0.3027245206861756
993      9.92000000    -0.3024193548387097
994      9.93000000    -0.3021148036253776
995      9.94000000    -0.3018108651911469
996      9.95000000    -0.3015075376884422
997      9.96000000    -0.3012048192771084
998      9.97000000    -0.3009027081243731
999      9.98000000    -0.3006012024048096
1000      9.99000000    -0.3003003003003003
1001     10.00000000    -0.3000000000000000
1002     10.01000000    -0.2997002997002997
1003     10.02000000    -0.2994011976047904
1004     10.03000000    -0.2991026919242273
1005     10.04000000    -0.2988047808764940
1006     10.05000000    -0.2985074626865671
1007     10.06000000    -0.2982107355864811
1008     10.07000000    -0.2979145978152929
1009     10.08000000    -0.2976190476190476
1010     10.09000000    -0.2973240832507433
1011     10.10000000    -0.2970297029702970
1012     10.11000000    -0.2967359050445104
1013     10.12000000    -0.2964426877470355
1014     10.13000000    -0.2961500493583416
1015     10.14000000    -0.2958579881656804
1016     10.15000000    -0.2955665024630542
1017     10.16000000    -0.2952755905511811
1018     10.17000000    -0.2949852507374631
1019     10.18000000    -0.2946954813359529
1020     10.19000000    -0.2944062806673209
1021     10.20000000    -0.2941176470588235
1022     10.21000000    -0.2938295788442703
1023     10.22000000    -0.2935420743639922
1024     10.23000000    -0.2932551319648093
1025     10.24000000    -0.2929687500000000
1026     10.25000000    -0.2926829268292683
1027     10.26000000    -0.2923976608187134
1028     10.27000000    -0.2921129503407984
1029     10.28000000    -0.2918287937743190
1030     10.29000000    -0.2915451895043732
1031     10.30000000    -0.2912621359223301
1032     10.31000000    -0.2909796314258002
1033     10.32000000    -0.2906976744186047
1034     10.33000000    -0.2904162633107454
1035     10.34000000    -0.2901353965183752
1036     10.35000000    -0.2898550724637681
1037     10.36000000    -0.2895752895752896
1038     10.37000000    -0.2892960462873674
1039     10.38000000    -0.2890173410404624
1040     10.39000000    -0.2887391722810395
1041     10.40000000    -0.2884615384615385
1042     10.41000000    -0.2881844380403458
1043     10.42000000    -0.2879078694817658
1044     10.43000000    -0.2876318312559923
1045     10.44000000    -0.2873563218390805
1046     10.45000000    -0.2870813397129187
1047     10.46000000    -0.2868068833652007
1048     10.47000000    -0.2865329512893983
1049     10.48000000    -0.2862595419847328
1050     10.49000000    -0.2859866539561487
1051     10.50000000    -0.2857142857142857
1052     10.51000000    -0.2854424357754520
1053     10.52000000    -0.2851711026615970
1054     10.53000000    -0.2849002849002849
1055     10.54000000    -0.2846299810246680
1056     10.55000000    -0.2843601895734597
1057     10.56000000    -0.2840909090909091
1058     10.57000000    -0.2838221381267739
1059     10.58000000    -0.2835538752362949
1060     10.59000000    -0.2832861189801700
1061     10.60000000    -0.2830188679245283
1062     10.61000000    -0.2827521206409048
1063     10.62000000    -0.2824858757062146
1064     10.63000000    -0.2822201317027281
1065     10.64000000    -0.2819548872180451
1066     10.65000000    -0.2816901408450704
1067     10.66000000    -0.2814258911819887
1068     10.67000000    -0.2811621368322400
1069     10.68000000    -0.2808988764044944
1070     10.69000000    -0.2806361085126287
1071     10.70000000    -0.2803738317757010
1072     10.71000000    -0.2801120448179272
1073     10.72000000    -0.2798507462686567
1074     10.73000000    -0.2795899347623486
1075     10.74000000    -0.2793296089385475
1076     10.75000000    -0.2790697674418605
1077     10.76000000    -0.2788104089219331
1078     10.77000000    -0.2785515320334262
1079     10.78000000    -0.2782931354359925
1080     10.79000000    -0.2780352177942539
1081     10.80000000    -0.2777777777777777
1082     10.81000000    -0.2775208140610546
1083     10.82000000    -0.2772643253234751
1084     10.83000000    -0.2770083102493075
1085     10.84000000    -0.2767527675276753
1086     10.85000000    -0.2764976958525346
1087     10.86000000    -0.2762430939226519
1088     10.87000000    -0.2759889604415823
1089     10.88000000    -0.2757352941176471
1090     10.89000000    -0.2754820936639119
1091     10.90000000    -0.2752293577981652
1092     10.91000000    -0.2749770852428964
1093     10.92000000    -0.2747252747252747
1094     10.93000000    -0.2744739249771272
1095     10.94000000    -0.2742230347349178
1096     10.95000000    -0.2739726027397261
1097     10.96000000    -0.2737226277372263
1098     10.97000000    -0.2734731084776664
1099     10.98000000    -0.2732240437158470
1100     10.99000000    -0.2729754322111010
1101     11.00000000    -0.2727272727272727
1102     11.01000000    -0.2724795640326976
1103     11.02000000    -0.2722323049001815
1104     11.03000000    -0.2719854941069809
1105     11.04000000    -0.2717391304347826
1106     11.05000000    -0.2714932126696832
1107     11.06000000    -0.2712477396021700
1108     11.07000000    -0.2710027100271002
1109     11.08000000    -0.2707581227436823
1110     11.09000000    -0.2705139765554554
1111     11.10000000    -0.2702702702702703
1112     11.11000000    -0.2700270027002700
1113     11.12000000    -0.2697841726618705
1114     11.13000000    -0.2695417789757413
1115     11.14000000    -0.2692998204667864
1116     11.15000000    -0.2690582959641256
1117     11.16000000    -0.2688172043010753
1118     11.17000000    -0.2685765443151298
1119     11.18000000    -0.2683363148479427
1120     11.19000000    -0.2680965147453083
1121     11.20000000    -0.2678571428571428
1122     11.21000000    -0.2676181980374665
1123     11.22000000    -0.2673796791443850
1124     11.23000000    -0.2671415850400712
1125     11.24000000    -0.2669039145907473
1126     11.25000000    -0.2666666666666667
1127     11.26000000    -0.2664298401420959
1128     11.27000000    -0.2661934338952973
1129     11.28000000    -0.2659574468085106
1130     11.29000000    -0.2657218777679363
1131     11.30000000    -0.2654867256637168
1132     11.31000000    -0.2652519893899205
1133     11.32000000    -0.2650176678445230
1134     11.33000000    -0.2647837599293910
1135     11.34000000    -0.2645502645502645
1136     11.35000000    -0.2643171806167401
1137     11.36000000    -0.2640845070422536
1138     11.37000000    -0.2638522427440633
1139     11.38000000    -0.2636203866432338
1140     11.39000000    -0.2633889376646181
1141     11.40000000    -0.2631578947368421
1142     11.41000000    -0.2629272567922875
1143     11.42000000    -0.2626970227670753
1144     11.43000000    -0.2624671916010499
1145     11.44000000    -0.2622377622377622
1146     11.45000000    -0.2620087336244541
1147     11.46000000    -0.2617801047120419
1148     11.47000000    -0.2615518744551003
1149     11.48000000    -0.2613240418118467
1150     11.49000000    -0.2610966057441253
1151     11.50000000    -0.2608695652173913
1152     11.51000000    -0.2606429192006950
1153     11.52000000    -0.2604166666666667
1154     11.53000000    -0.2601908065915004
1155     11.54000000    -0.2599653379549394
1156     11.55000000    -0.2597402597402597
1157     11.56000000    -0.2595155709342561
1158     11.57000000    -0.2592912705272256
1159     11.58000000    -0.2590673575129533
1160     11.59000000    -0.2588438308886972
1161     11.60000000    -0.2586206896551724
1162     11.61000000    -0.2583979328165375
1163     11.62000000    -0.2581755593803786
1164     11.63000000    -0.2579535683576956
1165     11.64000000    -0.2577319587628866
1166     11.65000000    -0.2575107296137339
1167     11.66000000    -0.2572898799313894
1168     11.67000000    -0.2570694087403599
1169     11.68000000    -0.2568493150684932
1170     11.69000000    -0.2566295979469632
1171     11.70000000    -0.2564102564102564
1172     11.71000000    -0.2561912894961571
1173     11.72000000    -0.2559726962457338
1174     11.73000000    -0.2557544757033248
1175     11.74000000    -0.2555366269165247
1176     11.75000000    -0.2553191489361702
1177     11.76000000    -0.2551020408163265
1178     11.77000000    -0.2548853016142736
1179     11.78000000    -0.2546689303904923
1180     11.79000000    -0.2544529262086514
1181     11.80000000    -0.2542372881355932
1182     11.81000000    -0.2540220152413210
1183     11.82000000    -0.2538071065989848
1184     11.83000000    -0.2535925612848690
1185     11.84000000    -0.2533783783783784
1186     11.85000000    -0.2531645569620253
1187     11.86000000    -0.2529510961214165
1188     11.87000000    -0.2527379949452401
1189     11.88000000    -0.2525252525252525
1190     11.89000000    -0.2523128679562658
1191     11.90000000    -0.2521008403361344
1192     11.91000000    -0.2518891687657431
1193     11.92000000    -0.2516778523489933
1194     11.93000000    -0.2514668901927913
1195     11.94000000    -0.2512562814070352
1196     11.95000000    -0.2510460251046025
1197     11.96000000    -0.2508361204013378
1198     11.97000000    -0.2506265664160401
1199     11.98000000    -0.2504173622704507
1200     11.99000000    -0.2502085070892410
1201     12.00000000    -0.2500000000000000
1202     12.01000000    -0.2497918401332223
1203     12.02000000    -0.2495840266222962
1204     12.03000000    -0.2493765586034913
1205     12.04000000    -0.2491694352159469
1206     12.05000000    -0.2489626556016597
1207     12.06000000    -0.2487562189054726
1208     12.07000000    -0.2485501242750621
1209     12.08000000    -0.2483443708609271
1210     12.09000000    -0.2481389578163772
1211     12.10000000    -0.2479338842975207
1212     12.11000000    -0.2477291494632535
1213     12.12000000    -0.2475247524752475
1214     12.13000000    -0.2473206924979390
1215     12.14000000    -0.2471169686985173
1216     12.15000000    -0.2469135802469136
1217     12.16000000    -0.2467105263157895
1218     12.17000000    -0.2465078060805259
1219     12.18000000    -0.2463054187192118
1220     12.19000000    -0.2461033634126333
1221     12.20000000    -0.2459016393442623
1222     12.21000000    -0.2457002457002457
1223     12.22000000    -0.2454991816693945
1224     12.23000000    -0.2452984464431725
1225     12.24000000    -0.2450980392156863
1226     12.25000000    -0.2448979591836735
1227     12.26000000    -0.2446982055464927
1228     12.27000000    -0.2444987775061125
1229     12.28000000    -0.2442996742671010
1230     12.29000000    -0.2441008950366151
1231     12.30000000    -0.2439024390243902
1232     12.31000000    -0.2437043054427295
1233     12.32000000    -0.2435064935064935
1234     12.33000000    -0.2433090024330900
1235     12.34000000    -0.2431118314424635
1236     12.35000000    -0.2429149797570850
1237     12.36000000    -0.2427184466019418
1238     12.37000000    -0.2425222312045271
1239     12.38000000    -0.2423263327948304
1240     12.39000000    -0.2421307506053269
1241     12.40000000    -0.2419354838709677
1242     12.41000000    -0.2417405318291700
1243     12.42000000    -0.2415458937198068
1244     12.43000000    -0.2413515687851971
1245     12.44000000    -0.2411575562700965
1246     12.45000000    -0.2409638554216868
1247     12.46000000    -0.2407704654895666
1248     12.47000000    -0.2405773857257418
1249     12.48000000    -0.2403846153846154
1250     12.49000000    -0.2401921537229784
1251     12.50000000    -0.2400000000000000
1252     12.51000000    -0.2398081534772182
1253     12.52000000    -0.2396166134185304
1254     12.53000000    -0.2394253790901836
1255     12.54000000    -0.2392344497607656
1256     12.55000000    -0.2390438247011952
1257     12.56000000    -0.2388535031847134
1258     12.57000000    -0.2386634844868735
1259     12.58000000    -0.2384737678855326
1260     12.59000000    -0.2382843526608419
1261     12.60000000    -0.2380952380952381
1262     12.61000000    -0.2379064234734338
1263     12.62000000    -0.2377179080824089
1264     12.63000000    -0.2375296912114014
1265     12.64000000    -0.2373417721518987
1266     12.65000000    -0.2371541501976284
1267     12.66000000    -0.2369668246445498
1268     12.67000000    -0.2367797947908445
1269     12.68000000    -0.2365930599369085
1270     12.69000000    -0.2364066193853428
1271     12.70000000    -0.2362204724409449
1272     12.71000000    -0.2360346184107002
1273     12.72000000    -0.2358490566037736
1274     12.73000000    -0.2356637863315004
1275     12.74000000    -0.2354788069073783
1276     12.75000000    -0.2352941176470588
1277     12.76000000    -0.2351097178683386
1278     12.77000000    -0.2349256068911511
1279     12.78000000    -0.2347417840375587
1280     12.79000000    -0.2345582486317436
1281     12.80000000    -0.2343750000000000
1282     12.81000000    -0.2341920374707260
1283     12.82000000    -0.2340093603744150
1284     12.83000000    -0.2338269680436477
1285     12.84000000    -0.2336448598130841
1286     12.85000000    -0.2334630350194553
1287     12.86000000    -0.2332814930015552
1288     12.87000000    -0.2331002331002331
1289     12.88000000    -0.2329192546583851
1290     12.89000000    -0.2327385570209465
1291     12.90000000    -0.2325581395348837
1292     12.91000000    -0.2323780015491867
1293     12.92000000    -0.2321981424148607
1294     12.93000000    -0.2320185614849188
1295     12.94000000    -0.2318392581143740
1296     12.95000000    -0.2316602316602317
1297     12.96000000    -0.2314814814814815
1298     12.97000000    -0.2313030069390902
1299     12.98000000    -0.2311248073959938
1300     12.99000000    -0.2309468822170901
1301     13.00000000    -0.2307692307692308
1302     13.01000000    -0.2305918524212145
1303     13.02000000    -0.2304147465437788
1304     13.03000000    -0.2302379125095932
1305     13.04000000    -0.2300613496932515
1306     13.05000000    -0.2298850574712644
1307     13.06000000    -0.2297090352220520
1308     13.07000000    -0.2295332823259373
1309     13.08000000    -0.2293577981651376
1310     13.09000000    -0.2291825821237586
1311     13.10000000    -0.2290076335877863
1312     13.11000000    -0.2288329519450801
1313     13.12000000    -0.2286585365853658
1314     13.13000000    -0.2284843869002285
1315     13.14000000    -0.2283105022831050
1316     13.15000000    -0.2281368821292776
1317     13.16000000    -0.2279635258358663
1318     13.17000000    -0.2277904328018223
1319     13.18000000    -0.2276176024279211
1320     13.19000000    -0.2274450341167551
1321     13.20000000    -0.2272727272727273
1322     13.21000000    -0.2271006813020439
1323     13.22000000    -0.2269288956127080
1324     13.23000000    -0.2267573696145125
1325     13.24000000    -0.2265861027190332
1326     13.25000000    -0.2264150943396226
1327     13.26000000    -0.2262443438914027
1328     13.27000000    -0.2260738507912585
1329     13.28000000    -0.2259036144578313
1330     13.29000000    -0.2257336343115124
1331     13.30000000    -0.2255639097744361
1332     13.31000000    -0.2253944402704733
1333     13.32000000    -0.2252252252252252
1334     13.33000000    -0.2250562640660165
1335     13.34000000    -0.2248875562218891
1336     13.35000000    -0.2247191011235955
1337     13.36000000    -0.2245508982035928
1338     13.37000000    -0.2243829468960359
1339     13.38000000    -0.2242152466367713
1340     13.39000000    -0.2240477968633308
1341     13.40000000    -0.2238805970149254
1342     13.41000000    -0.2237136465324385
1343     13.42000000    -0.2235469448584203
1344     13.43000000    -0.2233804914370812
1345     13.44000000    -0.2232142857142857
1346     13.45000000    -0.2230483271375465
1347     13.46000000    -0.2228826151560178
1348     13.47000000    -0.2227171492204900
1349     13.48000000    -0.2225519287833828
1350     13.49000000    -0.2223869532987398
1351     13.50000000    -0.2222222222222222
1352     13.51000000    -0.2220577350111029
1353     13.52000000    -0.2218934911242604
1354     13.53000000    -0.2217294900221730
1355     13.54000000    -0.2215657311669129
1356     13.55000000    -0.2214022140221402
1357     13.56000000    -0.2212389380530973
1358     13.57000000    -0.2210759027266028
1359     13.58000000    -0.2209131075110456
1360     13.59000000    -0.2207505518763797
1361     13.60000000    -0.2205882352941176
1362     13.61000000    -0.2204261572373255
1363     13.62000000    -0.2202643171806167
1364     13.63000000    -0.2201027146001467
1365     13.64000000    -0.2199413489736070
1366     13.65000000    -0.2197802197802198
1367     13.66000000    -0.2196193265007321
1368     13.67000000    -0.2194586686174104
1369     13.68000000    -0.2192982456140351
1370     13.69000000    -0.2191380569758948
1371     13.70000000    -0.2189781021897810
1372     13.71000000    -0.2188183807439825
1373     13.72000000    -0.2186588921282799
1374     13.73000000    -0.2184996358339403
1375     13.74000000    -0.2183406113537118
1376     13.75000000    -0.2181818181818182
1377     13.76000000    -0.2180232558139535
1378     13.77000000    -0.2178649237472767
1379     13.78000000    -0.2177068214804064
1380     13.79000000    -0.2175489485134155
1381     13.80000000    -0.2173913043478261
1382     13.81000000    -0.2172338884866039
1383     13.82000000    -0.2170767004341534
1384     13.83000000    -0.2169197396963124
1385     13.84000000    -0.2167630057803468
1386     13.85000000    -0.2166064981949458
1387     13.86000000    -0.2164502164502164
1388     13.87000000    -0.2162941600576784
1389     13.88000000    -0.2161383285302594
1390     13.89000000    -0.2159827213822894
1391     13.90000000    -0.2158273381294964
1392     13.91000000    -0.2156721782890007
1393     13.92000000    -0.2155172413793104
1394     13.93000000    -0.2153625269203159
1395     13.94000000    -0.2152080344332855
1396     13.95000000    -0.2150537634408602
1397     13.96000000    -0.2148997134670487
1398     13.97000000    -0.2147458840372226
1399     13.98000000    -0.2145922746781116
1400     13.99000000    -0.2144388849177984
1401     14.00000000    -0.2142857142857143
1402     14.01000000    -0.2141327623126338
1403     14.02000000    -0.2139800285306705
1404     14.03000000    -0.2138275124732716
1405     14.04000000    -0.2136752136752137
1406     14.05000000    -0.2135231316725978
1407     14.06000000    -0.2133712660028450
1408     14.07000000    -0.2132196162046908
1409     14.08000000    -0.2130681818181818
1410     14.09000000    -0.2129169623846700
1411     14.10000000    -0.2127659574468085
1412     14.11000000    -0.2126151665485471
1413     14.12000000    -0.2124645892351275
1414     14.13000000    -0.2123142250530786
1415     14.14000000    -0.2121640735502122
1416     14.15000000    -0.2120141342756184
1417     14.16000000    -0.2118644067796610
1418     14.17000000    -0.2117148906139732
1419     14.18000000    -0.2115655853314528
1420     14.19000000    -0.2114164904862579
1421     14.20000000    -0.2112676056338028
1422     14.21000000    -0.2111189303307530
1423     14.22000000    -0.2109704641350211
1424     14.23000000    -0.2108222066057625
1425     14.24000000    -0.2106741573033708
1426     14.25000000    -0.2105263157894737
1427     14.26000000    -0.2103786816269285
1428     14.27000000    -0.2102312543798178
1429     14.28000000    -0.2100840336134454
1430     14.29000000    -0.2099370188943317
1431     14.30000000    -0.2097902097902098
1432     14.31000000    -0.2096436058700210
1433     14.32000000    -0.2094972067039106
1434     14.33000000    -0.2093510118632240
1435     14.34000000    -0.2092050209205021
1436     14.35000000    -0.2090592334494774
1437     14.36000000    -0.2089136490250696
1438     14.37000000    -0.2087682672233821
1439     14.38000000    -0.2086230876216968
1440     14.39000000    -0.2084781097984711
1441     14.40000000    -0.2083333333333333
1442     14.41000000    -0.2081887578070784
1443     14.42000000    -0.2080443828016643
1444     14.43000000    -0.2079002079002079
1445     14.44000000    -0.2077562326869806
1446     14.45000000    -0.2076124567474049
1447     14.46000000    -0.2074688796680498
1448     14.47000000    -0.2073255010366275
1449     14.48000000    -0.2071823204419889
1450     14.49000000    -0.2070393374741201
1451     14.50000000    -0.2068965517241379
1452     14.51000000    -0.2067539627842867
1453     14.52000000    -0.2066115702479339
1454     14.53000000    -0.2064693737095664
1455     14.54000000    -0.2063273727647868
1456     14.55000000    -0.2061855670103093
1457     14.56000000    -0.2060439560439560
1458     14.57000000    -0.2059025394646534
1459     14.58000000    -0.2057613168724280
1460     14.59000000    -0.2056202878684030
1461     14.60000000    -0.2054794520547945
1462     14.61000000    -0.2053388090349076
1463     14.62000000    -0.2051983584131327
1464     14.63000000    -0.2050580997949419
1465     14.64000000    -0.2049180327868853
1466     14.65000000    -0.2047781569965870
1467     14.66000000    -0.2046384720327422
1468     14.67000000    -0.2044989775051125
1469     14.68000000    -0.2043596730245232
1470     14.69000000    -0.2042205582028591
1471     14.70000000    -0.2040816326530612
1472     14.71000000    -0.2039428959891230
1473     14.72000000    -0.2038043478260869
1474     14.73000000    -0.2036659877800407
1475     14.74000000    -0.2035278154681140
1476     14.75000000    -0.2033898305084746
1477     14.76000000    -0.2032520325203252
1478     14.77000000    -0.2031144211238998
1479     14.78000000    -0.2029769959404601
1480     14.79000000    -0.2028397565922921
1481     14.80000000    -0.2027027027027027
1482     14.81000000    -0.2025658338960162
1483     14.82000000    -0.2024291497975708
1484     14.83000000    -0.2022926500337154
1485     14.84000000    -0.2021563342318059
1486     14.85000000    -0.2020202020202020
1487     14.86000000    -0.2018842530282638
1488     14.87000000    -0.2017484868863484
1489     14.88000000    -0.2016129032258065
1490     14.89000000    -0.2014775016789792
1491     14.90000000    -0.2013422818791946
1492     14.91000000    -0.2012072434607646
1493     14.92000000    -0.2010723860589812
1494     14.93000000    -0.2009377093101139
1495     14.94000000    -0.2008032128514056
1496     14.95000000    -0.2006688963210702
1497     14.96000000    -0.2005347593582888
1498     14.97000000    -0.2004008016032064
1499     14.98000000    -0.2002670226969292
1500     14.99000000    -0.2001334222815210
1501     15.00000000    -0.2000000000000000
1502     15.01000000    -0.1998667554963358
1503     15.02000000    -0.1997336884154461
1504     15.03000000    -0.1996007984031936
1505     15.04000000    -0.1994680851063830
1506     15.05000000    -0.1993355481727575
1507     15.06000000    -0.1992031872509960
1508     15.07000000    -0.1990710019907100
1509     15.08000000    -0.1989389920424403
1510     15.09000000    -0.1988071570576541
1511     15.10000000    -0.1986754966887417
1512     15.11000000    -0.1985440105890139
1513     15.12000000    -0.1984126984126984
1514     15.13000000    -0.1982815598149372
1515     15.14000000    -0.1981505944517833
1516     15.15000000    -0.1980198019801980
1517     15.16000000    -0.1978891820580475
1518     15.17000000    -0.1977587343441002
1519     15.18000000    -0.1976284584980237
1520     15.19000000    -0.1974983541803818
1521     15.20000000    -0.1973684210526316
1522     15.21000000    -0.1972386587771203
1523     15.22000000    -0.1971090670170828
1524     15.23000000    -0.1969796454366382
1525     15.24000000    -0.1968503937007874
1526     15.25000000    -0.1967213114754098
1527     15.26000000    -0.1965923984272608
1528     15.27000000    -0.1964636542239686
1529     15.28000000    -0.1963350785340314
1530     15.29000000    -0.1962066710268149
1531     15.30000000    -0.1960784313725490
1532     15.31000000    -0.1959503592423253
1533     15.32000000    -0.1958224543080940
1534     15.33000000    -0.1956947162426614
1535     15.34000000    -0.1955671447196871
1536     15.35000000    -0.1954397394136808
1537     15.36000000    -0.1953125000000000
1538     15.37000000    -0.1951854261548471
1539     15.38000000    -0.1950585175552666
1540     15.39000000    -0.1949317738791423
1541     15.40000000    -0.1948051948051948
1542     15.41000000    -0.1946787800129786
1543     15.42000000    -0.1945525291828794
1544     15.43000000    -0.1944264419961115
1545     15.44000000    -0.1943005181347150
1546     15.45000000    -0.1941747572815534
1547     15.46000000    -0.1940491591203105
1548     15.47000000    -0.1939237233354880
1549     15.48000000    -0.1937984496124031
1550     15.49000000    -0.1936733376371853
1551     15.50000000    -0.1935483870967742
1552     15.51000000    -0.1934235976789168
1553     15.52000000    -0.1932989690721650
1554     15.53000000    -0.1931745009658725
1555     15.54000000    -0.1930501930501931
1556     15.55000000    -0.1929260450160772
1557     15.56000000    -0.1928020565552699
1558     15.57000000    -0.1926782273603083
1559     15.58000000    -0.1925545571245186
1560     15.59000000    -0.1924310455420141
1561     15.60000000    -0.1923076923076923
1562     15.61000000    -0.1921844971172325
1563     15.62000000    -0.1920614596670935
1564     15.63000000    -0.1919385796545106
1565     15.64000000    -0.1918158567774936
1566     15.65000000    -0.1916932907348243
1567     15.66000000    -0.1915708812260536
1568     15.67000000    -0.1914486279514997
1569     15.68000000    -0.1913265306122449
1570     15.69000000    -0.1912045889101338
1571     15.70000000    -0.1910828025477707
1572     15.71000000    -0.1909611712285169
1573     15.72000000    -0.1908396946564885
1574     15.73000000    -0.1907183725365544
1575     15.74000000    -0.1905972045743329
1576     15.75000000    -0.1904761904761905
1577     15.76000000    -0.1903553299492386
1578     15.77000000    -0.1902346227013317
1579     15.78000000    -0.1901140684410647
1580     15.79000000    -0.1899936668777708
1581     15.80000000    -0.1898734177215190
1582     15.81000000    -0.1897533206831120
1583     15.82000000    -0.1896333754740834
1584     15.83000000    -0.1895135818066961
1585     15.84000000    -0.1893939393939394
1586     15.85000000    -0.1892744479495268
1587     15.86000000    -0.1891551071878941
1588     15.87000000    -0.1890359168241966
1589     15.88000000    -0.1889168765743073
1590     15.89000000    -0.1887979861548143
1591     15.90000000    -0.1886792452830189
1592     15.91000000    -0.1885606536769328
1593     15.92000000    -0.1884422110552764
1594     15.93000000    -0.1883239171374765
1595     15.94000000    -0.1882057716436638
1596     15.95000000    -0.1880877742946709
1597     15.96000000    -0.1879699248120301
1598     15.97000000    -0.1878522229179712
1599     15.98000000    -0.1877346683354193
1600     15.99000000    -0.1876172607879925
1601     16.00000000    -0.1875000000000000
