[lmax] 0
[locp] 0
[rlocal] 1.0
[psp_type] 6

<CARTER>
Ga  bulk derived local pseudopotential.
31.00000              3.00000      20070909    zatom,  zion,  pspd
8    2   0   0   801   0    pspcode,pspxc,lmax,lloc,mmax,r2well
0   -1   0                       rchrg  fchrg   qchrg
0    0   0   0   0   nproj
0                    extension_switch
0
1    0.000000000000000    1.347348174730036 
2    0.010000000000000    1.346757389094126 
3    0.020000000000000    1.344986115151650 
4    0.030000000000000    1.342037597884225 
5    0.040000000000000    1.337917232564097 
6    0.050000000000000    1.332632545267376 
7    0.060000000000000    1.326193165710010 
8    0.070000000000000    1.318610792523662 
9    0.080000000000000    1.309899151120567 
10    0.090000000000000    1.300073944328711 
11    0.100000000000000    1.289152796009564 
12    0.110000000000000    1.277155187900400 
13    0.120000000000000    1.264102389952486 
14    0.130000000000000    1.250017384463871 
15    0.140000000000000    1.234924784331843 
16    0.150000000000000    1.218850745775247 
17    0.160000000000000    1.201822875899691 
18    0.170000000000000    1.183870135500739 
19    0.180000000000000    1.165022737519492 
20    0.190000000000000    1.145312041583383 
21    0.200000000000000    1.124770445080420 
22    0.210000000000000    1.103431271229758 
23    0.220000000000000    1.081328654622432 
24    0.230000000000000    1.058497424716812 
25    0.240000000000000    1.034972987779931 
26    0.250000000000000    1.010791207771955 
27    0.260000000000000    0.985988286673756 
28    0.270000000000000    0.960600644758214 
29    0.280000000000000    0.934664801305344 
30    0.290000000000000    0.908217256256622 
31    0.300000000000000    0.881294373299102 
32    0.310000000000000    0.853932264861126 
33    0.320000000000000    0.826166679492039 
34    0.330000000000000    0.798032892085433 
35    0.340000000000000    0.769565597391695 
36    0.350000000000000    0.740798807249448 
37    0.360000000000000    0.711765751947001 
38    0.370000000000000    0.682498786105604 
39    0.380000000000000    0.653029299454428 
40    0.390000000000000    0.623387632844180 
41    0.400000000000000    0.593602999821841 
42    0.410000000000000    0.563703414062485 
43    0.420000000000000    0.533715622927759 
44    0.430000000000000    0.503665047391453 
45    0.440000000000000    0.473575728543897 
46    0.450000000000000    0.443470280856484 
47    0.460000000000000    0.413369852356701 
48    0.470000000000000    0.383294091832981 
49    0.480000000000000    0.353261123156407 
50    0.490000000000000    0.323287526774704 
51    0.500000000000000    0.293388328401108 
52    0.510000000000000    0.263576994889298 
53    0.520000000000000    0.233865437252836 
54    0.530000000000000    0.204264020756251 
55    0.540000000000000    0.174781581973684 
56    0.550000000000000    0.145425452680187 
57    0.560000000000000    0.116201490411154 
58    0.570000000000000    0.087114115495911 
59    0.580000000000000    0.058166354344108 
60    0.590000000000000    0.029359888736285 
61    0.600000000000000    0.000695110844220 
62    0.610000000000000    -0.027828816316997 
63    0.620000000000000    -0.056213893326674 
64    0.630000000000000    -0.084463214028310 
65    0.640000000000000    -0.112580890793546 
66    0.650000000000000    -0.140571975759961 
67    0.660000000000000    -0.168442378438872 
68    0.670000000000000    -0.196198780102891 
69    0.680000000000000    -0.223848545375553 
70    0.690000000000000    -0.251399631455605 
71    0.700000000000000    -0.278860495416360 
72    0.710000000000000    -0.306240000027265 
73    0.720000000000000    -0.333547318548490 
74    0.730000000000000    -0.360791838951525 
75    0.740000000000000    -0.387983068018797 
76    0.750000000000000    -0.415130535773251 
77    0.760000000000000    -0.442243700684471 
78    0.770000000000000    -0.469331856091957 
79    0.780000000000000    -0.496404038278329 
80    0.790000000000000    -0.523468936614338 
81    0.800000000000000    -0.550534806186741 
82    0.810000000000000    -0.577609383305614 
83    0.820000000000000    -0.604699804272420 
84    0.830000000000000    -0.631812527773247 
85    0.840000000000000    -0.658953261242807 
86    0.850000000000000    -0.686126891524787 
87    0.860000000000000    -0.713337420132341 
88    0.870000000000000    -0.740587903390429 
89    0.880000000000000    -0.767880397716989 
90    0.890000000000000    -0.795215910275765 
91    0.900000000000000    -0.822594355207331 
92    0.910000000000000    -0.850014515618231 
93    0.920000000000000    -0.877474011481358 
94    0.930000000000000    -0.904969273572222 
95    0.940000000000000    -0.932495523538143 
96    0.950000000000000    -0.960046760168585 
97    0.960000000000000    -0.987615751906395 
98    0.970000000000000    -1.015194035611172 
99    0.980000000000000    -1.042771921557383 
100    0.990000000000000    -1.070338504621760 
101    1.000000000000000    -1.097881681586778 
102    1.010000000000000    -1.125388174459308 
103    1.020000000000000    -1.152843559677571 
104    1.030000000000000    -1.180232303053000 
105    1.040000000000000    -1.207537800268902 
106    1.050000000000000    -1.234742422733552 
107    1.060000000000000    -1.261827568562799 
108    1.070000000000000    -1.288773718444805 
109    1.080000000000000    -1.315560496119702 
110    1.090000000000000    -1.342166733187177 
111    1.100000000000000    -1.368570537938032 
112    1.110000000000000    -1.394749367888423 
113    1.120000000000000    -1.420680105682057 
114    1.130000000000000    -1.446339138011557 
115    1.140000000000000    -1.471702437199958 
116    1.150000000000000    -1.496745645071828 
117    1.160000000000000    -1.521444158738224 
118    1.170000000000000    -1.545773217910785 
119    1.180000000000000    -1.569707993358098 
120    1.190000000000000    -1.593223676113455 
121    1.200000000000000    -1.616295567043065 
122    1.210000000000000    -1.638899166384686 
123    1.220000000000000    -1.661010262868784 
124    1.230000000000000    -1.682605022039947 
125    1.240000000000000    -1.703660073400714 
126    1.250000000000000    -1.724152596009737 
127    1.260000000000000    -1.744060402173794 
128    1.270000000000000    -1.763362018885368 
129    1.280000000000000    -1.782036766669124 
130    1.290000000000000    -1.800064835514777 
131    1.300000000000000    -1.817427357588924 
132    1.310000000000000    -1.834106476434656 
133    1.320000000000000    -1.850085412385682 
134    1.330000000000000    -1.865348523939530 
135    1.340000000000000    -1.879881364855001 
136    1.350000000000000    -1.893670736758648 
137    1.360000000000000    -1.906704737066817 
138    1.370000000000000    -1.918972802051437 
139    1.380000000000000    -1.930465744899859 
140    1.390000000000000    -1.941175788643600 
141    1.400000000000000    -1.951096593850980 
142    1.410000000000000    -1.960223281005998 
143    1.420000000000000    -1.968552447515915 
144    1.430000000000000    -1.976082179316014 
145    1.440000000000000    -1.982812057062288 
146    1.450000000000000    -1.988743156926880 
147    1.460000000000000    -1.993878046033266 
148    1.470000000000000    -1.998220772591745 
149    1.480000000000000    -2.001776850817077 
150    1.490000000000000    -2.004553240732421 
151    1.500000000000000    -2.006558322983381 
152    1.510000000000000    -2.007801868807501 
153    1.520000000000000    -2.008295005321861 
154    1.530000000000000    -2.008050176311618 
155    1.540000000000000    -2.007081098717906 
156    1.550000000000000    -2.005402715040165 
157    1.560000000000000    -2.003031141883303 
158    1.570000000000000    -1.999983614893165 
159    1.580000000000000    -1.996278430336754 
160    1.590000000000000    -1.991934883594721 
161    1.600000000000000    -1.986973204843082 
162    1.610000000000000    -1.981414492210467 
163    1.620000000000000    -1.975280642703664 
164    1.630000000000000    -1.968594281200078 
165    1.640000000000000    -1.961378687810132 
166    1.650000000000000    -1.953657723915609 
167    1.660000000000000    -1.945455757191484 
168    1.670000000000000    -1.936797585918445 
169    1.680000000000000    -1.927708362892764 
170    1.690000000000000    -1.918213519237142 
171    1.700000000000000    -1.908338688412187 
172    1.710000000000000    -1.898109630723239 
173    1.720000000000000    -1.887552158610833 
174    1.730000000000000    -1.876692063005023 
175    1.740000000000000    -1.865555041015391 
176    1.750000000000000    -1.854166625219026 
177    1.760000000000000    -1.842552114796718 
178    1.770000000000000    -1.830736508757446 
179    1.780000000000000    -1.818744441476480 
180    1.790000000000000    -1.806600120761339 
181    1.800000000000000    -1.794327268642665 
182    1.810000000000000    -1.781949065075282 
183    1.820000000000000    -1.769488094715702 
184    1.830000000000000    -1.756966296930138 
185    1.840000000000000    -1.744404919166664 
186    1.850000000000000    -1.731824473811873 
187    1.860000000000000    -1.719244698632658 
188    1.870000000000000    -1.706684520888570 
189    1.880000000000000    -1.694162025180859 
190    1.890000000000000    -1.681694425089158 
191    1.900000000000000    -1.669298038627783 
192    1.910000000000000    -1.656988267537308 
193    1.920000000000000    -1.644779580410407 
194    1.930000000000000    -1.632685499633888 
195    1.940000000000000    -1.620718592113039 
196    1.950000000000000    -1.608890463728464 
197    1.960000000000000    -1.597211757460990 
198    1.970000000000000    -1.585692155104663 
199    1.980000000000000    -1.574340382474812 
200    1.990000000000000    -1.563164218004279 
201    2.000000000000000    -1.552170504608784 
202    2.010000000000000    -1.541365164690367 
203    2.020000000000000    -1.530753218137439 
204    2.030000000000000    -1.520338803168960 
205    2.040000000000000    -1.510125199862622 
206    2.050000000000000    -1.500114856197186 
207    2.060000000000000    -1.490309416433151 
208    2.070000000000000    -1.480709751648773 
209    2.080000000000000    -1.471315992243700 
210    2.090000000000000    -1.462127562217821 
211    2.100000000000000    -1.453143215030144 
212    2.110000000000000    -1.444361070839327 
213    2.120000000000000    -1.435778654927102 
214    2.130000000000000    -1.427392937104753 
215    2.140000000000000    -1.419200371903735 
216    2.150000000000000    -1.411196939352712 
217    2.160000000000000    -1.403378186146162 
218    2.170000000000000    -1.395739267012270 
219    2.180000000000000    -1.388274986092676 
220    2.190000000000000    -1.380979838150897 
221    2.200000000000000    -1.373848049432433 
222    2.210000000000000    -1.366873618005413 
223    2.220000000000000    -1.360050353418201 
224    2.230000000000000    -1.353371915517664 
225    2.240000000000000    -1.346831852280201 
226    2.250000000000000    -1.340423636516495 
227    2.260000000000000    -1.334140701319715 
228    2.270000000000000    -1.327976474137200 
229    2.280000000000000    -1.321924409354990 
230    2.290000000000000    -1.315978019295282 
231    2.300000000000000    -1.310130903537012 
232    2.310000000000000    -1.304376776480908 
233    2.320000000000000    -1.298709493090649 
234    2.330000000000000    -1.293123072752980 
235    2.340000000000000    -1.287611721210413 
236    2.350000000000000    -1.282169850530841 
237    2.360000000000000    -1.276792097089267 
238    2.370000000000000    -1.271473337547360 
239    2.380000000000000    -1.266208702826852 
240    2.390000000000000    -1.260993590082972 
241    2.400000000000000    -1.255823672693829 
242    2.410000000000000    -1.250694908291263 
243    2.420000000000000    -1.245603544867636 
244    2.430000000000000    -1.240546125001731 
245    2.440000000000000    -1.235519488255097 
246    2.450000000000000    -1.230520771798023 
247    2.460000000000000    -1.225547409331441 
248    2.470000000000000    -1.220597128377591 
249    2.480000000000000    -1.215667946018784 
250    2.490000000000000    -1.210758163168385 
251    2.500000000000000    -1.205866357464148 
252    2.510000000000000    -1.200991374877092 
253    2.520000000000000    -1.196132320134027 
254    2.530000000000000    -1.191288546053694 
255    2.540000000000000    -1.186459641900378 
256    2.550000000000000    -1.181645420858963 
257    2.560000000000000    -1.176845906738567 
258    2.570000000000000    -1.172061320010648 
259    2.580000000000000    -1.167292063288907 
260    2.590000000000000    -1.162538706357117 
261    2.600000000000000    -1.157801970849871 
262    2.610000000000000    -1.153082714689943 
263    2.620000000000000    -1.148381916383434 
264    2.630000000000000    -1.143700659271565 
265    2.640000000000000    -1.139040115834475 
266    2.650000000000000    -1.134401532139054 
267    2.660000000000000    -1.129786212519041 
268    2.670000000000000    -1.125195504570724 
269    2.680000000000000    -1.120630784543606 
270    2.690000000000000    -1.116093443199774 
271    2.700000000000000    -1.111584872210813 
272    2.710000000000000    -1.107106451155764 
273    2.720000000000000    -1.102659535177297 
274    2.730000000000000    -1.098245443348171 
275    2.740000000000000    -1.093865447793547 
276    2.750000000000000    -1.089520763609111 
277    2.760000000000000    -1.085212539608225 
278    2.770000000000000    -1.080941849925934 
279    2.780000000000000    -1.076709686501057 
280    2.790000000000000    -1.072516952451741 
281    2.800000000000000    -1.068364456353705 
282    2.810000000000000    -1.064252907425066 
283    2.820000000000000    -1.060182911615176 
284    2.830000000000000    -1.056154968590260 
285    2.840000000000000    -1.052169469602485 
286    2.850000000000000    -1.048226696224830 
287    2.860000000000000    -1.044326819928779 
288    2.870000000000000    -1.040469902477385 
289    2.880000000000000    -1.036655897102406 
290    2.890000000000000    -1.032884650429778 
291    2.900000000000000    -1.029155905114428 
292    2.910000000000000    -1.025469303142085 
293    2.920000000000000    -1.021824389752877 
294    2.930000000000000    -1.018220617938940 
295    2.940000000000000    -1.014657353465906 
296    2.950000000000000    -1.011133880366960 
297    2.960000000000000    -1.007649406855739 
298    2.970000000000000    -1.004203071604332 
299    2.980000000000000    -1.000793950331058 
300    2.990000000000000    -0.997421062643026 
301    3.000000000000000    -0.994083379078015 
302    3.010000000000000    -0.990779828291097 
303    3.020000000000000    -0.987509304331426 
304    3.030000000000000    -0.984270673956241 
305    3.040000000000000    -0.981062783930564 
306    3.050000000000000    -0.977884468261574 
307    3.060000000000000    -0.974734555320368 
308    3.070000000000000    -0.971611874804107 
309    3.080000000000000    -0.968515264495233 
310    3.090000000000000    -0.965443576776462 
311    3.100000000000000    -0.962395684863229 
312    3.110000000000000    -0.959370488718032 
313    3.120000000000000    -0.956366920614686 
314    3.130000000000000    -0.953383950323098 
315    3.140000000000000    -0.950420589889238 
316    3.150000000000000    -0.947475897987645 
317    3.160000000000000    -0.944548983828147 
318    3.170000000000000    -0.941639010601112 
319    3.180000000000000    -0.938745198449689 
320    3.190000000000000    -0.935866826960930 
321    3.200000000000000    -0.933003237170747 
322    3.210000000000000    -0.930153833081636 
323    3.220000000000000    -0.927318082695180 
324    3.230000000000000    -0.924495518564339 
325    3.240000000000000    -0.921685737874311 
326    3.250000000000000    -0.918888402063183 
327    3.260000000000000    -0.916103235996572 
328    3.270000000000000    -0.913330026713479 
329    3.280000000000000    -0.910568621762610 
330    3.290000000000000    -0.907818927151132 
331    3.300000000000000    -0.905080904929695 
332    3.310000000000000    -0.902354570439890 
333    3.320000000000000    -0.899639989251211 
334    3.330000000000000    -0.896937273817262 
335    3.340000000000000    -0.894246579880932 
336    3.350000000000000    -0.891568102660317 
337    3.360000000000000    -0.888902072847380 
338    3.370000000000000    -0.886248752452036 
339    3.380000000000000    -0.883608430524918 
340    3.390000000000000    -0.880981418791680 
341    3.400000000000000    -0.878368047232276 
342    3.410000000000000    -0.875768659637525 
343    3.420000000000000    -0.873183609175477 
344    3.430000000000000    -0.870613253998719 
345    3.440000000000000    -0.868057952923226 
346    3.450000000000000    -0.865518061208088 
347    3.460000000000000    -0.862993926464136 
348    3.470000000000000    -0.860485884717894 
349    3.480000000000000    -0.857994256655980 
350    3.490000000000000    -0.855519344073191 
351    3.500000000000000    -0.853061426545285 
352    3.510000000000000    -0.850620758346112 
353    3.520000000000000    -0.848197565626258 
354    3.530000000000000    -0.845792043868424 
355    3.540000000000000    -0.843404355632177 
356    3.550000000000000    -0.841034628599211 
357    3.560000000000000    -0.838682953926990 
358    3.570000000000000    -0.836349384917460 
359    3.580000000000000    -0.834033936004007 
360    3.590000000000000    -0.831736582058834 
361    3.600000000000000    -0.829457258019428 
362    3.610000000000000    -0.827195858831854 
363    3.620000000000000    -0.824952239705260 
364    3.630000000000000    -0.822726216670899 
365    3.640000000000000    -0.820517567436305 
366    3.650000000000000    -0.818326032523948 
367    3.660000000000000    -0.816151316681285 
368    3.670000000000000    -0.813993090548036 
369    3.680000000000000    -0.811850992564700 
370    3.690000000000000    -0.809724631104950 
371    3.700000000000000    -0.807613586813189 
372    3.710000000000000    -0.805517415127795 
373    3.720000000000000    -0.803435648969167 
374    3.730000000000000    -0.801367801571188 
375    3.740000000000000    -0.799313369433895 
376    3.750000000000000    -0.797271835374859 
377    3.760000000000000    -0.795242671656152 
378    3.770000000000000    -0.793225343163968 
379    3.780000000000000    -0.791219310617531 
380    3.790000000000000    -0.789224033784594 
381    3.800000000000000    -0.787238974680539 
382    3.810000000000000    -0.785263600729086 
383    3.820000000000000    -0.783297387862760 
384    3.830000000000000    -0.781339823542306 
385    3.840000000000000    -0.779390409674923 
386    3.850000000000000    -0.777448665412203 
387    3.860000000000000    -0.775514129809822 
388    3.870000000000000    -0.773586364332065 
389    3.880000000000000    -0.771664955185731 
390    3.890000000000000    -0.769749515469291 
391    3.900000000000000    -0.767839687124424 
392    3.910000000000000    -0.765935142678958 
393    3.920000000000000    -0.764035586771436 
394    3.930000000000000    -0.762140757449272 
395    3.940000000000000    -0.760250427234342 
396    3.950000000000000    -0.758364403950875 
397    3.960000000000000    -0.756482531313022 
398    3.970000000000000    -0.754604689270438 
399    3.980000000000000    -0.752730794112161 
400    3.990000000000000    -0.750860798330782 
401    4.000000000000000    -0.748994690250271 
402    4.010000000000000    -0.747132493422513 
403    4.020000000000000    -0.745274265799008 
404    4.029999999999999    -0.743420098685777 
405    4.040000000000000    -0.741570115490641 
406    4.050000000000000    -0.739724470273505 
407    4.060000000000001    -0.737883346111345 
408    4.070000000000000    -0.736046953290770 
409    4.080000000000000    -0.734215527342100 
410    4.090000000000000    -0.732389326929346 
411    4.100000000000000    -0.730568631612090 
412    4.109999999999999    -0.728753739494980 
413    4.120000000000000    -0.726944964781795 
414    4.130000000000000    -0.725142635251292 
415    4.140000000000001    -0.723347089672034 
416    4.150000000000000    -0.721558675174154 
417    4.160000000000000    -0.719777744595565 
418    4.170000000000000    -0.718004653820503 
419    4.180000000000000    -0.716239759127721 
420    4.190000000000000    -0.714483414565721 
421    4.199999999999999    -0.712735969371977 
422    4.210000000000000    -0.710997765452240 
423    4.220000000000000    -0.709269134936042 
424    4.230000000000000    -0.707550397823285 
425    4.240000000000000    -0.705841859736257 
426    4.250000000000000    -0.704143809790667 
427    4.260000000000000    -0.702456518597955 
428    4.270000000000000    -0.700780236410623 
429    4.279999999999999    -0.699115191420876 
430    4.290000000000000    -0.697461588221814 
431    4.300000000000000    -0.695819606439419 
432    4.310000000000001    -0.694189399542083 
433    4.320000000000000    -0.692571093833452 
434    4.330000000000000    -0.690964787632784 
435    4.340000000000000    -0.689370550646150 
436    4.350000000000000    -0.687788423529999 
437    4.359999999999999    -0.686218417647810 
438    4.370000000000000    -0.684660515019039 
439    4.380000000000000    -0.683114668458277 
440    4.390000000000001    -0.681580801901459 
441    4.400000000000000    -0.680058810914708 
442    4.410000000000000    -0.678548563380270 
443    4.420000000000000    -0.677049900352847 
444    4.430000000000000    -0.675562637078732 
445    4.440000000000000    -0.674086564168941 
446    4.449999999999999    -0.672621448917044 
447    4.460000000000000    -0.671167036751029 
448    4.470000000000000    -0.669723052808252 
449    4.480000000000000    -0.668289203621671 
450    4.490000000000000    -0.666865178904808 
451    4.500000000000000    -0.665450653422769 
452    4.510000000000000    -0.664045288935914 
453    4.520000000000000    -0.662648736202633 
454    4.529999999999999    -0.661260637027342 
455    4.540000000000000    -0.659880626339943 
456    4.550000000000000    -0.658508334292418 
457    4.560000000000001    -0.657143388359121 
458    4.570000000000000    -0.655785415426588 
459    4.580000000000000    -0.654434043859594 
460    4.590000000000000    -0.653088905530108 
461    4.600000000000000    -0.651749637796512 
462    4.609999999999999    -0.650415885420585 
463    4.620000000000000    -0.649087302410733 
464    4.630000000000000    -0.647763553780118 
465    4.640000000000001    -0.646444317209503 
466    4.650000000000000    -0.645129284604994 
467    4.660000000000000    -0.643818163541944 
468    4.670000000000000    -0.642510678586902 
469    4.680000000000000    -0.641206572490769 
470    4.690000000000000    -0.639905607246731 
471    4.699999999999999    -0.638607565008066 
472    4.710000000000000    -0.637312248861436 
473    4.720000000000000    -0.636019483452648 
474    4.730000000000000    -0.634729115462648 
475    4.740000000000000    -0.633441013932620 
476    4.750000000000000    -0.632155070438043 
477    4.760000000000000    -0.630871199112710 
478    4.770000000000000    -0.629589336524344 
479    4.779999999999999    -0.628309441404892 
480    4.790000000000000    -0.627031494238984 
481    4.800000000000000    -0.625755496715504 
482    4.810000000000001    -0.624481471047469 
483    4.820000000000000    -0.623209459166773 
484    4.830000000000000    -0.621939521800711 
485    4.840000000000000    -0.620671737438120 
486    4.850000000000000    -0.619406201193533 
487    4.859999999999999    -0.618143023578332 
488    4.870000000000000    -0.616882329188376 
489    4.880000000000000    -0.615624255318102 
490    4.890000000000001    -0.614368950511381 
491    4.900000000000000    -0.613116573059696 
492    4.910000000000000    -0.611867289458624 
493    4.920000000000000    -0.610621272833442 
494    4.930000000000000    -0.609378701345074 
495    4.940000000000000    -0.608139756587373 
496    4.949999999999999    -0.606904621986711 
497    4.960000000000000    -0.605673481214848 
498    4.970000000000000    -0.604446516625671 
499    4.980000000000000    -0.603223907726028 
500    4.990000000000000    -0.602005829690959 
501    5.000000000000000    -0.600792451932647 
502    5.010000000000000    -0.599583936732358 
503    5.020000000000000    -0.598380437944018 
504    5.029999999999999    -0.597182099777279 
505    5.040000000000000    -0.595989055667713 
506    5.050000000000000    -0.594801427240638 
507    5.060000000000001    -0.593619323374794 
508    5.070000000000000    -0.592442839370980 
509    5.080000000000000    -0.591272056230428 
510    5.090000000000000    -0.590107040046319 
511    5.100000000000000    -0.588947841511688 
512    5.109999999999999    -0.587794495545651 
513    5.120000000000000    -0.586647021039273 
514    5.130000000000000    -0.585505420721614 
515    5.140000000000001    -0.584369681145531 
516    5.150000000000000    -0.583239772792145 
517    5.160000000000000    -0.582115650292001 
518    5.170000000000000    -0.580997252760167 
519    5.180000000000000    -0.579884504241967 
520    5.190000000000000    -0.578777314264956 
521    5.199999999999999    -0.577675578492473 
522    5.210000000000000    -0.576579179473206 
523    5.220000000000000    -0.575487987480669 
524    5.230000000000000    -0.574401861436007 
525    5.240000000000000    -0.573320649906903 
526    5.250000000000000    -0.572244192175141 
527    5.260000000000000    -0.571172319364633 
528    5.270000000000000    -0.570104855621870 
529    5.279999999999999    -0.569041619339827 
530    5.290000000000000    -0.567982424416917 
531    5.300000000000000    -0.566927081541688 
532    5.310000000000001    -0.565875399494349 
533    5.320000000000000    -0.564827186455979 
534    5.330000000000000    -0.563782251316340 
535    5.340000000000000    -0.562740404971259 
536    5.350000000000000    -0.561701461600786 
537    5.359999999999999    -0.560665239919440 
538    5.370000000000000    -0.559631564390077 
539    5.380000000000000    -0.558600266393511 
540    5.390000000000001    -0.557571185345875 
541    5.400000000000000    -0.556544169756666 
542    5.410000000000000    -0.555519078220411 
543    5.420000000000000    -0.554495780335830 
544    5.430000000000000    -0.553474157546422 
545    5.440000000000000    -0.552454103897448 
546    5.449999999999999    -0.551435526704402 
547    5.460000000000000    -0.550418347129283 
548    5.470000000000000    -0.549402500660938 
549    5.480000000000000    -0.548387937497009 
550    5.490000000000000    -0.547374622825289 
551    5.500000000000000    -0.546362537003272 
552    5.510000000000000    -0.545351675635075 
553    5.520000000000000    -0.544342049545838 
554    5.529999999999999    -0.543333684654369 
555    5.540000000000000    -0.542326621745230 
556    5.550000000000000    -0.541320916142424 
557    5.560000000000001    -0.540316637287374 
558    5.570000000000000    -0.539313868224287 
559    5.580000000000000    -0.538312704997061 
560    5.590000000000000    -0.537313255961910 
561    5.600000000000000    -0.536315641020726 
562    5.609999999999999    -0.535319990780817 
563    5.620000000000000    -0.534326445646564 
564    5.630000000000000    -0.533335154849644 
565    5.640000000000001    -0.532346275424216 
566    5.650000000000000    -0.531359971134269 
567    5.660000000000000    -0.530376411360138 
568    5.670000000000000    -0.529395769951987 
569    5.680000000000000    -0.528418224057433 
570    5.690000000000000    -0.527443952931582 
571    5.699999999999999    -0.526473136736871 
572    5.710000000000000    -0.525505955340771 
573    5.720000000000000    -0.524542587119041 
574    5.730000000000000    -0.523583207772346 
575    5.740000000000000    -0.522627989163654 
576    5.750000000000000    -0.521677098183891 
577    5.760000000000000    -0.520730695653038 
578    5.770000000000000    -0.519788935263397 
579    5.779999999999999    -0.518851962571658 
580    5.790000000000000    -0.517919914046024 
581    5.800000000000000    -0.516992916174068 
582    5.810000000000001    -0.516071084636681 
583    5.820000000000000    -0.515154523553084 
584    5.830000000000000    -0.514243324801308 
585    5.840000000000000    -0.513337567417870 
586    5.850000000000000    -0.512437317080241 
587    5.859999999999999    -0.511542625674614 
588    5.870000000000000    -0.510653530951463 
589    5.880000000000000    -0.509770056270321 
590    5.890000000000001    -0.508892210434958 
591    5.900000000000000    -0.508019987619405 
592    5.910000000000000    -0.507153367384629 
593    5.920000000000000    -0.506292314785262 
594    5.930000000000000    -0.505436780565101 
595    5.940000000000000    -0.504586701439434 
596    5.950000000000000    -0.503742000461982 
597    5.960000000000000    -0.502947899195888 
598    5.970000000000000    -0.502157200265442 
599    5.980000000000000    -0.501369113637977 
600    5.990000000000000    -0.500582882755624 
601    6.000000000000000    -0.499797790657584 
602    6.010000000000000    -0.499013165684005 
603    6.020000000000000    -0.498228386717867 
604    6.030000000000000    -0.497442887925175 
605    6.040000000000000    -0.496656162958687 
606    6.050000000000000    -0.495867768595041 
607    6.060000000000001    -0.495049504950495 
608    6.070000000000000    -0.494233937397035 
609    6.080000000000000    -0.493421052631579 
610    6.090000000000000    -0.492610837438424 
611    6.100000000000000    -0.491803278688525 
612    6.109999999999999    -0.490998363338789 
613    6.120000000000000    -0.490196078431373 
614    6.130000000000000    -0.489396411092985 
615    6.140000000000000    -0.488599348534202 
616    6.150000000000000    -0.487804878048780 
617    6.160000000000000    -0.487012987012987 
618    6.170000000000000    -0.486223662884927 
619    6.180000000000000    -0.485436893203884 
620    6.190000000000000    -0.484652665589661 
621    6.200000000000000    -0.483870967741935 
622    6.210000000000000    -0.483091787439614 
623    6.220000000000000    -0.482315112540193 
624    6.230000000000000    -0.481540930979133 
625    6.240000000000000    -0.480769230769231 
626    6.250000000000000    -0.480000000000000 
627    6.260000000000000    -0.479233226837061 
628    6.270000000000000    -0.478468899521531 
629    6.280000000000000    -0.477707006369427 
630    6.290000000000000    -0.476947535771065 
631    6.300000000000000    -0.476190476190476 
632    6.310000000000001    -0.475435816164818 
633    6.320000000000000    -0.474683544303797 
634    6.330000000000000    -0.473933649289100 
635    6.340000000000000    -0.473186119873817 
636    6.350000000000000    -0.472440944881890 
637    6.359999999999999    -0.471698113207547 
638    6.370000000000000    -0.470957613814757 
639    6.380000000000000    -0.470219435736677 
640    6.390000000000000    -0.469483568075117 
641    6.400000000000000    -0.468750000000000 
642    6.410000000000000    -0.468018720748830 
643    6.420000000000000    -0.467289719626168 
644    6.430000000000000    -0.466562986003110 
645    6.440000000000000    -0.465838509316770 
646    6.450000000000000    -0.465116279069767 
647    6.460000000000000    -0.464396284829721 
648    6.470000000000000    -0.463678516228748 
649    6.480000000000000    -0.462962962962963 
650    6.490000000000000    -0.462249614791988 
651    6.500000000000000    -0.461538461538462 
652    6.510000000000000    -0.460829493087558 
653    6.520000000000000    -0.460122699386503 
654    6.530000000000000    -0.459418070444104 
655    6.540000000000000    -0.458715596330275 
656    6.550000000000000    -0.458015267175573 
657    6.560000000000001    -0.457317073170732 
658    6.570000000000000    -0.456621004566210 
659    6.580000000000000    -0.455927051671733 
660    6.590000000000000    -0.455235204855842 
661    6.600000000000000    -0.454545454545455 
662    6.609999999999999    -0.453857791225416 
663    6.620000000000000    -0.453172205438066 
664    6.630000000000000    -0.452488687782805 
665    6.640000000000000    -0.451807228915663 
666    6.650000000000000    -0.451127819548872 
667    6.660000000000000    -0.450450450450450 
668    6.670000000000000    -0.449775112443778 
669    6.680000000000000    -0.449101796407186 
670    6.690000000000000    -0.448430493273543 
671    6.700000000000000    -0.447761194029851 
672    6.710000000000000    -0.447093889716841 
673    6.720000000000000    -0.446428571428571 
674    6.730000000000000    -0.445765230312036 
675    6.740000000000000    -0.445103857566766 
676    6.750000000000000    -0.444444444444444 
677    6.760000000000000    -0.443786982248521 
678    6.770000000000000    -0.443131462333826 
679    6.780000000000000    -0.442477876106195 
680    6.790000000000000    -0.441826215022091 
681    6.800000000000000    -0.441176470588235 
682    6.810000000000001    -0.440528634361233 
683    6.820000000000000    -0.439882697947214 
684    6.830000000000000    -0.439238653001464 
685    6.840000000000000    -0.438596491228070 
686    6.850000000000000    -0.437956204379562 
687    6.859999999999999    -0.437317784256560 
688    6.870000000000000    -0.436681222707424 
689    6.880000000000000    -0.436046511627907 
690    6.890000000000000    -0.435413642960813 
691    6.900000000000000    -0.434782608695652 
692    6.910000000000000    -0.434153400868307 
693    6.920000000000000    -0.433526011560694 
694    6.930000000000000    -0.432900432900433 
695    6.940000000000000    -0.432276657060519 
696    6.950000000000000    -0.431654676258993 
697    6.960000000000000    -0.431034482758621 
698    6.970000000000000    -0.430416068866571 
699    6.980000000000000    -0.429799426934097 
700    6.990000000000000    -0.429184549356223 
701    7.000000000000000    -0.428571428571429 
702    7.010000000000000    -0.427960057061341 
703    7.020000000000000    -0.427350427350427 
704    7.030000000000000    -0.426742532005690 
705    7.040000000000000    -0.426136363636364 
706    7.050000000000000    -0.425531914893617 
707    7.060000000000000    -0.424929178470255 
708    7.070000000000000    -0.424328147100424 
709    7.080000000000000    -0.423728813559322 
710    7.090000000000000    -0.423131170662906 
711    7.100000000000000    -0.422535211267606 
712    7.110000000000000    -0.421940928270042 
713    7.120000000000000    -0.421348314606742 
714    7.130000000000000    -0.420757363253857 
715    7.140000000000000    -0.420168067226891 
716    7.150000000000000    -0.419580419580420 
717    7.160000000000000    -0.418994413407821 
718    7.170000000000000    -0.418410041841004 
719    7.180000000000000    -0.417827298050139 
720    7.190000000000000    -0.417246175243394 
721    7.200000000000000    -0.416666666666667 
722    7.210000000000000    -0.416088765603329 
723    7.220000000000000    -0.415512465373961 
724    7.230000000000000    -0.414937759336100 
725    7.240000000000000    -0.414364640883978 
726    7.250000000000000    -0.413793103448276 
727    7.260000000000000    -0.413223140495868 
728    7.270000000000000    -0.412654745529574 
729    7.280000000000000    -0.412087912087912 
730    7.290000000000000    -0.411522633744856 
731    7.300000000000000    -0.410958904109589 
732    7.310000000000000    -0.410396716826265 
733    7.320000000000000    -0.409836065573771 
734    7.330000000000000    -0.409276944065484 
735    7.340000000000000    -0.408719346049046 
736    7.350000000000000    -0.408163265306122 
737    7.360000000000000    -0.407608695652174 
738    7.370000000000000    -0.407055630936228 
739    7.380000000000000    -0.406504065040650 
740    7.390000000000000    -0.405953991880920 
741    7.400000000000000    -0.405405405405405 
742    7.410000000000000    -0.404858299595142 
743    7.420000000000000    -0.404312668463612 
744    7.430000000000000    -0.403768506056528 
745    7.440000000000000    -0.403225806451613 
746    7.450000000000000    -0.402684563758389 
747    7.460000000000000    -0.402144772117962 
748    7.470000000000000    -0.401606425702811 
749    7.480000000000000    -0.401069518716578 
750    7.490000000000000    -0.400534045393858 
751    7.500000000000000    -0.400000000000000 
752    7.510000000000000    -0.399467376830892 
753    7.520000000000000    -0.398936170212766 
754    7.530000000000000    -0.398406374501992 
755    7.540000000000000    -0.397877984084881 
756    7.550000000000000    -0.397350993377483 
757    7.560000000000000    -0.396825396825397 
758    7.570000000000000    -0.396301188903567 
759    7.580000000000000    -0.395778364116095 
760    7.590000000000000    -0.395256916996047 
761    7.600000000000000    -0.394736842105263 
762    7.610000000000000    -0.394218134034166 
763    7.620000000000000    -0.393700787401575 
764    7.630000000000000    -0.393184796854522 
765    7.640000000000000    -0.392670157068063 
766    7.650000000000000    -0.392156862745098 
767    7.660000000000000    -0.391644908616188 
768    7.670000000000000    -0.391134289439374 
769    7.680000000000000    -0.390625000000000 
770    7.690000000000000    -0.390117035110533 
771    7.700000000000000    -0.389610389610390 
772    7.710000000000000    -0.389105058365759 
773    7.720000000000000    -0.388601036269430 
774    7.730000000000000    -0.388098318240621 
775    7.740000000000000    -0.387596899224806 
776    7.750000000000000    -0.387096774193548 
777    7.760000000000000    -0.386597938144330 
778    7.770000000000000    -0.386100386100386 
779    7.780000000000000    -0.385604113110540 
780    7.790000000000000    -0.385109114249037 
781    7.800000000000000    -0.384615384615385 
782    7.810000000000000    -0.384122919334187 
783    7.820000000000000    -0.383631713554987 
784    7.830000000000000    -0.383141762452107 
785    7.840000000000000    -0.382653061224490 
786    7.850000000000000    -0.382165605095541 
787    7.860000000000000    -0.381679389312977 
788    7.870000000000000    -0.381194409148666 
789    7.880000000000000    -0.380710659898477 
790    7.890000000000000    -0.380228136882129 
791    7.900000000000000    -0.379746835443038 
792    7.910000000000000    -0.379266750948167 
793    7.920000000000000    -0.378787878787879 
794    7.930000000000000    -0.378310214375788 
795    7.940000000000000    -0.377833753148615 
796    7.950000000000000    -0.377358490566038 
797    7.960000000000000    -0.376884422110553 
798    7.970000000000000    -0.376411543287328 
799    7.980000000000000    -0.375939849624060 
800    7.990000000000000    -0.375469336670839 
801    8.000000000000000    -0.375000000000000 
