[lmax] 0
[locp] 0
[rlocal] 1.0
[psp_type] 6

<CARTER>
In BLPS:: Coulomb tail starts at 4.0 bohr, vg0 is at 32.1, q_cutoff at 6.7 
49.00000              3.00000      20070909    zatom,  zion,  pspd
8    2   0   0   601   0    pspcode,pspxc,lmax,lloc,mmax,r2well
0   -1   0                       rchrg  fchrg   qchrg
0    0   0   0   0   nproj
0                    extension_switch
0
1    0.000000000000000    0.186385510961237 
2    0.010000000000000    0.186240598022475 
3    0.020000000000000    0.185806070380315 
4    0.030000000000000    0.185082560921138 
5    0.040000000000000    0.184071122337874 
6    0.050000000000000    0.182773223960212 
7    0.060000000000000    0.181190747330870 
8    0.070000000000000    0.179325980541670 
9    0.080000000000000    0.177181611346955 
10    0.090000000000000    0.174760719076041 
11    0.100000000000000    0.172066765369683 
12    0.110000000000000    0.169103583769853 
13    0.120000000000000    0.165875368194808 
14    0.130000000000000    0.162386660335903 
15    0.140000000000000    0.158642336015101 
16    0.150000000000000    0.154647590546075 
17    0.160000000000000    0.150407923144318 
18    0.170000000000000    0.145929120435142 
19    0.180000000000000    0.141217239110986 
20    0.190000000000000    0.136278587792109 
21    0.200000000000000    0.131119708147456 
22    0.210000000000000    0.125747355334600 
23    0.220000000000000    0.120168477819817 
24    0.230000000000000    0.114390196641462 
25    0.240000000000000    0.108419784181337 
26    0.250000000000000    0.102264642510499 
27    0.260000000000000    0.095932281377163 
28    0.270000000000000    0.089430295905525 
29    0.280000000000000    0.082766344075402 
30    0.290000000000000    0.075948124052924 
31    0.300000000000000    0.068983351443512 
32    0.310000000000000    0.061879736538172 
33    0.320000000000000    0.054644961624538 
34    0.330000000000000    0.047286658433636 
35    0.340000000000000    0.039812385793272 
36    0.350000000000000    0.032229607557991 
37    0.360000000000000    0.024545670885068 
38    0.370000000000000    0.016767784924670 
39    0.380000000000000    0.008902999991225 
40    0.390000000000000    0.000958187281649 
41    0.400000000000000    -0.007059980795809 
42    0.410000000000000    -0.015145049619942 
43    0.420000000000000    -0.023290800622273 
44    0.430000000000000    -0.031491268762157 
45    0.440000000000000    -0.039740759156115 
46    0.450000000000000    -0.048033862808404 
47    0.460000000000000    -0.056365471392963 
48    0.470000000000000    -0.064730791039451 
49    0.480000000000000    -0.073125355079359 
50    0.490000000000000    -0.081545035711174 
51    0.500000000000000    -0.089986054547056 
52    0.510000000000000    -0.098444992006685 
53    0.520000000000000    -0.106918795527684 
54    0.530000000000000    -0.115404786565486 
55    0.540000000000000    -0.123900666359252 
56    0.550000000000000    -0.132404520444213 
57    0.560000000000000    -0.140914821894693 
58    0.570000000000000    -0.149430433285845 
59    0.580000000000000    -0.157950607366096 
60    0.590000000000000    -0.166474986436316 
61    0.600000000000000    -0.175003600435490 
62    0.610000000000000    -0.183536863736793 
63    0.620000000000000    -0.192075570661879 
64    0.630000000000000    -0.200620889724898 
65    0.640000000000000    -0.209174356622104 
66    0.650000000000000    -0.217737865986146 
67    0.660000000000000    -0.226313661928344 
68    0.670000000000000    -0.234904327395889 
69    0.680000000000000    -0.243512772374329 
70    0.690000000000000    -0.252142220969340 
71    0.700000000000000    -0.260796197405392 
72    0.710000000000000    -0.269478510981777 
73    0.720000000000000    -0.278193240030155 
74    0.730000000000000    -0.286944714920516 
75    0.740000000000000    -0.295737500165296 
76    0.750000000000000    -0.304576375674525 
77    0.760000000000000    -0.313466317217067 
78    0.770000000000000    -0.322412476145629 
79    0.780000000000000    -0.331420158445529 
80    0.790000000000000    -0.340494803169139 
81    0.800000000000000    -0.349641960319897 
82    0.810000000000000    -0.358867268251523 
83    0.820000000000000    -0.368176430649325 
84    0.830000000000000    -0.377575193162266 
85    0.840000000000000    -0.387069319754884 
86    0.850000000000000    -0.396664568849704 
87    0.860000000000000    -0.406366669330943 
88    0.870000000000000    -0.416181296481151 
89    0.880000000000000    -0.426114047922281 
90    0.890000000000000    -0.436170419633196 
91    0.900000000000000    -0.446355782114904 
92    0.910000000000000    -0.456675356774930 
93    0.920000000000000    -0.467134192601179 
94    0.930000000000000    -0.477737143195232 
95    0.940000000000000    -0.488488844233611 
96    0.950000000000000    -0.499393691424676 
97    0.960000000000000    -0.510455819027113 
98    0.970000000000000    -0.521679078994601 
99    0.980000000000000    -0.533067020809109 
100    0.990000000000000    -0.544622872063792 
101    1.000000000000000    -0.556349519853725 
102    1.010000000000000    -0.568249493030680 
103    1.020000000000000    -0.580324945375906 
104    1.030000000000000    -0.592577639741388 
105    1.040000000000000    -0.605008933208445 
106    1.050000000000000    -0.617619763308386 
107    1.060000000000000    -0.630410635347731 
108    1.070000000000000    -0.643381610877085 
109    1.080000000000000    -0.656532297339187 
110    1.090000000000000    -0.669861838928590 
111    1.100000000000000    -0.683368908691859 
112    1.110000000000000    -0.697051701893520 
113    1.120000000000000    -0.710907930669487 
114    1.130000000000000    -0.724934819985927 
115    1.140000000000000    -0.739129104917716 
116    1.150000000000000    -0.753487029257148 
117    1.160000000000000    -0.768004345459520 
118    1.170000000000000    -0.782676315928326 
119    1.180000000000000    -0.797497715639441 
120    1.190000000000000    -0.812462836099353 
121    1.200000000000000    -0.827565490629089 
122    1.210000000000000    -0.842799020961576 
123    1.220000000000000    -0.858156305136548 
124    1.230000000000000    -0.873629766673515 
125    1.240000000000000    -0.889211384999608 
126    1.250000000000000    -0.904892707105689 
127    1.260000000000000    -0.920664860400744 
128    1.270000000000000    -0.936518566731262 
129    1.280000000000000    -0.952444157528975 
130    1.290000000000000    -0.968431590047286 
131    1.300000000000000    -0.984470464643907 
132    1.310000000000000    -1.000550043064127 
133    1.320000000000000    -1.016659267676551 
134    1.330000000000000    -1.032786781610687 
135    1.340000000000000    -1.048920949743011 
136    1.350000000000000    -1.065049880476495 
137    1.360000000000000    -1.081161448255851 
138    1.370000000000000    -1.097243316759207 
139    1.380000000000000    -1.113282962705158 
140    1.390000000000000    -1.129267700212555 
141    1.400000000000000    -1.145184705648969 
142    1.410000000000000    -1.161021042902601 
143    1.420000000000000    -1.176763689011670 
144    1.430000000000000    -1.192399560083897 
145    1.440000000000000    -1.207915537439002 
146    1.450000000000000    -1.223298493905768 
147    1.460000000000000    -1.238535320205676 
148    1.470000000000000    -1.253612951354993 
149    1.480000000000000    -1.268518393016882 
150    1.490000000000000    -1.283238747736307 
151    1.500000000000000    -1.297761240990169 
152    1.510000000000000    -1.312073246986601 
153    1.520000000000000    -1.326162314147700 
154    1.530000000000000    -1.340016190211490 
155    1.540000000000000    -1.353622846890116 
156    1.550000000000000    -1.366970504022232 
157    1.560000000000000    -1.380047653160236 
158    1.570000000000000    -1.392843080533472 
159    1.580000000000000    -1.405345889331478 
160    1.590000000000000    -1.417545521253264 
161    1.600000000000000    -1.429431777270013 
162    1.610000000000000    -1.440994837552383 
163    1.620000000000000    -1.452225280514548 
164    1.630000000000000    -1.463114100931288 
165    1.640000000000000    -1.473652727085336 
166    1.650000000000000    -1.483833036907053 
167    1.660000000000000    -1.493647373069460 
168    1.670000000000000    -1.503088557006237 
169    1.680000000000000    -1.512149901822288 
170    1.690000000000000    -1.520825224070100 
171    1.700000000000000    -1.529108854368289 
172    1.710000000000000    -1.536995646841845 
173    1.720000000000000    -1.544480987366808 
174    1.730000000000000    -1.551560800605673 
175    1.740000000000000    -1.558231555822771 
176    1.750000000000000    -1.564490271472524 
177    1.760000000000000    -1.570334518556593 
178    1.770000000000000    -1.575762422749188 
179    1.780000000000000    -1.580772665293381 
180    1.790000000000000    -1.585364482674180 
181    1.800000000000000    -1.589537665077524 
182    1.810000000000000    -1.593292553647495 
183    1.820000000000000    -1.596630036556953 
184    1.830000000000000    -1.599551543910383 
185    1.840000000000000    -1.602059041499743 
186    1.850000000000000    -1.604155023438085 
187    1.860000000000000    -1.605842503697672 
188    1.870000000000000    -1.607125006582281 
189    1.880000000000000    -1.608006556166101 
190    1.890000000000000    -1.608491664733927 
191    1.900000000000000    -1.608585320259550 
192    1.910000000000000    -1.608292972962093 
193    1.920000000000000    -1.607620520981072 
194    1.930000000000000    -1.606574295214094 
195    1.940000000000000    -1.605161043362113 
196    1.950000000000000    -1.603387913229120 
197    1.960000000000000    -1.601262435324517 
198    1.970000000000000    -1.598792504818386 
199    1.980000000000000    -1.595986362899942 
200    1.990000000000000    -1.592852577591873 
201    2.000000000000000    -1.589400024073083 
202    2.010000000000000    -1.585637864563764 
203    2.020000000000000    -1.581575527827033 
204    2.030000000000000    -1.577222688342016 
205    2.040000000000000    -1.572589245203116 
206    2.050000000000000    -1.567685300800967 
207    2.060000000000000    -1.562521139339819 
208    2.070000000000000    -1.557107205246785 
209    2.080000000000000    -1.551454081526789 
210    2.090000000000000    -1.545572468118159 
211    2.100000000000000    -1.539473160301502 
212    2.110000000000000    -1.533167027215157 
213    2.120000000000000    -1.526664990528534 
214    2.130000000000000    -1.519978003324241 
215    2.140000000000000    -1.513117029238372 
216    2.150000000000000    -1.506093021907157 
217    2.160000000000000    -1.498916904766719 
218    2.170000000000000    -1.491599551251009 
219    2.180000000000000    -1.484151765431594 
220    2.190000000000000    -1.476584263140788 
221    2.200000000000000    -1.468907653618257 
222    2.210000000000000    -1.461132421718825 
223    2.220000000000000    -1.453268910717445 
224    2.230000000000000    -1.445327305745038 
225    2.240000000000000    -1.437317617886815 
226    2.250000000000000    -1.429249668972490 
227    2.260000000000000    -1.421133077085144 
228    2.270000000000000    -1.412977242813701 
229    2.280000000000000    -1.404791336271284 
230    2.290000000000000    -1.396584284898967 
231    2.300000000000000    -1.388364762072863 
232    2.310000000000000    -1.380141176529198 
233    2.320000000000000    -1.371921662619744 
234    2.330000000000000    -1.363714071408030 
235    2.340000000000000    -1.355525962613561 
236    2.350000000000000    -1.347364597409170 
237    2.360000000000000    -1.339236932074344 
238    2.370000000000000    -1.331149612504546 
239    2.380000000000000    -1.323108969574692 
240    2.390000000000000    -1.315121015352036 
241    2.400000000000000    -1.307191440151975 
242    2.410000000000000    -1.299325610427669 
243    2.420000000000000    -1.291528567482450 
244    2.430000000000000    -1.283805026991693 
245    2.440000000000000    -1.276159379318940 
246    2.450000000000000    -1.268595690608972 
247    2.460000000000000    -1.261117704638976 
248    2.470000000000000    -1.253728845406406 
249    2.480000000000000    -1.246432220431525 
250    2.490000000000000    -1.239230624750068 
251    2.500000000000000    -1.232126545570329 
252    2.510000000000000    -1.225122167567692 
253    2.520000000000000    -1.218219378788060 
254    2.530000000000000    -1.211419777130563 
255    2.540000000000000    -1.204724677378956 
256    2.550000000000000    -1.198135118749654 
257    2.560000000000000    -1.191651872924328 
258    2.570000000000000    -1.185275452533170 
259    2.580000000000000    -1.179006120055407 
260    2.590000000000000    -1.172843897102031 
261    2.600000000000000    -1.166788574046084 
262    2.610000000000000    -1.160839719965277 
263    2.620000000000000    -1.154996692861417 
264    2.630000000000000    -1.149258650120942 
265    2.640000000000000    -1.143624559181574 
266    2.650000000000000    -1.138093208369044 
267    2.660000000000000    -1.132663217869353 
268    2.670000000000000    -1.127333050801433 
269    2.680000000000000    -1.122101024355983 
270    2.690000000000000    -1.116965320966584 
271    2.700000000000000    -1.111923999480129 
272    2.710000000000000    -1.106975006293719 
273    2.720000000000000    -1.102116186426929 
274    2.730000000000000    -1.097345294498108 
275    2.740000000000000    -1.092660005575393 
276    2.750000000000000    -1.088057925873449 
277    2.760000000000000    -1.083536603268438 
278    2.770000000000000    -1.079093537604716 
279    2.780000000000000    -1.074726190768054 
280    2.790000000000000    -1.070431996501570 
281    2.800000000000000    -1.066208369941794 
282    2.810000000000000    -1.062052716853475 
283    2.820000000000000    -1.057962442543958 
284    2.830000000000000    -1.053934960438088 
285    2.840000000000000    -1.049967700297628 
286    2.850000000000000    -1.046058116069422 
287    2.860000000000000    -1.042203693348792 
288    2.870000000000000    -1.038401956445982 
289    2.880000000000000    -1.034650475045016 
290    2.890000000000000    -1.030946870445977 
291    2.900000000000000    -1.027288821383118 
292    2.910000000000000    -1.023674069412880 
293    2.920000000000000    -1.020100423867592 
294    2.930000000000000    -1.016565766371637 
295    2.940000000000000    -1.013068054918947 
296    2.950000000000000    -1.009605327512021 
297    2.960000000000000    -1.006175705363473 
298    2.970000000000000    -1.002777395663637 
299    2.980000000000000    -0.999408693918200 
300    2.990000000000000    -0.996067985861540 
301    3.000000000000000    -0.992753748952694 
302    3.010000000000000    -0.989464553461953 
303    3.020000000000000    -0.986199063157684 
304    3.030000000000000    -0.982956035603359 
305    3.040000000000000    -0.979734322076623 
306    3.050000000000000    -0.976532867122714 
307    3.060000000000000    -0.973350707755572 
308    3.070000000000000    -0.970186972321045 
309    3.080000000000000    -0.967040879037150 
310    3.090000000000000    -0.963911734227225 
311    3.100000000000000    -0.960798930262419 
312    3.110000000000000    -0.957701943230502 
313    3.120000000000000    -0.954620330348746 
314    3.130000000000000    -0.951553727138641 
315    3.140000000000000    -0.948501844380997 
316    3.150000000000000    -0.945464464870105 
317    3.160000000000000    -0.942441439985704 
318    3.170000000000000    -0.939432686102199 
319    3.180000000000000    -0.936438180853787 
320    3.190000000000000    -0.933457959275134 
321    3.200000000000000    -0.930492109836507 
322    3.210000000000000    -0.927540770392336 
323    3.220000000000000    -0.924604124062312 
324    3.230000000000000    -0.921682395063172 
325    3.240000000000000    -0.918775844509981 
326    3.250000000000000    -0.915884766204429 
327    3.260000000000000    -0.913009482427839 
328    3.270000000000000    -0.910150339755920 
329    3.280000000000000    -0.907307704911668 
330    3.290000000000000    -0.904481960672450 
331    3.300000000000000    -0.901673501846646 
332    3.310000000000000    -0.898882731334249 
333    3.320000000000000    -0.896110056285776 
334    3.330000000000000    -0.893355884372315 
335    3.340000000000000    -0.890620620179430 
336    3.350000000000000    -0.887904661736554 
337    3.360000000000000    -0.885208397192567 
338    3.370000000000000    -0.882532201647794 
339    3.380000000000000    -0.879876434151206 
340    3.390000000000000    -0.877241434871589 
341    3.400000000000000    -0.874627522449406 
342    3.410000000000000    -0.872034991536601 
343    3.420000000000000    -0.869464110529035 
344    3.430000000000000    -0.866915119497035 
345    3.440000000000000    -0.864388228317294 
346    3.450000000000000    -0.861883615009130 
347    3.460000000000000    -0.859401424277260 
348    3.470000000000000    -0.856941766261891 
349    3.480000000000000    -0.854504715496610 
350    3.490000000000000    -0.852090310073404 
351    3.500000000000000    -0.849698551013340 
352    3.510000000000000    -0.847329401840687 
353    3.520000000000000    -0.844982788357588 
354    3.530000000000000    -0.842658598615443 
355    3.540000000000000    -0.840356683078432 
356    3.550000000000000    -0.838076854974326 
357    3.560000000000000    -0.835818890826542 
358    3.570000000000000    -0.833582531161022 
359    3.580000000000000    -0.831367481381183 
360    3.590000000000000    -0.829173412803057 
361    3.600000000000000    -0.826999963842977 
362    3.610000000000000    -0.824846741349037 
363    3.620000000000000    -0.822713322067570 
364    3.630000000000000    -0.820599254235315 
365    3.640000000000000    -0.818504059287773 
366    3.650000000000000    -0.816427233673831 
367    3.660000000000000    -0.814368250766387 
368    3.670000000000000    -0.812326562859114 
369    3.680000000000000    -0.810301603238384 
370    3.690000000000000    -0.808292788320069 
371    3.700000000000000    -0.806299519840803 
372    3.710000000000000    -0.804321187092577 
373    3.720000000000000    -0.802357169190489 
374    3.730000000000000    -0.800406837362997 
375    3.740000000000000    -0.798469557254147 
376    3.750000000000000    -0.796544691227615 
377    3.760000000000000    -0.794631600662395 
378    3.770000000000000    -0.792729648230373 
379    3.780000000000000    -0.790838200146006 
380    3.790000000000000    -0.788956628378937 
381    3.800000000000000    -0.787084312820519 
382    3.810000000000000    -0.785220643395531 
383    3.820000000000000    -0.783365022110901 
384    3.830000000000000    -0.781516865033582 
385    3.840000000000000    -0.779675604190152 
386    3.850000000000000    -0.777840689381134 
387    3.860000000000000    -0.776011589903615 
388    3.870000000000000    -0.774187796176129 
389    3.880000000000000    -0.772368821260347 
390    3.890000000000000    -0.770554202274522 
391    3.900000000000000    -0.768743501694361 
392    3.910000000000000    -0.766936308537369 
393    3.920000000000000    -0.765132239427356 
394    3.930000000000000    -0.763330939536197 
395    3.940000000000000    -0.761532083400770 
396    3.950000000000000    -0.759735375613243 
397    3.960000000000000    -0.757904072002831 
398    3.970000000000000    -0.756051402838609 
399    3.980000000000000    -0.754179608269223 
400    3.990000000000000    -0.752290999477099 
401    4.000000000000000    -0.750387943296511 
402    4.010000000000000    -0.748472846745577 
403    4.020000000000000    -0.746548141560615 
404    4.030000000000000    -0.744616268819904 
405    4.040000000000000    -0.742679663741910 
406    4.050000000000000    -0.740740740740741 
407    4.060000000000001    -0.738916256157635 
408    4.070000000000000    -0.737100737100737 
409    4.080000000000000    -0.735294117647059 
410    4.090000000000000    -0.733496332518337 
411    4.100000000000000    -0.731707317073171 
412    4.109999999999999    -0.729927007299270 
413    4.120000000000000    -0.728155339805825 
414    4.130000000000000    -0.726392251815981 
415    4.140000000000000    -0.724637681159420 
416    4.150000000000000    -0.722891566265060 
417    4.160000000000000    -0.721153846153846 
418    4.170000000000000    -0.719424460431655 
419    4.180000000000000    -0.717703349282297 
420    4.190000000000000    -0.715990453460621 
421    4.200000000000000    -0.714285714285714 
422    4.210000000000000    -0.712589073634204 
423    4.220000000000000    -0.710900473933649 
424    4.230000000000000    -0.709219858156028 
425    4.240000000000000    -0.707547169811321 
426    4.250000000000000    -0.705882352941177 
427    4.260000000000000    -0.704225352112676 
428    4.270000000000000    -0.702576112412178 
429    4.280000000000000    -0.700934579439252 
430    4.290000000000000    -0.699300699300699 
431    4.300000000000000    -0.697674418604651 
432    4.310000000000001    -0.696055684454756 
433    4.320000000000000    -0.694444444444444 
434    4.330000000000000    -0.692840646651270 
435    4.340000000000000    -0.691244239631336 
436    4.350000000000000    -0.689655172413793 
437    4.359999999999999    -0.688073394495413 
438    4.370000000000000    -0.686498855835240 
439    4.380000000000000    -0.684931506849315 
440    4.390000000000000    -0.683371298405467 
441    4.400000000000000    -0.681818181818182 
442    4.410000000000000    -0.680272108843537 
443    4.420000000000000    -0.678733031674208 
444    4.430000000000000    -0.677200902934537 
445    4.440000000000000    -0.675675675675676 
446    4.450000000000000    -0.674157303370787 
447    4.460000000000000    -0.672645739910314 
448    4.470000000000000    -0.671140939597315 
449    4.480000000000000    -0.669642857142857 
450    4.490000000000000    -0.668151447661470 
451    4.500000000000000    -0.666666666666667 
452    4.510000000000000    -0.665188470066519 
453    4.520000000000000    -0.663716814159292 
454    4.530000000000000    -0.662251655629139 
455    4.540000000000000    -0.660792951541850 
456    4.550000000000000    -0.659340659340659 
457    4.560000000000001    -0.657894736842105 
458    4.570000000000000    -0.656455142231947 
459    4.580000000000000    -0.655021834061135 
460    4.590000000000000    -0.653594771241830 
461    4.600000000000000    -0.652173913043478 
462    4.609999999999999    -0.650759219088937 
463    4.620000000000000    -0.649350649350649 
464    4.630000000000000    -0.647948164146868 
465    4.640000000000000    -0.646551724137931 
466    4.650000000000000    -0.645161290322581 
467    4.660000000000000    -0.643776824034335 
468    4.670000000000000    -0.642398286937901 
469    4.680000000000000    -0.641025641025641 
470    4.690000000000000    -0.639658848614073 
471    4.700000000000000    -0.638297872340425 
472    4.710000000000000    -0.636942675159236 
473    4.720000000000000    -0.635593220338983 
474    4.730000000000000    -0.634249471458774 
475    4.740000000000000    -0.632911392405063 
476    4.750000000000000    -0.631578947368421 
477    4.760000000000000    -0.630252100840336 
478    4.770000000000000    -0.628930817610063 
479    4.780000000000000    -0.627615062761506 
480    4.790000000000000    -0.626304801670146 
481    4.800000000000000    -0.625000000000000 
482    4.810000000000001    -0.623700623700624 
483    4.820000000000000    -0.622406639004149 
484    4.830000000000000    -0.621118012422360 
485    4.840000000000000    -0.619834710743802 
486    4.850000000000000    -0.618556701030928 
487    4.859999999999999    -0.617283950617284 
488    4.870000000000000    -0.616016427104723 
489    4.880000000000000    -0.614754098360656 
490    4.890000000000000    -0.613496932515337 
491    4.900000000000000    -0.612244897959184 
492    4.910000000000000    -0.610997963340122 
493    4.920000000000000    -0.609756097560976 
494    4.930000000000000    -0.608519269776876 
495    4.940000000000000    -0.607287449392713 
496    4.950000000000000    -0.606060606060606 
497    4.960000000000000    -0.604838709677419 
498    4.970000000000000    -0.603621730382294 
499    4.980000000000000    -0.602409638554217 
500    4.990000000000000    -0.601202404809619 
501    5.000000000000000    -0.600000000000000 
502    5.010000000000000    -0.598802395209581 
503    5.020000000000000    -0.597609561752988 
504    5.030000000000000    -0.596421471172962 
505    5.040000000000000    -0.595238095238095 
506    5.050000000000000    -0.594059405940594 
507    5.060000000000000    -0.592885375494071 
508    5.070000000000000    -0.591715976331361 
509    5.080000000000000    -0.590551181102362 
510    5.090000000000000    -0.589390962671906 
511    5.100000000000000    -0.588235294117647 
512    5.110000000000000    -0.587084148727984 
513    5.120000000000000    -0.585937500000000 
514    5.130000000000000    -0.584795321637427 
515    5.140000000000000    -0.583657587548638 
516    5.150000000000000    -0.582524271844660 
517    5.160000000000000    -0.581395348837209 
518    5.170000000000000    -0.580270793036750 
519    5.180000000000000    -0.579150579150579 
520    5.190000000000000    -0.578034682080925 
521    5.200000000000000    -0.576923076923077 
522    5.210000000000000    -0.575815738963532 
523    5.220000000000000    -0.574712643678161 
524    5.230000000000000    -0.573613766730401 
525    5.240000000000000    -0.572519083969466 
526    5.250000000000000    -0.571428571428571 
527    5.260000000000000    -0.570342205323194 
528    5.270000000000000    -0.569259962049336 
529    5.280000000000000    -0.568181818181818 
530    5.290000000000000    -0.567107750472590 
531    5.300000000000000    -0.566037735849057 
532    5.310000000000000    -0.564971751412429 
533    5.320000000000000    -0.563909774436090 
534    5.330000000000000    -0.562851782363977 
535    5.340000000000000    -0.561797752808989 
536    5.350000000000000    -0.560747663551402 
537    5.360000000000000    -0.559701492537313 
538    5.370000000000000    -0.558659217877095 
539    5.380000000000000    -0.557620817843866 
540    5.390000000000000    -0.556586270871985 
541    5.400000000000000    -0.555555555555555 
542    5.410000000000000    -0.554528650646950 
543    5.420000000000000    -0.553505535055351 
544    5.430000000000000    -0.552486187845304 
545    5.440000000000000    -0.551470588235294 
546    5.450000000000000    -0.550458715596330 
547    5.460000000000000    -0.549450549450550 
548    5.470000000000000    -0.548446069469836 
549    5.480000000000000    -0.547445255474453 
550    5.490000000000000    -0.546448087431694 
551    5.500000000000000    -0.545454545454545 
552    5.510000000000000    -0.544464609800363 
553    5.520000000000000    -0.543478260869565 
554    5.530000000000000    -0.542495479204340 
555    5.540000000000000    -0.541516245487365 
556    5.550000000000000    -0.540540540540541 
557    5.560000000000000    -0.539568345323741 
558    5.570000000000000    -0.538599640933573 
559    5.580000000000000    -0.537634408602151 
560    5.590000000000000    -0.536672629695885 
561    5.600000000000000    -0.535714285714286 
562    5.610000000000000    -0.534759358288770 
563    5.620000000000000    -0.533807829181495 
564    5.630000000000000    -0.532859680284192 
565    5.640000000000000    -0.531914893617021 
566    5.650000000000000    -0.530973451327434 
567    5.660000000000000    -0.530035335689046 
568    5.670000000000000    -0.529100529100529 
569    5.680000000000000    -0.528169014084507 
570    5.690000000000000    -0.527240773286467 
571    5.700000000000000    -0.526315789473684 
572    5.710000000000000    -0.525394045534151 
573    5.720000000000000    -0.524475524475524 
574    5.730000000000000    -0.523560209424084 
575    5.740000000000000    -0.522648083623693 
576    5.750000000000000    -0.521739130434783 
577    5.760000000000000    -0.520833333333333 
578    5.770000000000000    -0.519930675909879 
579    5.780000000000000    -0.519031141868512 
580    5.790000000000000    -0.518134715025907 
581    5.800000000000000    -0.517241379310345 
582    5.810000000000000    -0.516351118760757 
583    5.820000000000000    -0.515463917525773 
584    5.830000000000000    -0.514579759862779 
585    5.840000000000000    -0.513698630136986 
586    5.850000000000000    -0.512820512820513 
587    5.860000000000000    -0.511945392491468 
588    5.870000000000000    -0.511073253833049 
589    5.880000000000000    -0.510204081632653 
590    5.890000000000000    -0.509337860780985 
591    5.900000000000000    -0.508474576271186 
592    5.910000000000000    -0.507614213197970 
593    5.920000000000000    -0.506756756756757 
594    5.930000000000000    -0.505902192242833 
595    5.940000000000000    -0.505050505050505 
596    5.950000000000000    -0.504201680672269 
597    5.960000000000000    -0.503355704697987 
598    5.970000000000000    -0.502512562814070 
599    5.980000000000000    -0.501672240802676 
600    5.990000000000000    -0.500834724540902 
601    6.000000000000000    -0.500000000000000 
