[lmax] 0
[locp] 0
[rlocal] 1.0
[psp_type] 6

<CARTER>
mg_locpsp | realspace | Coulombic Tail= 8.5 | Vg=25.3 | TC=6.14 | Nov-04-2007 |LDA Perdew-Zunger
 12.0000000000000        2.00000000000000      20070909    zatom,  zion,  pspd
 8    2   0   0          1601    0    pspcode,pspxc,lmax,lloc,mmax,r2well
 0   -1   0                       rchrg  fchrg   qchrg
 0    0   0   0   0   nproj
 0                    extension_switch
 0
1      0.00000000    1.7910852799290284
2      0.01000000    1.7908006952742168
3      0.02000000    1.7899470727382978
4      0.03000000    1.7885248065371293
5      0.04000000    1.7865345534654606
6      0.05000000    1.7839772325492160
7      0.06000000    1.7808540245590105
8      0.07000000    1.7771663713847776
9      0.08000000    1.7729159752717729
10      0.09000000    1.7681047979180708
11      0.10000000    1.7627350594338238
12      0.11000000    1.7568092371625177
13      0.12000000    1.7503300643644999
14      0.13000000    1.7433005287631382
15      0.14000000    1.7357238709539926
16      0.15000000    1.7276035826773475
17      0.16000000    1.7189434049546475
18      0.17000000    1.7097473260892695
19      0.18000000    1.7000195795321680
20      0.19000000    1.6897646416130871
21      0.20000000    1.6789872291378161
22      0.21000000    1.6676922968523418
23      0.22000000    1.6558850347744771
24      0.23000000    1.6435708653940004
25      0.24000000    1.6307554407418710
26      0.25000000    1.6174446393296342
27      0.26000000    1.6036445629600526
28      0.27000000    1.5893615334097082
29      0.28000000    1.5746020889850154
30      0.29000000    1.5593729809526244
31      0.30000000    1.5436811698455788
32      0.31000000    1.5275338216463676
33      0.32000000    1.5109383038485094
34      0.33000000    1.4939021813979740
35      0.34000000    1.4764332125160067
36      0.35000000    1.4585393444050780
37      0.36000000    1.4402287088395811
38      0.37000000    1.4215096176431599
39      0.38000000    1.4023905580544691
40      0.39000000    1.3828801879834527
41      0.40000000    1.3629873311601157
42      0.41000000    1.3427209721780464
43      0.42000000    1.3220902514348789
44      0.43000000    1.3011044599720578
45      0.44000000    1.2797730342164346
46      0.45000000    1.2581055506261030
47      0.46000000    1.2361117202433758
48      0.47000000    1.2138013831572971
49      0.48000000    1.1911845028788897
50      0.49000000    1.1682711606319220
51      0.50000000    1.1450715495622168
52      0.51000000    1.1215959688688106
53      0.52000000    1.0978548178600740
54      0.53000000    1.0738585899382858
55      0.54000000    1.0496178665159928
56      0.55000000    1.0251433108678878
57      0.56000000    1.0004456619216948
58      0.57000000    0.9755357279920586
59      0.58000000    0.9504243804609301
60      0.59000000    0.9251225474089231
61      0.60000000    0.8996412072012360
62      0.61000000    0.8739913820325275
63      0.62000000    0.8481841314349935
64      0.63000000    0.8222305457538157
65      0.64000000    0.7961417395945998
66      0.65000000    0.7699288452471807
67      0.66000000    0.7436030060903396
68      0.67000000    0.7171753699822581
69      0.68000000    0.6906570826412008
70      0.69000000    0.6640592810215238
71      0.70000000    0.6373930866895581
72      0.71000000    0.6106695992045106
73      0.72000000    0.5838998895093100
74      0.73000000    0.5570949933364013
75      0.74000000    0.5302659046336379
76      0.75000000    0.5034235690152948
77      0.76000000    0.4765788772435183
78      0.77000000    0.4497426587452544
79      0.78000000    0.4229256751700132
80      0.79000000    0.3961386139936052
81      0.80000000    0.3693920821731868
82      0.81000000    0.3426965998588835
83      0.82000000    0.3160625941671926
84      0.83000000    0.2895003930215412
85      0.84000000    0.2630202190651654
86      0.85000000    0.2366321836516331
87      0.86000000    0.2103462809181837
88      0.87000000    0.1841723819470894
89      0.88000000    0.1581202290202349
90      0.89000000    0.1321994299719617
91      0.90000000    0.1064194526453241
92      0.91000000    0.0807896194566743
93      0.92000000    0.0553191020736152
94      0.93000000    0.0300169162111707
95      0.94000000    0.0048919165508562
96      0.95000000    -0.0200472082123948
97      0.96000000    -0.0447919401910866
98      0.97000000    -0.0693339369890944
99      0.98000000    -0.0936650362443498
100      0.99000000    -0.1177772600259216
101      1.00000000    -0.1416628190813395
102      1.01000000    -0.1653141169300628
103      1.02000000    -0.1887237537991982
104      1.03000000    -0.2118845303976812
105      1.04000000    -0.2347894515251673
106      1.05000000    -0.2574317295123513
107      1.06000000    -0.2798047874890910
108      1.07000000    -0.3019022624774301
109      1.08000000    -0.3237180083063220
110      1.09000000    -0.3452460983453077
111      1.10000000    -0.3664808280544450
112      1.11000000    -0.3874167173480422
113      1.12000000    -0.4080485127699360
114      1.13000000    -0.4283711894781241
115      1.14000000    -0.4483799530369688
116      1.15000000    -0.4680702410152134
117      1.16000000    -0.4874377243883464
118      1.17000000    -0.5064783087439854
119      1.18000000    -0.5251881352893307
120      1.19000000    -0.5435635816596526
121      1.20000000    -0.5616012625273671
122      1.21000000    -0.5792980300111367
123      1.22000000    -0.5966509738848692
124      1.23000000    -0.6136574215866444
125      1.24000000    -0.6303149380277867
126      1.25000000    -0.6466213252025723
127      1.26000000    -0.6625746215992890
128      1.27000000    -0.6781731014135695
129      1.28000000    -0.6934152735651392
130      1.29000000    -0.7082998805193429
131      1.30000000    -0.7228258969151439
132      1.31000000    -0.7369925280013118
133      1.32000000    -0.7507992078828992
134      1.33000000    -0.7642455975802956
135      1.34000000    -0.7773315829033326
136      1.35000000    -0.7900572721431431
137      1.36000000    -0.8024229935846570
138      1.37000000    -0.8144292928429672
139      1.38000000    -0.8260769300267605
140      1.39000000    -0.8373668767324897
141      1.40000000    -0.8483003128728396
142      1.41000000    -0.8588786233437004
143      1.42000000    -0.8691033945333757
144      1.43000000    -0.8789764106787248
145      1.44000000    -0.8884996500724168
146      1.45000000    -0.8976752811260866
147      1.46000000    -0.9065056582941869
148      1.47000000    -0.9149933178635044
149      1.48000000    -0.9231409736134201
150      1.49000000    -0.9309515123523097
151      1.50000000    -0.9384279893353347
152      1.51000000    -0.9455736235693244
153      1.52000000    -0.9523917930102614
154      1.53000000    -0.9588860296593356
155      1.54000000    -0.9650600145632761
156      1.55000000    -0.9709175727250989
157      1.56000000    -0.9764626679312481
158      1.57000000    -0.9816993975013348
159      1.58000000    -0.9866319869668386
160      1.59000000    -0.9912647846848158
161      1.60000000    -0.9956022563931863
162      1.61000000    -0.9996489797140168
163      1.62000000    -1.0034096386111124
164      1.63000000    -1.0068890178084866
165      1.64000000    -1.0100919971762821
166      1.65000000    -1.0130235460904424
167      1.66000000    -1.0156887177728984
168      1.67000000    -1.0180926436186308
169      1.68000000    -1.0202405275161102
170      1.69000000    -1.0221376401676330
171      1.70000000    -1.0237893134159521
172      1.71000000    -1.0252009345835933
173      1.72000000    -1.0263779408312286
174      1.73000000    -1.0273258135413001
175      1.74000000    -1.0280500727332071
176      1.75000000    -1.0285562715160534
177      1.76000000    -1.0288499905851531
178      1.77000000    -1.0289368327680908
179      1.78000000    -1.0288224176261935
180      1.79000000    -1.0285123761172916
181      1.80000000    -1.0280123453251147
182      1.81000000    -1.0273279632610710
183      1.82000000    -1.0264648637435385
184      1.83000000    -1.0254286713599607
185      1.84000000    -1.0242249965168220
186      1.85000000    -1.0228594305823440
187      1.86000000    -1.0213375411266441
188      1.87000000    -1.0196648672639788
189      1.88000000    -1.0178469151012854
190      1.89000000    -1.0158891532974923
191      1.90000000    -1.0137970087374604
192      1.91000000    -1.0115758623243210
193      1.92000000    -1.0092310448940589
194      1.93000000    -1.0067678332556051
195      1.94000000    -1.0041914463597315
196      1.95000000    -1.0015070415998324
197      1.96000000    -0.9987197112473194
198      1.97000000    -0.9958344790243290
199      1.98000000    -0.9928562968160328
200      1.99000000    -0.9897900415249146
201      2.00000000    -0.9866405120687359
202      2.01000000    -0.9834124265240755
203      2.02000000    -0.9801104194169917
204      2.03000000    -0.9767390391619784
205      2.04000000    -0.9733027456503777
206      2.05000000    -0.9698059079891352
207      2.06000000    -0.9662528023903568
208      2.07000000    -0.9626476102123640
209      2.08000000    -0.9589944161521101
210      2.09000000    -0.9552972065892049
211      2.10000000    -0.9515598680811578
212      2.11000000    -0.9477861860094331
213      2.12000000    -0.9439798433756449
214      2.13000000    -0.9401444197469808
215      2.14000000    -0.9362833903498413
216      2.15000000    -0.9324001253103563
217      2.16000000    -0.9284978890403822
218      2.17000000    -0.9245798397671345
219      2.18000000    -0.9206490292048271
220      2.19000000    -0.9167084023660541
221      2.20000000    -0.9127607975109376
222      2.21000000    -0.9088089462312596
223      2.22000000    -0.9048554736675553
224      2.23000000    -0.9009028988558829
225      2.24000000    -0.8969536352018035
226      2.25000000    -0.8930099910782400
227      2.26000000    -0.8890741705443653
228      2.27000000    -0.8851482741818165
229      2.28000000    -0.8812343000451458
230      2.29000000    -0.8773341447226967
231      2.30000000    -0.8734496045043710
232      2.31000000    -0.8695823766524247
233      2.32000000    -0.8657340607714527
234      2.33000000    -0.8619061602735247
235      2.34000000    -0.8581000839343765
236      2.35000000    -0.8543171475367378
237      2.36000000    -0.8505585755961644
238      2.37000000    -0.8468255031655783
239      2.38000000    -0.8431189777137180
240      2.39000000    -0.8394399610735822
241      2.40000000    -0.8357893314559428
242      2.41000000    -0.8321678855240188
243      2.42000000    -0.8285763405243174
244      2.43000000    -0.8250153364696183
245      2.44000000    -0.8214854383692373
246      2.45000000    -0.8179871385023245
247      2.46000000    -0.8145208587295791
248      2.47000000    -0.8110869528389991
249      2.48000000    -0.8076857089211306
250      2.49000000    -0.8043173517694723
251      2.50000000    -0.8009820453016150
252      2.51000000    -0.7976798949968559
253      2.52000000    -0.7944109503458598
254      2.53000000    -0.7911752073083748
255      2.54000000    -0.7879726107745385
256      2.55000000    -0.7848030570260220
257      2.56000000    -0.7816663961927324
258      2.57000000    -0.7785624347013137
259      2.58000000    -0.7754909377115325
260      2.59000000    -0.7724516315368088
261      2.60000000    -0.7694442060453266
262      2.61000000    -0.7664683170380575
263      2.62000000    -0.7635235886004030
264      2.63000000    -0.7606096154240174
265      2.64000000    -0.7577259650957689
266      2.65000000    -0.7548721803505649
267      2.66000000    -0.7520477812853078
268      2.67000000    -0.7492522675309899
269      2.68000000    -0.7464851203803490
270      2.69000000    -0.7437458048684632
271      2.70000000    -0.7410337718039546
272      2.71000000    -0.7383484597484609
273      2.72000000    -0.7356892969422091
274      2.73000000    -0.7330557031738564
275      2.74000000    -0.7304470915925521
276      2.75000000    -0.7278628704607332
277      2.76000000    -0.7253024448458917
278      2.77000000    -0.7227652182501083
279      2.78000000    -0.7202505941759244
280      2.79000000    -0.7177579776275798
281      2.80000000    -0.7152867765465869
282      2.81000000    -0.7128364031807998
283      2.82000000    -0.7104062753863813
284      2.83000000    -0.7079958178620938
285      2.84000000    -0.7056044633155206
286      2.85000000    -0.7032316535610023
287      2.86000000    -0.7008768405491616
288      2.87000000    -0.6985394873281024
289      2.88000000    -0.6962190689362906
290      2.89000000    -0.6939150732276613
291      2.90000000    -0.6916270016291529
292      2.91000000    -0.6893543698312933
293      2.92000000    -0.6870967084126088
294      2.93000000    -0.6848535633984477
295      2.94000000    -0.6826244967552896
296      2.95000000    -0.6804090868215056
297      2.96000000    -0.6782069286756351
298      2.97000000    -0.6760176344434748
299      2.98000000    -0.6738408335452819
300      2.99000000    -0.6716761728844571
301      3.00000000    -0.6695233169792737
302      3.01000000    -0.6673819480392221
303      3.02000000    -0.6652517659876045
304      3.03000000    -0.6631324884321249
305      3.04000000    -0.6610238505853794
306      3.05000000    -0.6589256051368848
307      3.06000000    -0.6568375220789030
308      3.07000000    -0.6547593884877444
309      3.08000000    -0.6526910082627427
310      3.09000000    -0.6506322018249823
311      3.10000000    -0.6485828057777725
312      3.11000000    -0.6465426725311593
313      3.12000000    -0.6445116698925606
314      3.13000000    -0.6424896806257112
315      3.14000000    -0.6404766019802035
316      3.15000000    -0.6384723451937525
317      3.16000000    -0.6364768349694980
318      3.17000000    -0.6344900089305180
319      3.18000000    -0.6325118170538052
320      3.19000000    -0.6305422210859349
321      3.20000000    -0.6285811939425847
322      3.21000000    -0.6266287190941754
323      3.22000000    -0.6246847899396921
324      3.23000000    -0.6227494091709274
325      3.24000000    -0.6208225881292005
326      3.25000000    -0.6189043461565965
327      3.26000000    -0.6169947099438574
328      3.27000000    -0.6150937128767980
329      3.28000000    -0.6132013943832716
330      3.29000000    -0.6113177992825620
331      3.30000000    -0.6094429771389895
332      3.31000000    -0.6075769816215947
333      3.32000000    -0.6057198698715576
334      3.33000000    -0.6038717018790430
335      3.34000000    -0.6020325398710401
336      3.35000000    -0.6002024477117475
337      3.36000000    -0.5983814903169590
338      3.37000000    -0.5965697330837790
339      3.38000000    -0.5947672413370646
340      3.39000000    -0.5929740797937344
341      3.40000000    -0.5911903120461831
342      3.41000000    -0.5894160000657925
343      3.42000000    -0.5876512037276075
344      3.43000000    -0.5858959803570725
345      3.44000000    -0.5841503842995917
346      3.45000000    -0.5824144665137976
347      3.46000000    -0.5806882741890960
348      3.47000000    -0.5789718503880950
349      3.48000000    -0.5772652337144273
350      3.49000000    -0.5755684580064311
351      3.50000000    -0.5738815520569656
352      3.51000000    -0.5722045393596624
353      3.52000000    -0.5705374378818082
354      3.53000000    -0.5688802598638906
355      3.54000000    -0.5672330116459486
356      3.55000000    -0.5655956935205714
357      3.56000000    -0.5639682996124843
358      3.57000000    -0.5623508177844984
359      3.58000000    -0.5607432295695748
360      3.59000000    -0.5591455101286581
361      3.60000000    -0.5575576282338370
362      3.61000000    -0.5559795462764818
363      3.62000000    -0.5544112202996466
364      3.63000000    -0.5528526000543629
365      3.64000000    -0.5513036290789620
366      3.65000000    -0.5497642448009034
367      3.66000000    -0.5482343786602304
368      3.67000000    -0.5467139562539458
369      3.68000000    -0.5452028975003986
370      3.69000000    -0.5437011168227986
371      3.70000000    -0.5422085233509686
372      3.71000000    -0.5407250211403555
373      3.72000000    -0.5392505094072315
374      3.73000000    -0.5377848827791847
375      3.74000000    -0.5363280315597351
376      3.75000000    -0.5348798420060377
377      3.76000000    -0.5334401966185969
378      3.77000000    -0.5320089744418245
379      3.78000000    -0.5305860513743262
380      3.79000000    -0.5291713004878426
381      3.80000000    -0.5277645923535845
382      3.81000000    -0.5263657953748933
383      3.82000000    -0.5249747761250408
384      3.83000000    -0.5235913996890460
385      3.84000000    -0.5222155300082968
386      3.85000000    -0.5208470302269449
387      3.86000000    -0.5194857630388426
388      3.87000000    -0.5181315910339993
389      3.88000000    -0.5167843770433799
390      3.89000000    -0.5154439844810531
391      3.90000000    -0.5141102776825885
392      3.91000000    -0.5127831222386543
393      3.92000000    -0.5114623853229134
394      3.93000000    -0.5101479360131425
395      3.94000000    -0.5088396456046550
396      3.95000000    -0.5075373879152367
397      3.96000000    -0.5062410395805446
398      3.97000000    -0.5049504803392960
399      3.98000000    -0.5036655933073700
400      3.99000000    -0.5023862652401310
401      4.00000000    -0.5011123867822169
402      4.01000000    -0.4998438527041837
403      4.02000000    -0.4985805621253360
404      4.03000000    -0.4973224187222531
405      4.04000000    -0.4960693309223923
406      4.05000000    -0.4948212120824015
407      4.06000000    -0.4935779806506407
408      4.07000000    -0.4923395603136045
409      4.08000000    -0.4911058801258340
410      4.09000000    -0.4898768746231676
411      4.10000000    -0.4886524839190214
412      4.11000000    -0.4874326537835550
413      4.12000000    -0.4862173357056077
414      4.13000000    -0.4850064869373453
415      4.14000000    -0.4838000705216022
416      4.15000000    -0.4825980553019114
417      4.16000000    -0.4814004159153554
418      4.17000000    -0.4802071327683469
419      4.18000000    -0.4790181919955005
420      4.19000000    -0.4778335854018343
421      4.20000000    -0.4766533103885848
422      4.21000000    -0.4754773698629129
423      4.22000000    -0.4743057721318805
424      4.23000000    -0.4731385307810884
425      4.24000000    -0.4719756645383963
426      4.25000000    -0.4708171971232794
427      4.26000000    -0.4696631570821582
428      4.27000000    -0.4685135776104777
429      4.28000000    -0.4673684963619039
430      4.29000000    -0.4662279552454204
431      4.30000000    -0.4650920002108203
432      4.31000000    -0.4639606810233791
433      4.32000000    -0.4628340510283372
434      4.33000000    -0.4617121669058959
435      4.34000000    -0.4605950884175334
436      4.35000000    -0.4594828781443265
437      4.36000000    -0.4583756012180752
438      4.37000000    -0.4572733250460436
439      4.38000000    -0.4561761190300619
440      4.39000000    -0.4550840542808646
441      4.40000000    -0.4539972033283876
442      4.41000000    -0.4529156398289792
443      4.42000000    -0.4518394382701996
444      4.43000000    -0.4507686736741651
445      4.44000000    -0.4497034213001631
446      4.45000000    -0.4486437563474420
447      4.46000000    -0.4475897536589214
448      4.47000000    -0.4465414874266397
449      4.48000000    -0.4454990308998240
450      4.49000000    -0.4444624560961993
451      4.50000000    -0.4434318335175121
452      4.51000000    -0.4424072318698350
453      4.52000000    -0.4413887177895079
454      4.53000000    -0.4403763555754054
455      4.54000000    -0.4393702069281926
456      4.55000000    -0.4383703306973192
457      4.56000000    -0.4373767826362702
458      4.57000000    -0.4363896151668726
459      4.58000000    -0.4354088771530568
460      4.59000000    -0.4344346136848300
461      4.60000000    -0.4334668658728515
462      4.61000000    -0.4325056706541681
463      4.62000000    -0.4315510606095644
464      4.63000000    -0.4306030637930450
465      4.64000000    -0.4296617035737221
466      4.65000000    -0.4287269984905347
467      4.66000000    -0.4277989621201934
468      4.67000000    -0.4268776029585423
469      4.68000000    -0.4259629243156273
470      4.69000000    -0.4250549242247635
471      4.70000000    -0.4241535953656659
472      4.71000000    -0.4232589250018634
473      4.72000000    -0.4223708949325032
474      4.73000000    -0.4214894814585531
475      4.74000000    -0.4206146553635297
476      4.75000000    -0.4197463819086152
477      4.76000000    -0.4188846208422269
478      4.77000000    -0.4180293264239374
479      4.78000000    -0.4171804474625468
480      4.79000000    -0.4163379273682336
481      4.80000000    -0.4155017042185807
482      4.81000000    -0.4146717108382039
483      4.82000000    -0.4138478748917589
484      4.83000000    -0.4130301189900420
485      4.84000000    -0.4122183608088086
486      4.85000000    -0.4114125132200164
487      4.86000000    -0.4106124844350398
488      4.87000000    -0.4098181781594992
489      4.88000000    -0.4090294937592163
490      4.89000000    -0.4082463264368593
491      4.90000000    -0.4074685674187380
492      4.91000000    -0.4066961041513016
493      4.92000000    -0.4059288205067285
494      4.93000000    -0.4051665969970656
495      4.94000000    -0.4044093109964063
496      4.95000000    -0.4036568369703951
497      4.96000000    -0.4029090467125226
498      4.97000000    -0.4021658095865969
499      4.98000000    -0.4014269927747049
500      4.99000000    -0.4006924615300286
501      5.00000000    -0.3999620794339032
502      5.01000000    -0.3992357086563854
503      5.02000000    -0.3985132102197262
504      5.03000000    -0.3977944442640384
505      5.04000000    -0.3970792703144691
506      5.05000000    -0.3963675475493083
507      5.06000000    -0.3956591350681689
508      5.07000000    -0.3949538921598025
509      5.08000000    -0.3942516785686712
510      5.09000000    -0.3935523547597904
511      5.10000000    -0.3928557821810863
512      5.11000000    -0.3921618235226635
513      5.12000000    -0.3914703429723824
514      5.13000000    -0.3907812064670799
515      5.14000000    -0.3900942819388941
516      5.15000000    -0.3894094395560493
517      5.16000000    -0.3887265519576045
518      5.17000000    -0.3880454944815396
519      5.18000000    -0.3873661453857212
520      5.19000000    -0.3866883860612011
521      5.20000000    -0.3860121012374003
522      5.21000000    -0.3853371791786669
523      5.22000000    -0.3846635118718085
524      5.23000000    -0.3839909952041919
525      5.24000000    -0.3833195291320178
526      5.25000000    -0.3826490178383872
527      5.26000000    -0.3819793698808792
528      5.27000000    -0.3813104983282953
529      5.28000000    -0.3806423208863269
530      5.29000000    -0.3799747600118750
531      5.30000000    -0.3793077430158526
532      5.31000000    -0.3786412021542328
533      5.32000000    -0.3779750747072205
534      5.33000000    -0.3773093030464374
535      5.34000000    -0.3766438346900022
536      5.35000000    -0.3759786223454453
537      5.36000000    -0.3753136239404633
538      5.37000000    -0.3746488026414662
539      5.38000000    -0.3739841268599844
540      5.39000000    -0.3733195702469636
541      5.40000000    -0.3726551116750998
542      5.41000000    -0.3719907352092255
543      5.42000000    -0.3713264300650306
544      5.43000000    -0.3706621905561643
545      5.44000000    -0.3699980160300350
546      5.45000000    -0.3693339107924340
547      5.46000000    -0.3686698840213418
548      5.47000000    -0.3680059496701156
549      5.48000000    -0.3673421263604183
550      5.49000000    -0.3666784372651776
551      5.50000000    -0.3660149099819747
552      5.51000000    -0.3653515763971931
553      5.52000000    -0.3646884725413386
554      5.53000000    -0.3640256384359452
555      5.54000000    -0.3633631179325020
556      5.55000000    -0.3627009585438466
557      5.56000000    -0.3620392112684585
558      5.57000000    -0.3613779304081812
559      5.58000000    -0.3607171733798372
560      5.59000000    -0.3600570005212289
561      5.60000000    -0.3593974748920372
562      5.61000000    -0.3587386620701926
563      5.62000000    -0.3580806299441484
564      5.63000000    -0.3574234485016972
565      5.64000000    -0.3567671896157860
566      5.65000000    -0.3561119268279377
567      5.66000000    -0.3554577351297610
568      5.67000000    -0.3548046907431673
569      5.68000000    -0.3541528708997723
570      5.69000000    -0.3535023536200664
571      5.70000000    -0.3528532174928845
572      5.71000000    -0.3522055414557039
573      5.72000000    -0.3515594045762953
574      5.73000000    -0.3509148858362789
575      5.74000000    -0.3502720639170565
576      5.75000000    -0.3496310169886489
577      5.76000000    -0.3489918225019174
578      5.77000000    -0.3483545569846861
579      5.78000000    -0.3477192958421656
580      5.79000000    -0.3470861131621740
581      5.80000000    -0.3464550815256275
582      5.81000000    -0.3458262718226167
583      5.82000000    -0.3451997530745915
584      5.83000000    -0.3445755922629437
585      5.84000000    -0.3439538541644232
586      5.85000000    -0.3433346011936875
587      5.86000000    -0.3427178932533420
588      5.87000000    -0.3421037875917468
589      5.88000000    -0.3414923386689100
590      5.89000000    -0.3408835980306955
591      5.90000000    -0.3402776141915953
592      5.91000000    -0.3396744325262909
593      5.92000000    -0.3390740951701754
594      5.93000000    -0.3384766409290375
595      5.94000000    -0.3378821051980053
596      5.95000000    -0.3372905198899027
597      5.96000000    -0.3367019133731041
598      5.97000000    -0.3361163104189625
599      5.98000000    -0.3355337321588495
600      5.99000000    -0.3349541960508189
601      6.00000000    -0.3343777158559266
602      6.01000000    -0.3338043016241512
603      6.02000000    -0.3332339596898514
604      6.03000000    -0.3326666926767399
605      6.04000000    -0.3321024995122232
606      6.05000000    -0.3315413754510133
607      6.06000000    -0.3309833121078678
608      6.07000000    -0.3304282974992966
609      6.08000000    -0.3298763160940315
610      6.09000000    -0.3293273488720891
611      6.10000000    -0.3287813733921695
612      6.11000000    -0.3282383638671612
613      6.12000000    -0.3276982912474993
614      6.13000000    -0.3271611233120824
615      6.14000000    -0.3266268247664384
616      6.15000000    -0.3260953573478885
617      6.16000000    -0.3255666799373023
618      6.17000000    -0.3250407486771505
619      6.18000000    -0.3245175170955141
620      6.19000000    -0.3239969362356360
621      6.20000000    -0.3234789547906812
622      6.21000000    -0.3229635192432921
623      6.22000000    -0.3224505740095793
624      6.23000000    -0.3219400615870923
625      6.24000000    -0.3214319227064122
626      6.25000000    -0.3209260964859005
627      6.26000000    -0.3204225205892584
628      6.27000000    -0.3199211313853713
629      6.28000000    -0.3194218641101124
630      6.29000000    -0.3189246530296094
631      6.30000000    -0.3184294316045863
632      6.31000000    -0.3179361326553263
633      6.32000000    -0.3174446885268653
634      6.33000000    -0.3169550312539551
635      6.34000000    -0.3164670927254173
636      6.35000000    -0.3159808048474419
637      6.36000000    -0.3154960997054566
638      6.37000000    -0.3150129097241476
639      6.38000000    -0.3145311678252415
640      6.39000000    -0.3140508075826764
641      6.40000000    -0.3135717633747961
642      6.41000000    -0.3130939705331792
643      6.42000000    -0.3126173654877727
644      6.43000000    -0.3121418859080182
645      6.44000000    -0.3116674708395704
646      6.45000000    -0.3111940608364100
647      6.46000000    -0.3107215980879193
648      6.47000000    -0.3102500265407817
649      6.48000000    -0.3097792920153257
650      6.49000000    -0.3093093423161259
651      6.50000000    -0.3088401273366213
652      6.51000000    -0.3083715991575050
653      6.52000000    -0.3079037121387425
654      6.53000000    -0.3074364230049761
655      6.54000000    -0.3069696909242131
656      6.55000000    -0.3065034775796165
657      6.56000000    -0.3060377472342833
658      6.57000000    -0.3055724667889158
659      6.58000000    -0.3051076058323027
660      6.59000000    -0.3046431366845074
661      6.60000000    -0.3041790344327794
662      6.61000000    -0.3037152769600830
663      6.62000000    -0.3032518449663128
664      6.63000000    -0.3027887219821319
665      6.64000000    -0.3023258943755391
666      6.65000000    -0.3018633513511103
667      6.66000000    -0.3014010849420911
668      6.67000000    -0.3009390899953330
669      6.68000000    -0.3004773641492218
670      6.69000000    -0.3000159078046992
671      6.70000000    -0.2995547240895194
672      6.71000000    -0.2990938188158593
673      6.72000000    -0.2986332004315178
674      6.73000000    -0.2981728799647882
675      6.74000000    -0.2977128709632882
676      6.75000000    -0.2972531894269045
677      6.76000000    -0.2967938537350791
678      6.77000000    -0.2963348845687024
679      6.78000000    -0.2958763048268140
680      6.79000000    -0.2954181395384156
681      6.80000000    -0.2949604157696213
682      6.81000000    -0.2945031625264602
683      6.82000000    -0.2940464106535838
684      6.83000000    -0.2935901927292165
685      6.84000000    -0.2931345429565942
686      6.85000000    -0.2926794970522504
687      6.86000000    -0.2922250921314370
688      6.87000000    -0.2917713665909993
689      6.88000000    -0.2913183599900371
690      6.89000000    -0.2908661129286823
691      6.90000000    -0.2904146669252857
692      6.91000000    -0.2899640642923861
693      6.92000000    -0.2895143480117667
694      6.93000000    -0.2890655616089255
695      6.94000000    -0.2886177490273007
696      6.95000000    -0.2881709545025656
697      6.96000000    -0.2877252224373116
698      6.97000000    -0.2872805972764643
699      6.98000000    -0.2868371233836863
700      6.99000000    -0.2863948449191741
701      7.00000000    -0.2859538057190324
702      7.01000000    -0.2855140491766293
703      7.02000000    -0.2850756181261583
704      7.03000000    -0.2846385547286858
705      7.04000000    -0.2842029003610015
706      7.05000000    -0.2837686955074892
707      7.06000000    -0.2833359796552924
708      7.07000000    -0.2829047911929989
709      7.08000000    -0.2824751673131071
710      7.09000000    -0.2820471439184440
711      7.10000000    -0.2816207555327959
712      7.11000000    -0.2811960352158979
713      7.12000000    -0.2807730144829917
714      7.13000000    -0.2803517232291226
715      7.14000000    -0.2799321896583001
716      7.15000000    -0.2795144402176928
717      7.16000000    -0.2790984995369754
718      7.17000000    -0.2786843903729365
719      7.18000000    -0.2782721335594397
720      7.19000000    -0.2778617479628259
721      7.20000000    -0.2774532504428400
722      7.21000000    -0.2770466558191012
723      7.22000000    -0.2766419768431894
724      7.23000000    -0.2762392241763535
725      7.24000000    -0.2758384063728529
726      7.25000000    -0.2754395298689170
727      7.26000000    -0.2750425989773354
728      7.27000000    -0.2746476158876130
729      7.28000000    -0.2742545806716342
730      7.29000000    -0.2738634912948191
731      7.30000000    -0.2734743436326417
732      7.31000000    -0.2730871314924586
733      7.32000000    -0.2727018466405285
734      7.33000000    -0.2723184788341235
735      7.34000000    -0.2719370158585731
736      7.35000000    -0.2715574435691349
737      7.36000000    -0.2711797459375400
738      7.37000000    -0.2708039051030225
739      7.38000000    -0.2704299014276901
740      7.39000000    -0.2700577135560576
741      7.40000000    -0.2696873184785254
742      7.41000000    -0.2693186915986173
743      7.42000000    -0.2689518068038029
744      7.43000000    -0.2685866365396339
745      7.44000000    -0.2682231518870040
746      7.45000000    -0.2678613226423124
747      7.46000000    -0.2675011174002829
748      7.47000000    -0.2671425036391946
749      7.48000000    -0.2667854478083150
750      7.49000000    -0.2664299154172396
751      7.50000000    -0.2660758711269257
752      7.51000000    -0.2657232788421679
753      7.52000000    -0.2653721018052624
754      7.53000000    -0.2650223026905509
755      7.54000000    -0.2646738436996968
756      7.55000000    -0.2643266866573477
757      7.56000000    -0.2639807931069658
758      7.57000000    -0.2636361244065803
759      7.58000000    -0.2632926418242073
760      7.59000000    -0.2629503066326907
761      7.60000000    -0.2626090802037103
762      7.61000000    -0.2622689241007428
763      7.62000000    -0.2619298001707430
764      7.63000000    -0.2615916706342687
765      7.64000000    -0.2612544981738875
766      7.65000000    -0.2609182460206332
767      7.66000000    -0.2605828780382788
768      7.67000000    -0.2602483588052344
769      7.68000000    -0.2599146536939040
770      7.69000000    -0.2595817289472799
771      7.70000000    -0.2592495517526182
772      7.71000000    -0.2589180903120099
773      7.72000000    -0.2585873139097244
774      7.73000000    -0.2582571929761279
775      7.74000000    -0.2579276991480794
776      7.75000000    -0.2575988053256569
777      7.76000000    -0.2572704857250971
778      7.77000000    -0.2569427159278524
779      7.78000000    -0.2566154729256422
780      7.79000000    -0.2562887351614681
781      7.80000000    -0.2559624825664426
782      7.81000000    -0.2556366965924461
783      7.82000000    -0.2553113602405066
784      7.83000000    -0.2549864580848957
785      7.84000000    -0.2546619762928901
786      7.85000000    -0.2543379026402057
787      7.86000000    -0.2540142265220704
788      7.87000000    -0.2536909389599806
789      7.88000000    -0.2533680326041237
790      7.89000000    -0.2530455017315064
791      7.90000000    -0.2527233422398488
792      7.91000000    -0.2524015516372598
793      7.92000000    -0.2520801290277744
794      7.93000000    -0.2517590750928536
795      7.94000000    -0.2514383920688444
796      7.95000000    -0.2511180837205849
797      7.96000000    -0.2507981553112067
798      7.97000000    -0.2504786135682374
799      7.98000000    -0.2501594666461419
800      7.99000000    -0.2498407240854256
801      8.00000000    -0.2495223967684353
802      8.01000000    -0.2492044968719757
803      8.02000000    -0.2488870378169261
804      8.03000000    -0.2485700342149857
805      8.04000000    -0.2482535018127237
806      8.05000000    -0.2479374574331022
807      8.06000000    -0.2476219189146216
808      8.07000000    -0.2473069050482984
809      8.08000000    -0.2469924355126389
810      8.09000000    -0.2466785308067935
811      8.10000000    -0.2463652121820769
812      8.11000000    -0.2460525015720591
813      8.12000000    -0.2457404215214156
814      8.13000000    -0.2454289951137162
815      8.14000000    -0.2451182458983586
816      8.15000000    -0.2448081978168671
817      8.16000000    -0.2444988751286997
818      8.17000000    -0.2441903023368167
819      8.18000000    -0.2438825041131542
820      8.19000000    -0.2435755052242413
821      8.20000000    -0.2432693304571368
822      8.21000000    -0.2429640045458388
823      8.22000000    -0.2426595520984257
824      8.23000000    -0.2423559975250386
825      8.24000000    -0.2420533649669407
826      8.25000000    -0.2417516782267940
827      8.26000000    -0.2414509607003358
828      8.27000000    -0.2411512353096179
829      8.28000000    -0.2408525244379826
830      8.29000000    -0.2405548498668947
831      8.30000000    -0.2402582327148293
832      8.31000000    -0.2399626933782902
833      8.32000000    -0.2396682514751722
834      8.33000000    -0.2393749257905141
835      8.34000000    -0.2390827342248318
836      8.35000000    -0.2387916937450971
837      8.36000000    -0.2385018203384886
838      8.37000000    -0.2382131289689980
839      8.38000000    -0.2379256335370113
840      8.39000000    -0.2376393468418890
841      8.40000000    -0.2373542805476811
842      8.41000000    -0.2370704451519799
843      8.42000000    -0.2367878499580168
844      8.43000000    -0.2365065030499996
845      8.44000000    -0.2362264112717727
846      8.45000000    -0.2359475802088062
847      8.46000000    -0.2357436746946801
848      8.47000000    -0.2355404747260498
849      8.48000000    -0.2353377985850628
850      8.49000000    -0.2351354621509894
851      8.50000000    -0.2349332795535350
852      8.51000000    -0.2347310638281942
853      8.52000000    -0.2345286275713358
854      8.53000000    -0.2343257835927095
855      8.54000000    -0.2341223455631108
856      8.55000000    -0.2339181286549707
857      8.56000000    -0.2336448598130841
858      8.57000000    -0.2333722287047841
859      8.58000000    -0.2331002331002331
860      8.59000000    -0.2328288707799767
861      8.60000000    -0.2325581395348837
862      8.61000000    -0.2322880371660860
863      8.62000000    -0.2320185614849188
864      8.63000000    -0.2317497103128621
865      8.64000000    -0.2314814814814815
866      8.65000000    -0.2312138728323700
867      8.66000000    -0.2309468822170901
868      8.67000000    -0.2306805074971165
869      8.68000000    -0.2304147465437788
870      8.69000000    -0.2301495972382049
871      8.70000000    -0.2298850574712644
872      8.71000000    -0.2296211251435132
873      8.72000000    -0.2293577981651377
874      8.73000000    -0.2290950744558992
875      8.74000000    -0.2288329519450801
876      8.75000000    -0.2285714285714286
877      8.76000000    -0.2283105022831050
878      8.77000000    -0.2280501710376283
879      8.78000000    -0.2277904328018223
880      8.79000000    -0.2275312855517634
881      8.80000000    -0.2272727272727273
882      8.81000000    -0.2270147559591374
883      8.82000000    -0.2267573696145125
884      8.83000000    -0.2265005662514156
885      8.84000000    -0.2262443438914027
886      8.85000000    -0.2259887005649718
887      8.86000000    -0.2257336343115124
888      8.87000000    -0.2254791431792559
889      8.88000000    -0.2252252252252253
890      8.89000000    -0.2249718785151856
891      8.90000000    -0.2247191011235956
892      8.91000000    -0.2244668911335578
893      8.92000000    -0.2242152466367713
894      8.93000000    -0.2239641657334827
895      8.94000000    -0.2237136465324385
896      8.95000000    -0.2234636871508380
897      8.96000000    -0.2232142857142857
898      8.97000000    -0.2229654403567447
899      8.98000000    -0.2227171492204900
900      8.99000000    -0.2224694104560623
901      9.00000000    -0.2222222222222222
902      9.01000000    -0.2219755826859046
903      9.02000000    -0.2217294900221730
904      9.03000000    -0.2214839424141749
905      9.04000000    -0.2212389380530974
906      9.05000000    -0.2209944751381215
907      9.06000000    -0.2207505518763797
908      9.07000000    -0.2205071664829107
909      9.08000000    -0.2202643171806167
910      9.09000000    -0.2200220022002200
911      9.10000000    -0.2197802197802198
912      9.11000000    -0.2195389681668496
913      9.12000000    -0.2192982456140351
914      9.13000000    -0.2190580503833516
915      9.14000000    -0.2188183807439825
916      9.15000000    -0.2185792349726776
917      9.16000000    -0.2183406113537118
918      9.17000000    -0.2181025081788441
919      9.18000000    -0.2178649237472767
920      9.19000000    -0.2176278563656148
921      9.20000000    -0.2173913043478261
922      9.21000000    -0.2171552660152009
923      9.22000000    -0.2169197396963124
924      9.23000000    -0.2166847237269773
925      9.24000000    -0.2164502164502164
926      9.25000000    -0.2162162162162162
927      9.26000000    -0.2159827213822894
928      9.27000000    -0.2157497303128371
929      9.28000000    -0.2155172413793103
930      9.29000000    -0.2152852529601723
931      9.30000000    -0.2150537634408602
932      9.31000000    -0.2148227712137487
933      9.32000000    -0.2145922746781116
934      9.33000000    -0.2143622722400857
935      9.34000000    -0.2141327623126338
936      9.35000000    -0.2139037433155080
937      9.36000000    -0.2136752136752137
938      9.37000000    -0.2134471718249733
939      9.38000000    -0.2132196162046908
940      9.39000000    -0.2129925452609158
941      9.40000000    -0.2127659574468085
942      9.41000000    -0.2125398512221041
943      9.42000000    -0.2123142250530786
944      9.43000000    -0.2120890774125133
945      9.44000000    -0.2118644067796610
946      9.45000000    -0.2116402116402117
947      9.46000000    -0.2114164904862579
948      9.47000000    -0.2111932418162619
949      9.48000000    -0.2109704641350211
950      9.49000000    -0.2107481559536354
951      9.50000000    -0.2105263157894737
952      9.51000000    -0.2103049421661409
953      9.52000000    -0.2100840336134454
954      9.53000000    -0.2098635886673662
955      9.54000000    -0.2096436058700210
956      9.55000000    -0.2094240837696335
957      9.56000000    -0.2092050209205021
958      9.57000000    -0.2089864158829676
959      9.58000000    -0.2087682672233820
960      9.59000000    -0.2085505735140772
961      9.60000000    -0.2083333333333333
962      9.61000000    -0.2081165452653486
963      9.62000000    -0.2079002079002079
964      9.63000000    -0.2076843198338526
965      9.64000000    -0.2074688796680498
966      9.65000000    -0.2072538860103627
967      9.66000000    -0.2070393374741201
968      9.67000000    -0.2068252326783868
969      9.68000000    -0.2066115702479339
970      9.69000000    -0.2063983488132095
971      9.70000000    -0.2061855670103093
972      9.71000000    -0.2059732234809475
973      9.72000000    -0.2057613168724280
974      9.73000000    -0.2055498458376156
975      9.74000000    -0.2053388090349076
976      9.75000000    -0.2051282051282051
977      9.76000000    -0.2049180327868853
978      9.77000000    -0.2047082906857728
979      9.78000000    -0.2044989775051125
980      9.79000000    -0.2042900919305414
981      9.80000000    -0.2040816326530612
982      9.81000000    -0.2038735983690112
983      9.82000000    -0.2036659877800407
984      9.83000000    -0.2034587995930824
985      9.84000000    -0.2032520325203252
986      9.85000000    -0.2030456852791878
987      9.86000000    -0.2028397565922921
988      9.87000000    -0.2026342451874367
989      9.88000000    -0.2024291497975709
990      9.89000000    -0.2022244691607684
991      9.90000000    -0.2020202020202020
992      9.91000000    -0.2018163471241171
993      9.92000000    -0.2016129032258065
994      9.93000000    -0.2014098690835851
995      9.94000000    -0.2012072434607646
996      9.95000000    -0.2010050251256282
997      9.96000000    -0.2008032128514056
998      9.97000000    -0.2006018054162488
999      9.98000000    -0.2004008016032064
1000      9.99000000    -0.2002002002002002
1001     10.00000000    -0.2000000000000000
1002     10.01000000    -0.1998001998001998
1003     10.02000000    -0.1996007984031936
1004     10.03000000    -0.1994017946161515
1005     10.04000000    -0.1992031872509960
1006     10.05000000    -0.1990049751243781
1007     10.06000000    -0.1988071570576541
1008     10.07000000    -0.1986097318768620
1009     10.08000000    -0.1984126984126984
1010     10.09000000    -0.1982160555004955
1011     10.10000000    -0.1980198019801980
1012     10.11000000    -0.1978239366963403
1013     10.12000000    -0.1976284584980237
1014     10.13000000    -0.1974333662388944
1015     10.14000000    -0.1972386587771203
1016     10.15000000    -0.1970443349753695
1017     10.16000000    -0.1968503937007874
1018     10.17000000    -0.1966568338249754
1019     10.18000000    -0.1964636542239686
1020     10.19000000    -0.1962708537782139
1021     10.20000000    -0.1960784313725490
1022     10.21000000    -0.1958863858961802
1023     10.22000000    -0.1956947162426615
1024     10.23000000    -0.1955034213098729
1025     10.24000000    -0.1953125000000000
1026     10.25000000    -0.1951219512195122
1027     10.26000000    -0.1949317738791423
1028     10.27000000    -0.1947419668938656
1029     10.28000000    -0.1945525291828794
1030     10.29000000    -0.1943634596695821
1031     10.30000000    -0.1941747572815534
1032     10.31000000    -0.1939864209505335
1033     10.32000000    -0.1937984496124031
1034     10.33000000    -0.1936108422071636
1035     10.34000000    -0.1934235976789168
1036     10.35000000    -0.1932367149758454
1037     10.36000000    -0.1930501930501931
1038     10.37000000    -0.1928640308582449
1039     10.38000000    -0.1926782273603083
1040     10.39000000    -0.1924927815206930
1041     10.40000000    -0.1923076923076923
1042     10.41000000    -0.1921229586935639
1043     10.42000000    -0.1919385796545106
1044     10.43000000    -0.1917545541706616
1045     10.44000000    -0.1915708812260536
1046     10.45000000    -0.1913875598086124
1047     10.46000000    -0.1912045889101338
1048     10.47000000    -0.1910219675262655
1049     10.48000000    -0.1908396946564885
1050     10.49000000    -0.1906577693040991
1051     10.50000000    -0.1904761904761905
1052     10.51000000    -0.1902949571836346
1053     10.52000000    -0.1901140684410647
1054     10.53000000    -0.1899335232668566
1055     10.54000000    -0.1897533206831120
1056     10.55000000    -0.1895734597156398
1057     10.56000000    -0.1893939393939394
1058     10.57000000    -0.1892147587511826
1059     10.58000000    -0.1890359168241966
1060     10.59000000    -0.1888574126534467
1061     10.60000000    -0.1886792452830189
1062     10.61000000    -0.1885014137606032
1063     10.62000000    -0.1883239171374765
1064     10.63000000    -0.1881467544684854
1065     10.64000000    -0.1879699248120301
1066     10.65000000    -0.1877934272300470
1067     10.66000000    -0.1876172607879925
1068     10.67000000    -0.1874414245548266
1069     10.68000000    -0.1872659176029963
1070     10.69000000    -0.1870907390084191
1071     10.70000000    -0.1869158878504673
1072     10.71000000    -0.1867413632119514
1073     10.72000000    -0.1865671641791045
1074     10.73000000    -0.1863932898415657
1075     10.74000000    -0.1862197392923650
1076     10.75000000    -0.1860465116279070
1077     10.76000000    -0.1858736059479554
1078     10.77000000    -0.1857010213556175
1079     10.78000000    -0.1855287569573284
1080     10.79000000    -0.1853568118628360
1081     10.80000000    -0.1851851851851852
1082     10.81000000    -0.1850138760407031
1083     10.82000000    -0.1848428835489834
1084     10.83000000    -0.1846722068328716
1085     10.84000000    -0.1845018450184502
1086     10.85000000    -0.1843317972350230
1087     10.86000000    -0.1841620626151013
1088     10.87000000    -0.1839926402943882
1089     10.88000000    -0.1838235294117647
1090     10.89000000    -0.1836547291092746
1091     10.90000000    -0.1834862385321101
1092     10.91000000    -0.1833180568285976
1093     10.92000000    -0.1831501831501831
1094     10.93000000    -0.1829826166514181
1095     10.94000000    -0.1828153564899452
1096     10.95000000    -0.1826484018264840
1097     10.96000000    -0.1824817518248175
1098     10.97000000    -0.1823154056517776
1099     10.98000000    -0.1821493624772313
1100     10.99000000    -0.1819836214740673
1101     11.00000000    -0.1818181818181818
1102     11.01000000    -0.1816530426884650
1103     11.02000000    -0.1814882032667877
1104     11.03000000    -0.1813236627379873
1105     11.04000000    -0.1811594202898551
1106     11.05000000    -0.1809954751131222
1107     11.06000000    -0.1808318264014467
1108     11.07000000    -0.1806684733514002
1109     11.08000000    -0.1805054151624549
1110     11.09000000    -0.1803426510369703
1111     11.10000000    -0.1801801801801802
1112     11.11000000    -0.1800180018001800
1113     11.12000000    -0.1798561151079137
1114     11.13000000    -0.1796945193171609
1115     11.14000000    -0.1795332136445242
1116     11.15000000    -0.1793721973094171
1117     11.16000000    -0.1792114695340502
1118     11.17000000    -0.1790510295434199
1119     11.18000000    -0.1788908765652952
1120     11.19000000    -0.1787310098302055
1121     11.20000000    -0.1785714285714286
1122     11.21000000    -0.1784121320249777
1123     11.22000000    -0.1782531194295900
1124     11.23000000    -0.1780943900267141
1125     11.24000000    -0.1779359430604982
1126     11.25000000    -0.1777777777777778
1127     11.26000000    -0.1776198934280639
1128     11.27000000    -0.1774622892635315
1129     11.28000000    -0.1773049645390071
1130     11.29000000    -0.1771479185119575
1131     11.30000000    -0.1769911504424779
1132     11.31000000    -0.1768346595932803
1133     11.32000000    -0.1766784452296820
1134     11.33000000    -0.1765225066195940
1135     11.34000000    -0.1763668430335097
1136     11.35000000    -0.1762114537444934
1137     11.36000000    -0.1760563380281690
1138     11.37000000    -0.1759014951627089
1139     11.38000000    -0.1757469244288225
1140     11.39000000    -0.1755926251097454
1141     11.40000000    -0.1754385964912281
1142     11.41000000    -0.1752848378615250
1143     11.42000000    -0.1751313485113835
1144     11.43000000    -0.1749781277340333
1145     11.44000000    -0.1748251748251748
1146     11.45000000    -0.1746724890829695
1147     11.46000000    -0.1745200698080279
1148     11.47000000    -0.1743679163034002
1149     11.48000000    -0.1742160278745644
1150     11.49000000    -0.1740644038294169
1151     11.50000000    -0.1739130434782609
1152     11.51000000    -0.1737619461337967
1153     11.52000000    -0.1736111111111111
1154     11.53000000    -0.1734605377276670
1155     11.54000000    -0.1733102253032929
1156     11.55000000    -0.1731601731601732
1157     11.56000000    -0.1730103806228374
1158     11.57000000    -0.1728608470181504
1159     11.58000000    -0.1727115716753022
1160     11.59000000    -0.1725625539257981
1161     11.60000000    -0.1724137931034483
1162     11.61000000    -0.1722652885443583
1163     11.62000000    -0.1721170395869191
1164     11.63000000    -0.1719690455717971
1165     11.64000000    -0.1718213058419244
1166     11.65000000    -0.1716738197424893
1167     11.66000000    -0.1715265866209262
1168     11.67000000    -0.1713796058269066
1169     11.68000000    -0.1712328767123288
1170     11.69000000    -0.1710863986313088
1171     11.70000000    -0.1709401709401709
1172     11.71000000    -0.1707941929974381
1173     11.72000000    -0.1706484641638225
1174     11.73000000    -0.1705029838022165
1175     11.74000000    -0.1703577512776831
1176     11.75000000    -0.1702127659574468
1177     11.76000000    -0.1700680272108843
1178     11.77000000    -0.1699235344095157
1179     11.78000000    -0.1697792869269949
1180     11.79000000    -0.1696352841391010
1181     11.80000000    -0.1694915254237288
1182     11.81000000    -0.1693480101608806
1183     11.82000000    -0.1692047377326565
1184     11.83000000    -0.1690617075232460
1185     11.84000000    -0.1689189189189189
1186     11.85000000    -0.1687763713080169
1187     11.86000000    -0.1686340640809444
1188     11.87000000    -0.1684919966301600
1189     11.88000000    -0.1683501683501684
1190     11.89000000    -0.1682085786375105
1191     11.90000000    -0.1680672268907563
1192     11.91000000    -0.1679261125104954
1193     11.92000000    -0.1677852348993289
1194     11.93000000    -0.1676445934618609
1195     11.94000000    -0.1675041876046901
1196     11.95000000    -0.1673640167364017
1197     11.96000000    -0.1672240802675585
1198     11.97000000    -0.1670843776106934
1199     11.98000000    -0.1669449081803005
1200     11.99000000    -0.1668056713928273
1201     12.00000000    -0.1666666666666667
1202     12.01000000    -0.1665278934221482
1203     12.02000000    -0.1663893510815308
1204     12.03000000    -0.1662510390689942
1205     12.04000000    -0.1661129568106312
1206     12.05000000    -0.1659751037344398
1207     12.06000000    -0.1658374792703151
1208     12.07000000    -0.1657000828500414
1209     12.08000000    -0.1655629139072848
1210     12.09000000    -0.1654259718775848
1211     12.10000000    -0.1652892561983471
1212     12.11000000    -0.1651527663088357
1213     12.12000000    -0.1650165016501650
1214     12.13000000    -0.1648804616652927
1215     12.14000000    -0.1647446457990115
1216     12.15000000    -0.1646090534979424
1217     12.16000000    -0.1644736842105263
1218     12.17000000    -0.1643385373870173
1219     12.18000000    -0.1642036124794745
1220     12.19000000    -0.1640689089417555
1221     12.20000000    -0.1639344262295082
1222     12.21000000    -0.1638001638001638
1223     12.22000000    -0.1636661211129296
1224     12.23000000    -0.1635322976287817
1225     12.24000000    -0.1633986928104575
1226     12.25000000    -0.1632653061224490
1227     12.26000000    -0.1631321370309951
1228     12.27000000    -0.1629991850040750
1229     12.28000000    -0.1628664495114007
1230     12.29000000    -0.1627339300244101
1231     12.30000000    -0.1626016260162602
1232     12.31000000    -0.1624695369618196
1233     12.32000000    -0.1623376623376623
1234     12.33000000    -0.1622060016220600
1235     12.34000000    -0.1620745542949757
1236     12.35000000    -0.1619433198380567
1237     12.36000000    -0.1618122977346279
1238     12.37000000    -0.1616814874696847
1239     12.38000000    -0.1615508885298869
1240     12.39000000    -0.1614205004035512
1241     12.40000000    -0.1612903225806452
1242     12.41000000    -0.1611603545527800
1243     12.42000000    -0.1610305958132045
1244     12.43000000    -0.1609010458567981
1245     12.44000000    -0.1607717041800643
1246     12.45000000    -0.1606425702811245
1247     12.46000000    -0.1605136436597111
1248     12.47000000    -0.1603849238171612
1249     12.48000000    -0.1602564102564102
1250     12.49000000    -0.1601281024819856
1251     12.50000000    -0.1600000000000000
1252     12.51000000    -0.1598721023181455
1253     12.52000000    -0.1597444089456869
1254     12.53000000    -0.1596169193934557
1255     12.54000000    -0.1594896331738437
1256     12.55000000    -0.1593625498007968
1257     12.56000000    -0.1592356687898089
1258     12.57000000    -0.1591089896579157
1259     12.58000000    -0.1589825119236884
1260     12.59000000    -0.1588562351072280
1261     12.60000000    -0.1587301587301587
1262     12.61000000    -0.1586042823156225
1263     12.62000000    -0.1584786053882726
1264     12.63000000    -0.1583531274742676
1265     12.64000000    -0.1582278481012658
1266     12.65000000    -0.1581027667984190
1267     12.66000000    -0.1579778830963665
1268     12.67000000    -0.1578531965272297
1269     12.68000000    -0.1577287066246057
1270     12.69000000    -0.1576044129235619
1271     12.70000000    -0.1574803149606299
1272     12.71000000    -0.1573564122738002
1273     12.72000000    -0.1572327044025157
1274     12.73000000    -0.1571091908876669
1275     12.74000000    -0.1569858712715856
1276     12.75000000    -0.1568627450980392
1277     12.76000000    -0.1567398119122257
1278     12.77000000    -0.1566170712607674
1279     12.78000000    -0.1564945226917058
1280     12.79000000    -0.1563721657544957
1281     12.80000000    -0.1562500000000000
1282     12.81000000    -0.1561280249804840
1283     12.82000000    -0.1560062402496100
1284     12.83000000    -0.1558846453624318
1285     12.84000000    -0.1557632398753894
1286     12.85000000    -0.1556420233463035
1287     12.86000000    -0.1555209953343701
1288     12.87000000    -0.1554001554001554
1289     12.88000000    -0.1552795031055901
1290     12.89000000    -0.1551590380139643
1291     12.90000000    -0.1550387596899225
1292     12.91000000    -0.1549186676994578
1293     12.92000000    -0.1547987616099071
1294     12.93000000    -0.1546790409899459
1295     12.94000000    -0.1545595054095827
1296     12.95000000    -0.1544401544401544
1297     12.96000000    -0.1543209876543210
1298     12.97000000    -0.1542020046260602
1299     12.98000000    -0.1540832049306625
1300     12.99000000    -0.1539645881447267
1301     13.00000000    -0.1538461538461539
1302     13.01000000    -0.1537279016141430
1303     13.02000000    -0.1536098310291859
1304     13.03000000    -0.1534919416730622
1305     13.04000000    -0.1533742331288344
1306     13.05000000    -0.1532567049808429
1307     13.06000000    -0.1531393568147014
1308     13.07000000    -0.1530221882172915
1309     13.08000000    -0.1529051987767584
1310     13.09000000    -0.1527883880825057
1311     13.10000000    -0.1526717557251908
1312     13.11000000    -0.1525553012967201
1313     13.12000000    -0.1524390243902439
1314     13.13000000    -0.1523229246001523
1315     13.14000000    -0.1522070015220700
1316     13.15000000    -0.1520912547528517
1317     13.16000000    -0.1519756838905775
1318     13.17000000    -0.1518602885345482
1319     13.18000000    -0.1517450682852807
1320     13.19000000    -0.1516300227445034
1321     13.20000000    -0.1515151515151515
1322     13.21000000    -0.1514004542013626
1323     13.22000000    -0.1512859304084720
1324     13.23000000    -0.1511715797430083
1325     13.24000000    -0.1510574018126888
1326     13.25000000    -0.1509433962264151
1327     13.26000000    -0.1508295625942685
1328     13.27000000    -0.1507159005275057
1329     13.28000000    -0.1506024096385542
1330     13.29000000    -0.1504890895410083
1331     13.30000000    -0.1503759398496241
1332     13.31000000    -0.1502629601803155
1333     13.32000000    -0.1501501501501502
1334     13.33000000    -0.1500375093773443
1335     13.34000000    -0.1499250374812594
1336     13.35000000    -0.1498127340823970
1337     13.36000000    -0.1497005988023952
1338     13.37000000    -0.1495886312640239
1339     13.38000000    -0.1494768310911809
1340     13.39000000    -0.1493651979088872
1341     13.40000000    -0.1492537313432836
1342     13.41000000    -0.1491424310216256
1343     13.42000000    -0.1490312965722802
1344     13.43000000    -0.1489203276247208
1345     13.44000000    -0.1488095238095238
1346     13.45000000    -0.1486988847583643
1347     13.46000000    -0.1485884101040119
1348     13.47000000    -0.1484780994803267
1349     13.48000000    -0.1483679525222552
1350     13.49000000    -0.1482579688658265
1351     13.50000000    -0.1481481481481481
1352     13.51000000    -0.1480384900074019
1353     13.52000000    -0.1479289940828402
1354     13.53000000    -0.1478196600147820
1355     13.54000000    -0.1477104874446086
1356     13.55000000    -0.1476014760147601
1357     13.56000000    -0.1474926253687316
1358     13.57000000    -0.1473839351510685
1359     13.58000000    -0.1472754050073638
1360     13.59000000    -0.1471670345842531
1361     13.60000000    -0.1470588235294118
1362     13.61000000    -0.1469507714915503
1363     13.62000000    -0.1468428781204111
1364     13.63000000    -0.1467351430667645
1365     13.64000000    -0.1466275659824047
1366     13.65000000    -0.1465201465201465
1367     13.66000000    -0.1464128843338214
1368     13.67000000    -0.1463057790782736
1369     13.68000000    -0.1461988304093567
1370     13.69000000    -0.1460920379839299
1371     13.70000000    -0.1459854014598540
1372     13.71000000    -0.1458789204959883
1373     13.72000000    -0.1457725947521866
1374     13.73000000    -0.1456664238892935
1375     13.74000000    -0.1455604075691412
1376     13.75000000    -0.1454545454545454
1377     13.76000000    -0.1453488372093023
1378     13.77000000    -0.1452432824981845
1379     13.78000000    -0.1451378809869376
1380     13.79000000    -0.1450326323422770
1381     13.80000000    -0.1449275362318841
1382     13.81000000    -0.1448225923244026
1383     13.82000000    -0.1447178002894356
1384     13.83000000    -0.1446131597975416
1385     13.84000000    -0.1445086705202312
1386     13.85000000    -0.1444043321299639
1387     13.86000000    -0.1443001443001443
1388     13.87000000    -0.1441961067051190
1389     13.88000000    -0.1440922190201729
1390     13.89000000    -0.1439884809215263
1391     13.90000000    -0.1438848920863309
1392     13.91000000    -0.1437814521926671
1393     13.92000000    -0.1436781609195402
1394     13.93000000    -0.1435750179468772
1395     13.94000000    -0.1434720229555237
1396     13.95000000    -0.1433691756272402
1397     13.96000000    -0.1432664756446991
1398     13.97000000    -0.1431639226914818
1399     13.98000000    -0.1430615164520744
1400     13.99000000    -0.1429592566118656
1401     14.00000000    -0.1428571428571428
1402     14.01000000    -0.1427551748750892
1403     14.02000000    -0.1426533523537803
1404     14.03000000    -0.1425516749821810
1405     14.04000000    -0.1424501424501425
1406     14.05000000    -0.1423487544483986
1407     14.06000000    -0.1422475106685633
1408     14.07000000    -0.1421464108031272
1409     14.08000000    -0.1420454545454546
1410     14.09000000    -0.1419446415897800
1411     14.10000000    -0.1418439716312057
1412     14.11000000    -0.1417434443656981
1413     14.12000000    -0.1416430594900850
1414     14.13000000    -0.1415428167020524
1415     14.14000000    -0.1414427157001414
1416     14.15000000    -0.1413427561837456
1417     14.16000000    -0.1412429378531073
1418     14.17000000    -0.1411432604093155
1419     14.18000000    -0.1410437235543018
1420     14.19000000    -0.1409443269908386
1421     14.20000000    -0.1408450704225352
1422     14.21000000    -0.1407459535538353
1423     14.22000000    -0.1406469760900141
1424     14.23000000    -0.1405481377371750
1425     14.24000000    -0.1404494382022472
1426     14.25000000    -0.1403508771929824
1427     14.26000000    -0.1402524544179523
1428     14.27000000    -0.1401541695865452
1429     14.28000000    -0.1400560224089636
1430     14.29000000    -0.1399580125962211
1431     14.30000000    -0.1398601398601398
1432     14.31000000    -0.1397624039133473
1433     14.32000000    -0.1396648044692737
1434     14.33000000    -0.1395673412421493
1435     14.34000000    -0.1394700139470014
1436     14.35000000    -0.1393728222996516
1437     14.36000000    -0.1392757660167131
1438     14.37000000    -0.1391788448155880
1439     14.38000000    -0.1390820584144646
1440     14.39000000    -0.1389854065323141
1441     14.40000000    -0.1388888888888889
1442     14.41000000    -0.1387925052047189
1443     14.42000000    -0.1386962552011096
1444     14.43000000    -0.1386001386001386
1445     14.44000000    -0.1385041551246537
1446     14.45000000    -0.1384083044982699
1447     14.46000000    -0.1383125864453665
1448     14.47000000    -0.1382170006910850
1449     14.48000000    -0.1381215469613260
1450     14.49000000    -0.1380262249827467
1451     14.50000000    -0.1379310344827586
1452     14.51000000    -0.1378359751895245
1453     14.52000000    -0.1377410468319559
1454     14.53000000    -0.1376462491397109
1455     14.54000000    -0.1375515818431912
1456     14.55000000    -0.1374570446735395
1457     14.56000000    -0.1373626373626373
1458     14.57000000    -0.1372683596431023
1459     14.58000000    -0.1371742112482853
1460     14.59000000    -0.1370801919122687
1461     14.60000000    -0.1369863013698630
1462     14.61000000    -0.1368925393566051
1463     14.62000000    -0.1367989056087551
1464     14.63000000    -0.1367053998632946
1465     14.64000000    -0.1366120218579235
1466     14.65000000    -0.1365187713310580
1467     14.66000000    -0.1364256480218281
1468     14.67000000    -0.1363326516700750
1469     14.68000000    -0.1362397820163488
1470     14.69000000    -0.1361470388019061
1471     14.70000000    -0.1360544217687075
1472     14.71000000    -0.1359619306594154
1473     14.72000000    -0.1358695652173913
1474     14.73000000    -0.1357773251866938
1475     14.74000000    -0.1356852103120760
1476     14.75000000    -0.1355932203389831
1477     14.76000000    -0.1355013550135502
1478     14.77000000    -0.1354096140825999
1479     14.78000000    -0.1353179972936401
1480     14.79000000    -0.1352265043948614
1481     14.80000000    -0.1351351351351351
1482     14.81000000    -0.1350438892640108
1483     14.82000000    -0.1349527665317139
1484     14.83000000    -0.1348617666891436
1485     14.84000000    -0.1347708894878706
1486     14.85000000    -0.1346801346801347
1487     14.86000000    -0.1345895020188425
1488     14.87000000    -0.1344989912575656
1489     14.88000000    -0.1344086021505377
1490     14.89000000    -0.1343183344526528
1491     14.90000000    -0.1342281879194631
1492     14.91000000    -0.1341381623071764
1493     14.92000000    -0.1340482573726542
1494     14.93000000    -0.1339584728734093
1495     14.94000000    -0.1338688085676037
1496     14.95000000    -0.1337792642140468
1497     14.96000000    -0.1336898395721925
1498     14.97000000    -0.1336005344021376
1499     14.98000000    -0.1335113484646195
1500     14.99000000    -0.1334222815210140
1501     15.00000000    -0.1333333333333333
1502     15.01000000    -0.1332445036642239
1503     15.02000000    -0.1331557922769641
1504     15.03000000    -0.1330671989354624
1505     15.04000000    -0.1329787234042553
1506     15.05000000    -0.1328903654485050
1507     15.06000000    -0.1328021248339973
1508     15.07000000    -0.1327140013271400
1509     15.08000000    -0.1326259946949602
1510     15.09000000    -0.1325381047051027
1511     15.10000000    -0.1324503311258278
1512     15.11000000    -0.1323626737260093
1513     15.12000000    -0.1322751322751323
1514     15.13000000    -0.1321877065432915
1515     15.14000000    -0.1321003963011889
1516     15.15000000    -0.1320132013201320
1517     15.16000000    -0.1319261213720317
1518     15.17000000    -0.1318391562294001
1519     15.18000000    -0.1317523056653492
1520     15.19000000    -0.1316655694535879
1521     15.20000000    -0.1315789473684210
1522     15.21000000    -0.1314924391847469
1523     15.22000000    -0.1314060446780552
1524     15.23000000    -0.1313197636244255
1525     15.24000000    -0.1312335958005249
1526     15.25000000    -0.1311475409836066
1527     15.26000000    -0.1310615989515072
1528     15.27000000    -0.1309757694826457
1529     15.28000000    -0.1308900523560209
1530     15.29000000    -0.1308044473512099
1531     15.30000000    -0.1307189542483660
1532     15.31000000    -0.1306335728282169
1533     15.32000000    -0.1305483028720626
1534     15.33000000    -0.1304631441617743
1535     15.34000000    -0.1303780964797914
1536     15.35000000    -0.1302931596091205
1537     15.36000000    -0.1302083333333333
1538     15.37000000    -0.1301236174365648
1539     15.38000000    -0.1300390117035110
1540     15.39000000    -0.1299545159194282
1541     15.40000000    -0.1298701298701299
1542     15.41000000    -0.1297858533419857
1543     15.42000000    -0.1297016861219196
1544     15.43000000    -0.1296176279974076
1545     15.44000000    -0.1295336787564767
1546     15.45000000    -0.1294498381877023
1547     15.46000000    -0.1293661060802070
1548     15.47000000    -0.1292824822236587
1549     15.48000000    -0.1291989664082687
1550     15.49000000    -0.1291155584247902
1551     15.50000000    -0.1290322580645161
1552     15.51000000    -0.1289490651192779
1553     15.52000000    -0.1288659793814433
1554     15.53000000    -0.1287830006439150
1555     15.54000000    -0.1287001287001287
1556     15.55000000    -0.1286173633440514
1557     15.56000000    -0.1285347043701799
1558     15.57000000    -0.1284521515735388
1559     15.58000000    -0.1283697047496791
1560     15.59000000    -0.1282873636946761
1561     15.60000000    -0.1282051282051282
1562     15.61000000    -0.1281229980781550
1563     15.62000000    -0.1280409731113956
1564     15.63000000    -0.1279590531030070
1565     15.64000000    -0.1278772378516624
1566     15.65000000    -0.1277955271565495
1567     15.66000000    -0.1277139208173691
1568     15.67000000    -0.1276324186343331
1569     15.68000000    -0.1275510204081633
1570     15.69000000    -0.1274697259400892
1571     15.70000000    -0.1273885350318471
1572     15.71000000    -0.1273074474856779
1573     15.72000000    -0.1272264631043257
1574     15.73000000    -0.1271455816910362
1575     15.74000000    -0.1270648030495553
1576     15.75000000    -0.1269841269841270
1577     15.76000000    -0.1269035532994924
1578     15.77000000    -0.1268230818008878
1579     15.78000000    -0.1267427122940431
1580     15.79000000    -0.1266624445851805
1581     15.80000000    -0.1265822784810126
1582     15.81000000    -0.1265022137887413
1583     15.82000000    -0.1264222503160556
1584     15.83000000    -0.1263423878711308
1585     15.84000000    -0.1262626262626263
1586     15.85000000    -0.1261829652996845
1587     15.86000000    -0.1261034047919294
1588     15.87000000    -0.1260239445494644
1589     15.88000000    -0.1259445843828715
1590     15.89000000    -0.1258653241032096
1591     15.90000000    -0.1257861635220126
1592     15.91000000    -0.1257071024512885
1593     15.92000000    -0.1256281407035176
1594     15.93000000    -0.1255492780916510
1595     15.94000000    -0.1254705144291092
1596     15.95000000    -0.1253918495297806
1597     15.96000000    -0.1253132832080200
1598     15.97000000    -0.1252348152786475
1599     15.98000000    -0.1251564455569462
1600     15.99000000    -0.1250781738586617
1601     16.00000000    -0.1250000000000000
