[lmax] 0
[locp] 0
[rlocal] 1.0
[psp_type] 6

<CARTER>
Sb BLPS by Chen Huang: Coulomb tail starts at 4 bohr, vg0 is 0.45, q_cutoff is at 6.7 
51.00000              5.00000      20070909    zatom,  zion,  pspd
8    2   0   0   601   0    pspcode,pspxc,lmax,lloc,mmax,r2well
0   -1   0                       rchrg  fchrg   qchrg
0    0   0   0   0   nproj
0                    extension_switch
0
1    0.000000000000000    -1.322590698463743 
2    0.010000000000000    -1.322696360714947 
3    0.020000000000000    -1.323013205347147 
4    0.030000000000000    -1.323540806483755 
5    0.040000000000000    -1.324278455954328 
6    0.050000000000000    -1.325225165724796 
7    0.060000000000000    -1.326379671287410 
8    0.070000000000000    -1.327740435999638 
9    0.080000000000000    -1.329305656356330 
10    0.090000000000000    -1.331073268177096 
11    0.100000000000000    -1.333040953687448 
12    0.110000000000000    -1.335206149469284 
13    0.120000000000000    -1.337566055252927 
14    0.130000000000000    -1.340117643520468 
15    0.140000000000000    -1.342857669886927 
16    0.150000000000000    -1.345782684223288 
17    0.160000000000000    -1.348889042482665 
18    0.170000000000000    -1.352172919188707 
19    0.180000000000000    -1.355630320542615 
20    0.190000000000000    -1.359257098103014 
21    0.200000000000000    -1.363048962991589 
22    0.210000000000000    -1.367001500574265 
23    0.220000000000000    -1.371110185566909 
24    0.230000000000000    -1.375370397513201 
25    0.240000000000000    -1.379777436579798 
26    0.250000000000000    -1.384326539613825 
27    0.260000000000000    -1.389012896406536 
28    0.270000000000000    -1.393831666105477 
29    0.280000000000000    -1.398777993717868 
30    0.290000000000000    -1.403847026646616 
31    0.300000000000000    -1.409033931200859 
32    0.310000000000000    -1.414333909022215 
33    0.320000000000000    -1.419742213368674 
34    0.330000000000000    -1.425254165198039 
35    0.340000000000000    -1.430865168993523 
36    0.350000000000000    -1.436570728274827 
37    0.360000000000000    -1.442366460738853 
38    0.370000000000000    -1.448248112975573 
39    0.380000000000000    -1.454211574705574 
40    0.390000000000000    -1.460252892487399 
41    0.400000000000000    -1.466368282844735 
42    0.410000000000000    -1.472554144764585 
43    0.420000000000000    -1.478807071520624 
44    0.430000000000000    -1.485123861777033 
45    0.440000000000000    -1.491501529931004 
46    0.450000000000000    -1.497937315654369 
47    0.460000000000000    -1.504428692597734 
48    0.470000000000000    -1.510973376222313 
49    0.480000000000000    -1.517569330728427 
50    0.490000000000000    -1.524214775052152 
51    0.500000000000000    -1.530908187904672 
52    0.510000000000000    -1.537648311831700 
53    0.520000000000000    -1.544434156274158 
54    0.530000000000000    -1.551264999614363 
55    0.540000000000000    -1.558140390194395 
56    0.550000000000000    -1.565060146298650 
57    0.560000000000000    -1.572024355093548 
58    0.570000000000000    -1.579033370523157 
59    0.580000000000000    -1.586087810161062 
60    0.590000000000000    -1.593188551023559 
61    0.600000000000000    -1.600336724351850 
62    0.610000000000000    -1.607533709374863 
63    0.620000000000000    -1.614781126067693 
64    0.630000000000000    -1.622080826923423 
65    0.640000000000000    -1.629434887760321 
66    0.650000000000000    -1.636845597588833 
67    0.660000000000000    -1.644315447566490 
68    0.670000000000000    -1.651847119071705 
69    0.680000000000000    -1.659443470930330 
70    0.690000000000000    -1.667107525832167 
71    0.700000000000000    -1.674842455976736 
72    0.710000000000000    -1.682651567991041 
73    0.720000000000000    -1.690538287163974 
74    0.730000000000000    -1.698506141044436 
75    0.740000000000000    -1.706558742453201 
76    0.750000000000000    -1.714699771959745 
77    0.760000000000000    -1.722932959877468 
78    0.770000000000000    -1.731262067832920 
79    0.780000000000000    -1.739690869965898 
80    0.790000000000000    -1.748223133818292 
81    0.800000000000000    -1.756862600971938 
82    0.810000000000000    -1.765612967495325 
83    0.820000000000000    -1.774477864261128 
84    0.830000000000000    -1.783460837196495 
85    0.840000000000000    -1.792565327528769 
86    0.850000000000000    -1.801794652089376 
87    0.860000000000000    -1.811151983739073 
88    0.870000000000000    -1.820640331976922 
89    0.880000000000000    -1.830262523796399 
90    0.890000000000000    -1.840021184849758 
91    0.900000000000000    -1.849918720982267 
92    0.910000000000000    -1.859957300197390 
93    0.920000000000000    -1.870138835111050 
94    0.930000000000000    -1.880464965954114 
95    0.940000000000000    -1.890937044179391 
96    0.950000000000000    -1.901556116727723 
97    0.960000000000000    -1.912322911007205 
98    0.970000000000000    -1.923237820636017 
99    0.980000000000000    -1.934300891998477 
100    0.990000000000000    -1.945511811660610 
101    1.000000000000000    -1.956869894690423 
102    1.010000000000000    -1.968374073923895 
103    1.020000000000000    -1.980022890216298 
104    1.030000000000000    -1.991814483715057 
105    1.040000000000000    -2.003746586187307 
106    1.050000000000000    -2.015816514432970 
107    1.060000000000000    -2.028021164809869 
108    1.070000000000000    -2.040357008895388 
109    1.080000000000000    -2.052820090305054 
110    1.090000000000000    -2.065406022685647 
111    1.100000000000000    -2.078109988896022 
112    1.110000000000000    -2.090926741387048 
113    1.120000000000000    -2.103850603786763 
114    1.130000000000000    -2.116875473694537 
115    1.140000000000000    -2.129994826683845 
116    1.150000000000000    -2.143201721510155 
117    1.160000000000000    -2.156488806517051 
118    1.170000000000000    -2.169848327228776 
119    1.180000000000000    -2.183272135116416 
120    1.190000000000000    -2.196751697518849 
121    1.200000000000000    -2.210278108698530 
122    1.210000000000000    -2.223842102006743 
123    1.220000000000000    -2.237434063131609 
124    1.230000000000000    -2.251044044397525 
125    1.240000000000000    -2.264661780082523 
126    1.250000000000000    -2.278276702716529 
127    1.260000000000000    -2.291877960321093 
128    1.270000000000000    -2.305454434547988 
129    1.280000000000000    -2.318994759671552 
130    1.290000000000000    -2.332487342387672 
131    1.300000000000000    -2.345920382368977 
132    1.310000000000000    -2.359281893524518 
133    1.320000000000000    -2.372559725910032 
134    1.330000000000000    -2.385741588231945 
135    1.340000000000000    -2.398815070888428 
136    1.350000000000000    -2.411767669487505 
137    1.360000000000000    -2.424586808781973 
138    1.370000000000000    -2.437259866959021 
139    1.380000000000000    -2.449774200221861 
140    1.390000000000000    -2.462117167599734 
141    1.400000000000000    -2.474276155921580 
142    1.410000000000000    -2.486238604889451 
143    1.420000000000000    -2.497992032185432 
144    1.430000000000000    -2.509524058547926 
145    1.440000000000000    -2.520822432751787 
146    1.450000000000000    -2.531875056427764 
147    1.460000000000000    -2.542670008656972 
148    1.470000000000000    -2.553195570276655 
149    1.480000000000000    -2.563440247834822 
150    1.490000000000000    -2.573392797131884 
151    1.500000000000000    -2.583042246288646 
152    1.510000000000000    -2.592377918281831 
153    1.520000000000000    -2.601389452889324 
154    1.530000000000000    -2.610066827989456 
155    1.540000000000000    -2.618400380160019 
156    1.550000000000000    -2.626380824525024 
157    1.560000000000000    -2.633999273799751 
158    1.570000000000000    -2.641247256485725 
159    1.580000000000000    -2.648116734171159 
160    1.590000000000000    -2.654600117893593 
161    1.600000000000000    -2.660690283525296 
162    1.610000000000000    -2.666380586143321 
163    1.620000000000000    -2.671664873350752 
164    1.630000000000000    -2.676537497516840 
165    1.640000000000000    -2.680993326907986 
166    1.650000000000000    -2.685027755683678 
167    1.660000000000000    -2.688636712735771 
168    1.670000000000000    -2.691816669351145 
169    1.680000000000000    -2.694564645682594 
170    1.690000000000000    -2.696878216014782 
171    1.700000000000000    -2.698755512816298 
172    1.710000000000000    -2.700195229571027 
173    1.720000000000000    -2.701196622387229 
174    1.730000000000000    -2.701759510383353 
175    1.740000000000000    -2.701884274855577 
176    1.750000000000000    -2.701571857233065 
177    1.760000000000000    -2.700823755831863 
178    1.770000000000000    -2.699642021419974 
179    1.780000000000000    -2.698029251610880 
180    1.790000000000000    -2.695988584103819 
181    1.800000000000000    -2.693523688794368 
182    1.810000000000000    -2.690638758779514 
183    1.820000000000000    -2.687338500285966 
184    1.830000000000000    -2.683628121551927 
185    1.840000000000000    -2.679513320696125 
186    1.850000000000000    -2.675000272609033 
187    1.860000000000000    -2.670095614905581 
188    1.870000000000000    -2.664806432978214 
189    1.880000000000000    -2.659140244194353 
190    1.890000000000000    -2.653104981281316 
191    1.900000000000000    -2.646708974945791 
192    1.910000000000000    -2.639960935775181 
193    1.920000000000000    -2.632869935471024 
194    1.930000000000000    -2.625445387464525 
195    1.940000000000000    -2.617697026966899 
196    1.950000000000000    -2.609634890507456 
197    1.960000000000000    -2.601269295013230 
198    1.970000000000000    -2.592610816485887 
199    1.980000000000000    -2.583670268330043 
200    1.990000000000000    -2.574458679390079 
201    2.000000000000000    -2.564987271750967 
202    2.010000000000000    -2.555267438359394 
203    2.020000000000000    -2.545310720521682 
204    2.030000000000000    -2.535128785334386 
205    2.040000000000000    -2.524733403103260 
206    2.050000000000000    -2.514136424805479 
207    2.060000000000000    -2.503349759650254 
208    2.070000000000000    -2.492385352790943 
209    2.080000000000000    -2.481255163241455 
210    2.090000000000000    -2.469971142049234 
211    2.100000000000000    -2.458545210774060 
212    2.110000000000000    -2.446989240322926 
213    2.120000000000000    -2.435315030187894 
214    2.130000000000000    -2.423534288132974 
215    2.140000000000000    -2.411658610374512 
216    2.150000000000000    -2.399699462297294 
217    2.160000000000000    -2.387668159746991 
218    2.170000000000000    -2.375575850937433 
219    2.180000000000000    -2.363433499009220 
220    2.190000000000000    -2.351251865273523 
221    2.200000000000000    -2.339041493173326 
222    2.210000000000000    -2.326812692991980 
223    2.220000000000000    -2.314575527335511 
224    2.230000000000000    -2.302339797414426 
225    2.240000000000000    -2.290115030146671 
226    2.250000000000000    -2.277910466102080 
227    2.260000000000000    -2.265735048305138 
228    2.270000000000000    -2.253597411911418 
229    2.280000000000000    -2.241505874769070 
230    2.290000000000000    -2.229468428876070 
231    2.300000000000000    -2.217492732739165 
232    2.310000000000000    -2.205586104639838 
233    2.320000000000000    -2.193755516808958 
234    2.330000000000000    -2.182007590509589 
235    2.340000000000000    -2.170348592025213 
236    2.350000000000000    -2.158784429547624 
237    2.360000000000000    -2.147320650957024 
238    2.370000000000000    -2.135962442483814 
239    2.380000000000000    -2.124714628240483 
240    2.390000000000000    -2.113581670608104 
241    2.400000000000000    -2.102567671461121 
242    2.410000000000000    -2.091676374212069 
243    2.420000000000000    -2.080911166655012 
244    2.430000000000000    -2.070275084585386 
245    2.440000000000000    -2.059770816171707 
246    2.450000000000000    -2.049400707053436 
247    2.460000000000000    -2.039166766137167 
248    2.470000000000000    -2.029070672061815 
249    2.480000000000000    -2.019113780303064 
250    2.490000000000000    -2.009297130884432 
251    2.500000000000000    -1.999621456662870 
252    2.510000000000000    -1.990087192154451 
253    2.520000000000000    -1.980694482865613 
254    2.530000000000000    -1.971443195094197 
255    2.540000000000000    -1.962332926164078 
256    2.550000000000000    -1.953363015056411 
257    2.560000000000000    -1.944532553400100 
258    2.570000000000000    -1.935840396784219 
259    2.580000000000000    -1.927285176353816 
260    2.590000000000000    -1.918865310652151 
261    2.600000000000000    -1.910579017670240 
262    2.610000000000000    -1.902424327066901 
263    2.620000000000000    -1.894399092521286 
264    2.630000000000000    -1.886501004180685 
265    2.640000000000000    -1.878727601166940 
266    2.650000000000000    -1.871076284105296 
267    2.660000000000000    -1.863544327640176 
268    2.670000000000000    -1.856128892902789 
269    2.680000000000000    -1.848827039897470 
270    2.690000000000000    -1.841635739772614 
271    2.700000000000000    -1.834551886945245 
272    2.710000000000000    -1.827572311047817 
273    2.720000000000000    -1.820693788667710 
274    2.730000000000000    -1.813913054850940 
275    2.740000000000000    -1.807226814343078 
276    2.750000000000000    -1.800631752541396 
277    2.760000000000000    -1.794124546133874 
278    2.770000000000000    -1.787701873402683 
279    2.780000000000000    -1.781360424170013 
280    2.790000000000000    -1.775096909367045 
281    2.800000000000000    -1.768908070207505 
282    2.810000000000000    -1.762790686949396 
283    2.820000000000000    -1.756741587229772 
284    2.830000000000000    -1.750757653959237 
285    2.840000000000000    -1.744835832764385 
286    2.850000000000000    -1.738973138968698 
287    2.860000000000000    -1.733166664102477 
288    2.870000000000000    -1.727413581936204 
289    2.880000000000000    -1.721711154031766 
290    2.890000000000000    -1.716056734807726 
291    2.900000000000000    -1.710447776117597 
292    2.910000000000000    -1.704881831340330 
293    2.920000000000000    -1.699356558984235 
294    2.930000000000000    -1.693869725807458 
295    2.940000000000000    -1.688419209459144 
296    2.950000000000000    -1.683003000646825 
297    2.960000000000000    -1.677619204837169 
298    2.970000000000000    -1.672266043498696 
299    2.980000000000000    -1.666941854895857 
300    2.990000000000000    -1.661645094445286 
301    3.000000000000000    -1.656374334646751 
302    3.010000000000000    -1.651128264601208 
303    3.020000000000000    -1.645905689130777 
304    3.030000000000000    -1.640705527515040 
305    3.040000000000000    -1.635526811860687 
306    3.050000000000000    -1.630368685119769 
307    3.060000000000000    -1.625230398775671 
308    3.070000000000000    -1.620111310213910 
309    3.080000000000000    -1.615010879797092 
310    3.090000000000000    -1.609928667662965 
311    3.100000000000000    -1.604864330265662 
312    3.110000000000000    -1.599817616679969 
313    3.120000000000000    -1.594788364689095 
314    3.130000000000000    -1.589776496676588 
315    3.140000000000000    -1.584782015342900 
316    3.150000000000000    -1.579804999267786 
317    3.160000000000000    -1.574845598338979 
318    3.170000000000000    -1.569904029067973 
319    3.180000000000000    -1.564980569813431 
320    3.190000000000000    -1.560075555932647 
321    3.200000000000000    -1.555189374881089 
322    3.210000000000000    -1.550322461279553 
323    3.220000000000000    -1.545475291968483 
324    3.230000000000000    -1.540648381068229 
325    3.240000000000000    -1.535842275063412 
326    3.250000000000000    -1.531057547929369 
327    3.260000000000000    -1.526294796317628 
328    3.270000000000000    -1.521554634817055 
329    3.280000000000000    -1.516837691306225 
330    3.290000000000000    -1.512144602412157 
331    3.300000000000000    -1.507476009089645 
332    3.310000000000000    -1.502832552334572 
333    3.320000000000000    -1.498214869043643 
334    3.330000000000000    -1.493623588032423 
335    3.340000000000000    -1.489059326222370 
336    3.350000000000000    -1.484522685006770 
337    3.360000000000000    -1.480014246804438 
338    3.370000000000000    -1.475534571809410 
339    3.380000000000000    -1.471084194943571 
340    3.390000000000000    -1.466663623018240 
341    3.400000000000000    -1.462273332110184 
342    3.410000000000000    -1.457913765156029 
343    3.420000000000000    -1.453585329768465 
344    3.430000000000000    -1.449288396276665 
345    3.440000000000000    -1.445023295992331 
346    3.450000000000000    -1.440790319701838 
347    3.460000000000000    -1.436589716384225 
348    3.470000000000000    -1.432421692153958 
349    3.480000000000000    -1.428286409426197 
350    3.490000000000000    -1.424183986301865 
351    3.500000000000000    -1.420114496168999 
352    3.510000000000000    -1.416077967515842 
353    3.520000000000000    -1.412074383950744 
354    3.530000000000000    -1.408103684422990 
355    3.540000000000000    -1.404165763638405 
356    3.550000000000000    -1.400260472662511 
357    3.560000000000000    -1.396387619703599 
358    3.570000000000000    -1.392546971068218 
359    3.580000000000000    -1.388738252279705 
360    3.590000000000000    -1.384961149351455 
361    3.600000000000000    -1.381215310205230 
362    3.610000000000000    -1.377500346225030 
363    3.620000000000000    -1.373815833935994 
364    3.630000000000000    -1.370161316798966 
365    3.640000000000000    -1.366536307109306 
366    3.650000000000000    -1.362940287990057 
367    3.660000000000000    -1.359372715468212 
368    3.670000000000000    -1.355833020623593 
369    3.680000000000000    -1.352320611799385 
370    3.690000000000000    -1.348834876863352 
371    3.700000000000000    -1.345375185509348 
372    3.710000000000000    -1.341940891587983 
373    3.720000000000000    -1.338531335456161 
374    3.730000000000000    -1.335145846335175 
375    3.740000000000000    -1.331783744667124 
376    3.750000000000000    -1.328444344459631 
377    3.760000000000000    -1.325126955609527 
378    3.770000000000000    -1.321830886195933 
379    3.780000000000000    -1.318555444733960 
380    3.790000000000000    -1.315299942380340 
381    3.800000000000000    -1.312063695082758 
382    3.810000000000000    -1.308846025665454 
383    3.820000000000000    -1.305646265843054 
384    3.830000000000000    -1.302463758156751 
385    3.840000000000000    -1.299297857825553 
386    3.850000000000000    -1.296147934507193 
387    3.860000000000000    -1.293013373963397 
388    3.870000000000000    -1.289893579624227 
389    3.880000000000000    -1.286787974047694 
390    3.890000000000000    -1.283696000270422 
391    3.900000000000000    -1.280617123046400 
392    3.910000000000000    -1.277550829970918 
393    3.920000000000000    -1.274496632487633 
394    3.930000000000000    -1.271454066777148 
395    3.940000000000000    -1.268422694525772 
396    3.950000000000000    -1.265402103574287 
397    3.960000000000000    -1.262415343864196 
398    3.970000000000000    -1.259402569370747 
399    3.980000000000000    -1.256365331760581 
400    3.990000000000000    -1.253305283567725 
401    4.000000000000000    -1.250224165046098 
402    4.010000000000000    -1.247123790933979 
403    4.020000000000000    -1.244006037210525 
404    4.030000000000000    -1.240872827922586 
405    4.040000000000000    -1.237726122157480 
406    4.050000000000000    -1.234567901234568 
407    4.060000000000001    -1.231527093596059 
408    4.070000000000000    -1.228501228501228 
409    4.080000000000000    -1.225490196078432 
410    4.090000000000000    -1.222493887530562 
411    4.100000000000000    -1.219512195121951 
412    4.109999999999999    -1.216545012165450 
413    4.120000000000000    -1.213592233009709 
414    4.130000000000000    -1.210653753026634 
415    4.140000000000000    -1.207729468599034 
416    4.150000000000000    -1.204819277108434 
417    4.160000000000000    -1.201923076923077 
418    4.170000000000000    -1.199040767386091 
419    4.180000000000000    -1.196172248803828 
420    4.190000000000000    -1.193317422434368 
421    4.200000000000000    -1.190476190476191 
422    4.210000000000000    -1.187648456057007 
423    4.220000000000000    -1.184834123222749 
424    4.230000000000000    -1.182033096926714 
425    4.240000000000000    -1.179245283018868 
426    4.250000000000000    -1.176470588235294 
427    4.260000000000000    -1.173708920187794 
428    4.270000000000000    -1.170960187353630 
429    4.280000000000000    -1.168224299065421 
430    4.290000000000000    -1.165501165501166 
431    4.300000000000000    -1.162790697674419 
432    4.310000000000001    -1.160092807424594 
433    4.320000000000000    -1.157407407407407 
434    4.330000000000000    -1.154734411085450 
435    4.340000000000000    -1.152073732718894 
436    4.350000000000000    -1.149425287356322 
437    4.359999999999999    -1.146788990825688 
438    4.370000000000000    -1.144164759725400 
439    4.380000000000000    -1.141552511415525 
440    4.390000000000000    -1.138952164009112 
441    4.400000000000000    -1.136363636363636 
442    4.410000000000000    -1.133786848072562 
443    4.420000000000000    -1.131221719457014 
444    4.430000000000000    -1.128668171557562 
445    4.440000000000000    -1.126126126126126 
446    4.450000000000000    -1.123595505617977 
447    4.460000000000000    -1.121076233183856 
448    4.470000000000000    -1.118568232662192 
449    4.480000000000000    -1.116071428571428 
450    4.490000000000000    -1.113585746102450 
451    4.500000000000000    -1.111111111111111 
452    4.510000000000000    -1.108647450110865 
453    4.520000000000000    -1.106194690265487 
454    4.530000000000000    -1.103752759381898 
455    4.540000000000000    -1.101321585903084 
456    4.550000000000000    -1.098901098901099 
457    4.560000000000001    -1.096491228070175 
458    4.570000000000000    -1.094091903719912 
459    4.580000000000000    -1.091703056768559 
460    4.590000000000000    -1.089324618736383 
461    4.600000000000000    -1.086956521739131 
462    4.609999999999999    -1.084598698481562 
463    4.620000000000000    -1.082251082251082 
464    4.630000000000000    -1.079913606911447 
465    4.640000000000000    -1.077586206896552 
466    4.650000000000000    -1.075268817204301 
467    4.660000000000000    -1.072961373390558 
468    4.670000000000000    -1.070663811563169 
469    4.680000000000000    -1.068376068376068 
470    4.690000000000000    -1.066098081023454 
471    4.700000000000000    -1.063829787234043 
472    4.710000000000000    -1.061571125265393 
473    4.720000000000000    -1.059322033898305 
474    4.730000000000000    -1.057082452431290 
475    4.740000000000000    -1.054852320675106 
476    4.750000000000000    -1.052631578947368 
477    4.760000000000000    -1.050420168067227 
478    4.770000000000000    -1.048218029350105 
479    4.780000000000000    -1.046025104602510 
480    4.790000000000000    -1.043841336116910 
481    4.800000000000000    -1.041666666666667 
482    4.810000000000001    -1.039501039501039 
483    4.820000000000000    -1.037344398340249 
484    4.830000000000000    -1.035196687370600 
485    4.840000000000000    -1.033057851239670 
486    4.850000000000000    -1.030927835051547 
487    4.859999999999999    -1.028806584362140 
488    4.870000000000000    -1.026694045174538 
489    4.880000000000000    -1.024590163934426 
490    4.890000000000000    -1.022494887525562 
491    4.900000000000000    -1.020408163265306 
492    4.910000000000000    -1.018329938900204 
493    4.920000000000000    -1.016260162601626 
494    4.930000000000000    -1.014198782961461 
495    4.940000000000000    -1.012145748987854 
496    4.950000000000000    -1.010101010101010 
497    4.960000000000000    -1.008064516129032 
498    4.970000000000000    -1.006036217303823 
499    4.980000000000000    -1.004016064257028 
500    4.990000000000000    -1.002004008016032 
501    5.000000000000000    -1.000000000000000 
502    5.010000000000000    -0.998003992015968 
503    5.020000000000000    -0.996015936254980 
504    5.030000000000000    -0.994035785288270 
505    5.040000000000000    -0.992063492063492 
506    5.050000000000000    -0.990099009900990 
507    5.060000000000000    -0.988142292490119 
508    5.070000000000000    -0.986193293885602 
509    5.080000000000000    -0.984251968503937 
510    5.090000000000000    -0.982318271119843 
511    5.100000000000000    -0.980392156862745 
512    5.110000000000000    -0.978473581213307 
513    5.120000000000000    -0.976562500000000 
514    5.130000000000000    -0.974658869395712 
515    5.140000000000000    -0.972762645914397 
516    5.150000000000000    -0.970873786407767 
517    5.160000000000000    -0.968992248062015 
518    5.170000000000000    -0.967117988394584 
519    5.180000000000000    -0.965250965250965 
520    5.190000000000000    -0.963391136801542 
521    5.200000000000000    -0.961538461538461 
522    5.210000000000000    -0.959692898272553 
523    5.220000000000000    -0.957854406130268 
524    5.230000000000000    -0.956022944550669 
525    5.240000000000000    -0.954198473282443 
526    5.250000000000000    -0.952380952380952 
527    5.260000000000000    -0.950570342205323 
528    5.270000000000000    -0.948766603415560 
529    5.280000000000000    -0.946969696969697 
530    5.290000000000000    -0.945179584120983 
531    5.300000000000000    -0.943396226415094 
532    5.310000000000000    -0.941619585687382 
533    5.320000000000000    -0.939849624060150 
534    5.330000000000000    -0.938086303939963 
535    5.340000000000000    -0.936329588014981 
536    5.350000000000000    -0.934579439252337 
537    5.360000000000000    -0.932835820895522 
538    5.370000000000000    -0.931098696461825 
539    5.380000000000000    -0.929368029739777 
540    5.390000000000000    -0.927643784786642 
541    5.400000000000000    -0.925925925925926 
542    5.410000000000000    -0.924214417744917 
543    5.420000000000000    -0.922509225092251 
544    5.430000000000000    -0.920810313075507 
545    5.440000000000000    -0.919117647058824 
546    5.450000000000000    -0.917431192660550 
547    5.460000000000000    -0.915750915750916 
548    5.470000000000000    -0.914076782449726 
549    5.480000000000000    -0.912408759124087 
550    5.490000000000000    -0.910746812386157 
551    5.500000000000000    -0.909090909090909 
552    5.510000000000000    -0.907441016333938 
553    5.520000000000000    -0.905797101449275 
554    5.530000000000000    -0.904159132007233 
555    5.540000000000000    -0.902527075812274 
556    5.550000000000000    -0.900900900900901 
557    5.560000000000000    -0.899280575539568 
558    5.570000000000000    -0.897666068222621 
559    5.580000000000000    -0.896057347670251 
560    5.590000000000000    -0.894454382826476 
561    5.600000000000000    -0.892857142857143 
562    5.610000000000000    -0.891265597147950 
563    5.620000000000000    -0.889679715302491 
564    5.630000000000000    -0.888099467140320 
565    5.640000000000000    -0.886524822695036 
566    5.650000000000000    -0.884955752212389 
567    5.660000000000000    -0.883392226148410 
568    5.670000000000000    -0.881834215167549 
569    5.680000000000000    -0.880281690140845 
570    5.690000000000000    -0.878734622144112 
571    5.700000000000000    -0.877192982456140 
572    5.710000000000000    -0.875656742556918 
573    5.720000000000000    -0.874125874125874 
574    5.730000000000000    -0.872600349040140 
575    5.740000000000000    -0.871080139372822 
576    5.750000000000000    -0.869565217391304 
577    5.760000000000000    -0.868055555555556 
578    5.770000000000000    -0.866551126516464 
579    5.780000000000000    -0.865051903114187 
580    5.790000000000000    -0.863557858376511 
581    5.800000000000000    -0.862068965517241 
582    5.810000000000000    -0.860585197934596 
583    5.820000000000000    -0.859106529209622 
584    5.830000000000000    -0.857632933104631 
585    5.840000000000000    -0.856164383561644 
586    5.850000000000000    -0.854700854700855 
587    5.860000000000000    -0.853242320819113 
588    5.870000000000000    -0.851788756388416 
589    5.880000000000000    -0.850340136054422 
590    5.890000000000000    -0.848896434634975 
591    5.900000000000000    -0.847457627118644 
592    5.910000000000000    -0.846023688663283 
593    5.920000000000000    -0.844594594594595 
594    5.930000000000000    -0.843170320404722 
595    5.940000000000000    -0.841750841750842 
596    5.950000000000000    -0.840336134453782 
597    5.960000000000000    -0.838926174496644 
598    5.970000000000000    -0.837520938023451 
599    5.980000000000000    -0.836120401337793 
600    5.990000000000000    -0.834724540901503 
601    6.000000000000000    -0.833333333333333 
