[lmax] 0
[locp] 0
[rlocal] 1.0
[psp_type] 6

<CARTER>
Silicon BLPS | coulombic tail starts at 10.5 bohr | Vg=24.55 | TC=6.14 
14.0000000000000        4.00000000000000      20070909    zatom,  zion,  pspd
 8    2   0   0           1601    0    pspcode,pspxc,lmax,lloc,mmax,r2well
 0   -1   0                       rchrg  fchrg   qchrg
 0    0   0   0   0   nproj
 0                    extension_switch
 0
1      0.00000000    2.4189229665506291
2      0.01000000    2.4179314543892501
3      0.02000000    2.4149578792840374
4      0.03000000    2.4100051240334563
5      0.04000000    2.4030779888428291
6      0.05000000    2.3941831846443056
7      0.06000000    2.3833293237615716
8      0.07000000    2.3705269079352442
9      0.08000000    2.3557883137307325
10      0.09000000    2.3391277753536057
11      0.10000000    2.3205613649032832
12      0.11000000    2.3001069700994230
13      0.12000000    2.2777842695203776
14      0.13000000    2.2536147053972817
15      0.14000000    2.2276214540110972
16      0.15000000    2.1998293937451474
17      0.16000000    2.1702650708484561
18      0.17000000    2.1389566629700769
19      0.18000000    2.1059339405281263
20      0.19000000    2.0712282259803940
21      0.20000000    2.0348723510678974
22      0.21000000    1.9969006121052946
23      0.22000000    1.9573487233955569
24      0.23000000    1.9162537688498136
25      0.24000000    1.8736541518952359
26      0.25000000    1.8295895437575562
27      0.26000000    1.7841008302069385
28      0.27000000    1.7372300568579870
29      0.28000000    1.6890203731175528
30      0.29000000    1.6395159748755284
31      0.30000000    1.5887620460356786
32      0.31000000    1.5368046989854680
33      0.32000000    1.4836909141048693
34      0.33000000    1.4294684784155984
35      0.34000000    1.3741859234734088
36      0.35000000    1.3178924626063848
37      0.36000000    1.2606379276033191
38      0.37000000    1.2024727049562449
39      0.38000000    1.1434476717619566
40      0.39000000    1.0836141313864718
41      0.40000000    1.0230237489972305
42      0.41000000    0.9617284870665519
43      0.42000000    0.8997805409497922
44      0.43000000    0.8372322746406246
45      0.44000000    0.7741361568049000
46      0.45000000    0.7105446971934226
47      0.46000000    0.6465103835325832
48      0.47000000    0.5820856189901310
49      0.48000000    0.5173226603117002
50      0.49000000    0.4522735567220165
51      0.50000000    0.3869900896820788
52      0.51000000    0.3215237135919430
53      0.52000000    0.2559254975261014
54      0.53000000    0.1902460680856870
55      0.54000000    0.1245355534493612
56      0.55000000    0.0588435287018213
57      0.56000000    -0.0067810374843308
58      0.57000000    -0.0722898347404598
59      0.58000000    -0.1376352613979156
60      0.59000000    -0.2027704733220191
61      0.60000000    -0.2676494311210156
62      0.61000000    -0.3322269456709850
63      0.62000000    -0.3964587219007077
64      0.63000000    -0.4603014007846429
65      0.64000000    -0.5237125994958157
66      0.65000000    -0.5866509496740533
67      0.66000000    -0.6490761337690720
68      0.67000000    -0.7109489194218155
69      0.68000000    -0.7722311918512247
70      0.69000000    -0.8328859842178952
71      0.70000000    -0.8928775059396087
72      0.71000000    -0.9521711689384241
73      0.72000000    -1.0107336118020536
74      0.73000000    -1.0685327218473095
75      0.74000000    -1.1255376550764440
76      0.75000000    -1.1817188540217591
77      0.76000000    -1.2370480634776611
78      0.77000000    -1.2914983441226939
79      0.78000000    -1.3450440840390832
80      0.79000000    -1.3976610081394487
81      0.80000000    -1.4493261855156430
82      0.81000000    -1.5000180347274068
83      0.82000000    -1.5497163270519656
84      0.83000000    -1.5984021877198997
85      0.84000000    -1.6460580951653447
86      0.85000000    -1.6926678783219811
87      0.86000000    -1.7382167119997454
88      0.87000000    -1.7826911103797711
89      0.88000000    -1.8260789186685507
90      0.89000000    -1.8683693029545407
91      0.90000000    -1.9095527383136217
92      0.91000000    -1.9496209952122705
93      0.92000000    -1.9885671242593477
94      0.93000000    -2.0263854393603373
95      0.94000000    -2.0630714993296531
96      0.95000000    -2.0986220880183390
97      0.96000000    -2.1330351930172609
98      0.97000000    -2.1663099829965882
99      0.98000000    -2.1984467837444797
100      0.99000000    -2.2294470529693693
101      1.00000000    -2.2593133539311387
102      1.01000000    -2.2880493279677907
103      1.02000000    -2.3156596659853159
104      1.03000000    -2.3421500789787606
105      1.04000000    -2.3675272676538412
106      1.05000000    -2.3917988912183201
107      1.06000000    -2.4149735354129422
108      1.07000000    -2.4370606798521841
109      1.08000000    -2.4580706647443433
110      1.09000000    -2.4780146570614754
111      1.10000000    -2.4969046162282633
112      1.11000000    -2.5147532593996598
113      1.12000000    -2.5315740263954991
114      1.13000000    -2.5473810443604390
115      1.14000000    -2.5621890922166433
116      1.15000000    -2.5760135649749811
117      1.16000000    -2.5888704379708636
118      1.17000000    -2.6007762310879645
119      1.18000000    -2.6117479730333648
120      1.19000000    -2.6218031657251331
121      1.20000000    -2.6309597488524878
122      1.21000000    -2.6392360646668389
123      1.22000000    -2.6466508230602543
124      1.23000000    -2.6532230669864671
125      1.24000000    -2.6589721382771536
126      1.25000000    -2.6639176439047967
127      1.26000000    -2.6680794227408557
128      1.27000000    -2.6714775128566108
129      1.28000000    -2.6741321194111967
130      1.29000000    -2.6760635831695789
131      1.30000000    -2.6772923496908527
132      1.31000000    -2.6778389392250022
133      1.32000000    -2.6777239173538225
134      1.33000000    -2.6769678664094347
135      1.34000000    -2.6755913577016739
136      1.35000000    -2.6736149245827159
137      1.36000000    -2.6710590363755333
138      1.37000000    -2.6679440731895667
139      1.38000000    -2.6642903016458535
140      1.39000000    -2.6601178515297956
141      1.40000000    -2.6554466933889183
142      1.41000000    -2.6502966170895226
143      1.42000000    -2.6446872113443578
144      1.43000000    -2.6386378442210257
145      1.44000000    -2.6321676446380891
146      1.45000000    -2.6252954848544405
147      1.46000000    -2.6180399639544731
148      1.47000000    -2.6104193923299430
149      1.48000000    -2.6024517771570097
150      1.49000000    -2.5941548088651256
151      1.50000000    -2.5855458485921643
152      1.51000000    -2.5766419166184757
153      1.52000000    -2.5674596817707043
154      1.53000000    -2.5580154517840676
155      1.54000000    -2.5483251646105987
156      1.55000000    -2.5384043806584344
157      1.56000000    -2.5282682759468327
158      1.57000000    -2.5179316361585751
159      1.58000000    -2.5074088515713862
160      1.59000000    -2.4967139128479126
161      1.60000000    -2.4858604076625257
162      1.61000000    -2.4748615181426499
163      1.62000000    -2.4637300191003639
164      1.63000000    -2.4524782770298375
165      1.64000000    -2.4411182498447195
166      1.65000000    -2.4296614873291640
167      1.66000000    -2.4181191322749940
168      1.67000000    -2.4065019222773842
169      1.68000000    -2.3948201921603389
170      1.69000000    -2.3830838770035050
171      1.70000000    -2.3713025157403980
172      1.71000000    -2.3594852552990417
173      1.72000000    -2.3476408552548285
174      1.73000000    -2.3357776929658653
175      1.74000000    -2.3239037691605309
176      1.75000000    -2.3120267139476502
177      1.76000000    -2.3001537932189899
178      1.77000000    -2.2882919154145385
179      1.78000000    -2.2764476386210992
180      1.79000000    -2.2646271779748917
181      1.80000000    -2.2528364133395935
182      1.81000000    -2.2410808972310035
183      1.82000000    -2.2293658629608997
184      1.83000000    -2.2176962329724716
185      1.84000000    -2.2060766273408263
186      1.85000000    -2.1945113724121539
187      1.86000000    -2.1830045095565254
188      1.87000000    -2.1715598040095263
189      1.88000000    -2.1601807537789424
190      1.89000000    -2.1488705985933354
191      1.90000000    -2.1376323288707195
192      1.91000000    -2.1264686946854994
193      1.92000000    -2.1153822147139518
194      1.93000000    -2.1043751851384376
195      1.94000000    -2.0934496884917944
196      1.95000000    -2.0826076024248934
197      1.96000000    -2.0718506083804327
198      1.97000000    -2.0611802001576107
199      1.98000000    -2.0505976923533598
200      1.99000000    -2.0401042286663245
201      2.00000000    -2.0297007900514763
202      2.01000000    -2.0193882027135310
203      2.02000000    -2.0091671459291818
204      2.03000000    -1.9990381596880831
205      2.04000000    -1.9890016521446077
206      2.05000000    -1.9790579068726786
207      2.06000000    -1.9692070899168741
208      2.07000000    -1.9594492566346813
209      2.08000000    -1.9497843583245655
210      2.09000000    -1.9402122486365248
211      2.10000000    -1.9307326897618975
212      2.11000000    -1.9213453584001823
213      2.12000000    -1.9120498515019104
214      2.13000000    -1.9028456917866339
215      2.14000000    -1.8937323330362599
216      2.15000000    -1.8847091651649712
217      2.16000000    -1.8757755190667289
218      2.17000000    -1.8669306712431610
219      2.18000000    -1.8581738482140944
220      2.19000000    -1.8495042307145821
221      2.20000000    -1.8409209576819061
222      2.21000000    -1.8324231300372333
223      2.22000000    -1.8240098142667049
224      2.23000000    -1.8156800458070428
225      2.24000000    -1.8074328322415312
226      2.25000000    -1.7992671563121594
227      2.26000000    -1.7911819787541696
228      2.27000000    -1.7831762409596383
229      2.28000000    -1.7752488674766245
230      2.29000000    -1.7673987683510808
231      2.30000000    -1.7596248413181388
232      2.31000000    -1.7519259738502615
233      2.32000000    -1.7443010450694318
234      2.33000000    -1.7367489275304968
235      2.34000000    -1.7292684888830425
236      2.35000000    -1.7218585934190880
237      2.36000000    -1.7145181035136028
238      2.37000000    -1.7072458809650886
239      2.38000000    -1.7000407882433666
240      2.39000000    -1.6929016896509299
241      2.40000000    -1.6858274524051695
242      2.41000000    -1.6788169476474759
243      2.42000000    -1.6718690513858325
244      2.43000000    -1.6649826453766745
245      2.44000000    -1.6581566179522642
246      2.45000000    -1.6513898647987313
247      2.46000000    -1.6446812896901140
248      2.47000000    -1.6380298051838211
249      2.48000000    -1.6314343332816668
250      2.49000000    -1.6248938060612401
251      2.50000000    -1.6184071662814090
252      2.51000000    -1.6119733679660926
253      2.52000000    -1.6055913769693826
254      2.53000000    -1.5992601715251002
255      2.54000000    -1.5929787427840048
256      2.55000000    -1.5867460953404864
257      2.56000000    -1.5805612477513611
258      2.57000000    -1.5744232330482215
259      2.58000000    -1.5683310992450379
260      2.59000000    -1.5622839098419368
261      2.60000000    -1.5562807443264515
262      2.61000000    -1.5503206986720912
263      2.62000000    -1.5444028858353060
264      2.63000000    -1.5385264362502415
265      2.64000000    -1.5326904983213698
266      2.65000000    -1.5268942389132605
267      2.66000000    -1.5211368438370139
268      2.67000000    -1.5154175183320389
269      2.68000000    -1.5097354875424729
270      2.69000000    -1.5040899969863748
271      2.70000000    -1.4984803130166753
272      2.71000000    -1.4929057232717837
273      2.72000000    -1.4873655371143013
274      2.73000000    -1.4818590860558871
275      2.74000000    -1.4763857241660587
276      2.75000000    -1.4709448284630979
277      2.76000000    -1.4655357992847016
278      2.77000000    -1.4601580606361297
279      2.78000000    -1.4548110605138074
280      2.79000000    -1.4494942712018912
281      2.80000000    -1.4442071895397186
282      2.81000000    -1.4389493371578592
283      2.82000000    -1.4337202606805370
284      2.83000000    -1.4285195318923989
285      2.84000000    -1.4233467478675517
286      2.85000000    -1.4182015310587828
287      2.86000000    -1.4130835293454198
288      2.87000000    -1.4079924160376625
289      2.88000000    -1.4029278898361570
290      2.89000000    -1.3978896747451404
291      2.90000000    -1.3928775199379195
292      2.91000000    -1.3878911995735022
293      2.92000000    -1.3829305125633922
294      2.93000000    -1.3779952822877835
295      2.94000000    -1.3730853562605934
296      2.95000000    -1.3682006057427840
297      2.96000000    -1.3633409253039248
298      2.97000000    -1.3585062323318131
299      2.98000000    -1.3536964664905482
300      2.99000000    -1.3489115891273482
301      3.00000000    -1.3441515826286934
302      3.01000000    -1.3394164497267653
303      3.02000000    -1.3347062127571698
304      3.03000000    -1.3300209128690903
305      3.04000000    -1.3253606091895309
306      3.05000000    -1.3207253779431223
307      3.06000000    -1.3161153115294972
308      3.07000000    -1.3115305175601819
309      3.08000000    -1.3069711178572041
310      3.09000000    -1.3024372474161157
311      3.10000000    -1.2979290533354915
312      3.11000000    -1.2934466937161888
313      3.12000000    -1.2889903365328836
314      3.13000000    -1.2845601584810411
315      3.14000000    -1.2801563438025483
316      3.15000000    -1.2757790830931071
317      3.16000000    -1.2714285720949003
318      3.17000000    -1.2671050104780104
319      3.18000000    -1.2628086006139188
320      3.19000000    -1.2585395463450675
321      3.20000000    -1.2542980517537849
322      3.21000000    -1.2500843199344696
323      3.22000000    -1.2458985517727108
324      3.23000000    -1.2417409447350238
325      3.24000000    -1.2376116916730566
326      3.25000000    -1.2335109796457699
327      3.26000000    -1.2294389887634332
328      3.27000000    -1.2253958910569922
329      3.28000000    -1.2213818493763000
330      3.29000000    -1.2173970163208216
331      3.30000000    -1.2134415332060817
332      3.31000000    -1.2095155290692208
333      3.32000000    -1.2056191197167396
334      3.33000000    -1.2017524068176002
335      3.34000000    -1.1979154770444940
336      3.35000000    -1.1941084012660150
337      3.36000000    -1.1903312337923830
338      3.37000000    -1.1865840116771267
339      3.38000000    -1.1828667540769386
340      3.39000000    -1.1791794616717044
341      3.40000000    -1.1755221161466640
342      3.41000000    -1.1718946797382697
343      3.42000000    -1.1682970948451716
344      3.43000000    -1.1647292837055352
345      3.44000000    -1.1611911481417898
346      3.45000000    -1.1576825693734059
347      3.46000000    -1.1542034078983363
348      3.47000000    -1.1507535034434573
349      3.48000000    -1.1473326749839836
350      3.49000000    -1.1439407208318149
351      3.50000000    -1.1405774187922562
352      3.51000000    -1.1372425263887327
353      3.52000000    -1.1339357811543591
354      3.53000000    -1.1306569009895073
355      3.54000000    -1.1274055845840392
356      3.55000000    -1.1241815119025289
357      3.56000000    -1.1209843447309611
358      3.57000000    -1.1178137272827533
359      3.58000000    -1.1146692868622403
360      3.59000000    -1.1115506345829762
361      3.60000000    -1.1084573661385468
362      3.61000000    -1.1053890626232274
363      3.62000000    -1.1023452913994927
364      3.63000000    -1.0993256070094772
365      3.64000000    -1.0963295521272634
366      3.65000000    -1.0933566585486134
367      3.66000000    -1.0904064482148728
368      3.67000000    -1.0874784342674606
369      3.68000000    -1.0845721221293521
370      3.69000000    -1.0816870106098875
371      3.70000000    -1.0788225930292139
372      3.71000000    -1.0759783583583913
373      3.72000000    -1.0731537923714869
374      3.73000000    -1.0703483788057093
375      3.74000000    -1.0675616005256092
376      3.75000000    -1.0647929406875714
377      3.76000000    -1.0620418839006760
378      3.77000000    -1.0593079173800162
379      3.78000000    -1.0565905320887139
380      3.79000000    -1.0538892238648243
381      3.80000000    -1.0512034945294644
382      3.81000000    -1.0485328529725109
383      3.82000000    -1.0458768162123018
384      3.83000000    -1.0432349104260110
385      3.84000000    -1.0406066719473135
386      3.85000000    -1.0379916482280644
387      3.86000000    -1.0353893987611242
388      3.87000000    -1.0327994959612501
389      3.88000000    -1.0302215260014400
390      3.89000000    -1.0276550896019432
391      3.90000000    -1.0250998027697837
392      3.91000000    -1.0225552974863761
393      3.92000000    -1.0200212223411629
394      3.93000000    -1.0174972431096208
395      3.94000000    -1.0149830432737814
396      3.95000000    -1.0124783244839419
397      3.96000000    -1.0099828069602375
398      3.97000000    -1.0074962298331731
399      3.98000000    -1.0050183514222166
400      3.99000000    -1.0025489494518476
401      4.00000000    -1.0000878212047928
402      4.01000000    -0.9976347836121948
403      4.02000000    -0.9951896732808443
404      4.03000000    -0.9927523464577086
405      4.04000000    -0.9903226789322841
406      4.05000000    -0.9879005658775458
407      4.06000000    -0.9854859216302515
408      4.07000000    -0.9830786794118856
409      4.08000000    -0.9806787909914925
410      4.09000000    -0.9782862262919458
411      4.10000000    -0.9759009729412456
412      4.11000000    -0.9735230357710122
413      4.12000000    -0.9711524362638247
414      4.13000000    -0.9687892119520934
415      4.14000000    -0.9664334157703729
416      4.15000000    -0.9640851153640229
417      4.16000000    -0.9617443923567417
418      4.17000000    -0.9594113415796632
419      4.18000000    -0.9570860702651014
420      4.19000000    -0.9547686972078853
421      4.20000000    -0.9524593518972851
422      4.21000000    -0.9501581736229771
423      4.22000000    -0.9478653105580374
424      4.23000000    -0.9455809188224856
425      4.24000000    -0.9433051615305814
426      4.25000000    -0.9410382078255405
427      4.26000000    -0.9387802319047602
428      4.27000000    -0.9365314120392463
429      4.28000000    -0.9342919295906267
430      4.29000000    -0.9320619680291293
431      4.30000000    -0.9298417119559184
432      4.31000000    -0.9276313461332466
433      4.32000000    -0.9254310545256581
434      4.33000000    -0.9232410193554207
435      4.34000000    -0.9210614201756460
436      4.35000000    -0.9188924329638098
437      4.36000000    -0.9167342292389988
438      4.37000000    -0.9145869752056667
439      4.38000000    -0.9124508309266379
440      4.39000000    -0.9103259495280748
441      4.40000000    -0.9082124764389842
442      4.41000000    -0.9061105486676475
443      4.42000000    -0.9040202941171150
444      4.43000000    -0.9019418309420187
445      4.44000000    -0.8998752669485638
446      4.45000000    -0.8978206990394071
447      4.46000000    -0.8957782127052234
448      4.47000000    -0.8937478815640990
449      4.48000000    -0.8917297669502148
450      4.49000000    -0.8897239175528293
451      4.50000000    -0.8877303691063805
452      4.51000000    -0.8857491441323767
453      4.52000000    -0.8837802517337454
454      4.53000000    -0.8818236874416280
455      4.54000000    -0.8798794331151395
456      4.55000000    -0.8779474568936000
457      4.56000000    -0.8760277132013200
458      4.57000000    -0.8741201428043239
459      4.58000000    -0.8722246729183223
460      4.59000000    -0.8703412173673749
461      4.60000000    -0.8684696767918925
462      4.61000000    -0.8666099389052816
463      4.62000000    -0.8647618787973864
464      4.63000000    -0.8629253592837137
465      4.64000000    -0.8611002312985043
466      4.65000000    -0.8592863343300795
467      4.66000000    -0.8574834968963652
468      4.67000000    -0.8556915370585989
469      4.68000000    -0.8539102629711058
470      4.69000000    -0.8521394734649014
471      4.70000000    -0.8503789586624728
472      4.71000000    -0.8486285006215202
473      4.72000000    -0.8468878740050036
474      4.73000000    -0.8451568467747372
475      4.74000000    -0.8434351809059122
476      4.75000000    -0.8417226331198168
477      4.76000000    -0.8400189556317531
478      4.77000000    -0.8383238969114619
479      4.78000000    -0.8366372024531240
480      4.79000000    -0.8349586155519608
481      4.80000000    -0.8332878780846212
482      4.81000000    -0.8316247312904609
483      4.82000000    -0.8299689165507389
484      4.83000000    -0.8283201761629838
485      4.84000000    -0.8266782541077157
486      4.85000000    -0.8250428968045023
487      4.86000000    -0.8234138538552075
488      4.87000000    -0.8217908787710370
489      4.88000000    -0.8201737296815002
490      4.89000000    -0.8185621700223413
491      4.90000000    -0.8169559692002960
492      4.91000000    -0.8153549032321993
493      4.92000000    -0.8137587553565240
494      4.93000000    -0.8121673166149713
495      4.94000000    -0.8105803864024059
496      4.95000000    -0.8089977729832355
497      4.96000000    -0.8074192939724895
498      4.97000000    -0.8058447767802691
499      4.98000000    -0.8042740590179107
500      4.99000000    -0.8027069888647682
501      5.00000000    -0.8011434253945555
502      5.01000000    -0.7995832388602103
503      5.02000000    -0.7980263109365296
504      5.03000000    -0.7964725349200408
505      5.04000000    -0.7949218158855028
506      5.05000000    -0.7933740707989186
507      5.06000000    -0.7918292285867380
508      5.07000000    -0.7902872301614773
509      5.08000000    -0.7887480284037534
510      5.09000000    -0.7872115881012454
511      5.10000000    -0.7856778858449721
512      5.11000000    -0.7841469098835859
513      5.12000000    -0.7826186599365552
514      5.13000000    -0.7810931469670193
515      5.14000000    -0.7795703929156736
516      5.15000000    -0.7780504303965960
517      5.16000000    -0.7765333023567426
518      5.17000000    -0.7750190617002817
519      5.18000000    -0.7735077708795816
520      5.19000000    -0.7719995014545151
521      5.20000000    -0.7704943336219250
522      5.21000000    -0.7689923557171652
523      5.22000000    -0.7674936636897242
524      5.23000000    -0.7659983605551508
525      5.24000000    -0.7645065558253041
526      5.25000000    -0.7630183649193011
527      5.26000000    -0.7615339085573962
528      5.27000000    -0.7600533121402315
529      5.28000000    -0.7585767051157541
530      5.29000000    -0.7571042203362893
531      5.30000000    -0.7556359934082622
532      5.31000000    -0.7541721620369233
533      5.32000000    -0.7527128653686459
534      5.33000000    -0.7512582433332491
535      5.34000000    -0.7498084359886925
536      5.35000000    -0.7483635828707323
537      5.36000000    -0.7469238223498439
538      5.37000000    -0.7454892909977063
539      5.38000000    -0.7440601229657078
540      5.39000000    -0.7426364493776013
541      5.40000000    -0.7412183977385629
542      5.41000000    -0.7398060913626707
543      5.42000000    -0.7383996488210112
544      5.43000000    -0.7369991834121424
545      5.44000000    -0.7356048026569598
546      5.45000000    -0.7342166078195750
547      5.46000000    -0.7328346934559494
548      5.47000000    -0.7314591469917593
549      5.48000000    -0.7300900483309182
550      5.49000000    -0.7287274694961018
551      5.50000000    -0.7273714743023767
552      5.51000000    -0.7260221180650240
553      5.52000000    -0.7246794473424649
554      5.53000000    -0.7233434997150019
555      5.54000000    -0.7220143036001632
556      5.55000000    -0.7206918781049504
557      5.56000000    -0.7193762329155112
558      5.57000000    -0.7180673682244182
559      5.58000000    -0.7167652746955266
560      5.59000000    -0.7154699334665561
561      5.60000000    -0.7141813161889977
562      5.61000000    -0.7128993851051229
563      5.62000000    -0.7116240931615871
564      5.63000000    -0.7103553841590162
565      5.64000000    -0.7090931929368798
566      5.65000000    -0.7078374455927151
567      5.66000000    -0.7065880597347700
568      5.67000000    -0.7053449447669434
569      5.68000000    -0.7041080022048225
570      5.69000000    -0.7028771260213966
571      5.70000000    -0.7016522030211724
572      5.71000000    -0.7004331132409921
573      5.72000000    -0.6992197303760207
574      5.73000000    -0.6980119222291670
575      5.74000000    -0.6968095511821953
576      5.75000000    -0.6956124746865145
577      5.76000000    -0.6944205457719415
578      5.77000000    -0.6932336135712280
579      5.78000000    -0.6920515238585047
580      5.79000000    -0.6908741195993728
581      5.80000000    -0.6897012415107563
582      5.81000000    -0.6885327286281332
583      5.82000000    -0.6873684188781694
584      5.83000000    -0.6862081496545041
585      5.84000000    -0.6850517583944982
586      5.85000000    -0.6838990831548462
587      5.86000000    -0.6827499631838054
588      5.87000000    -0.6816042394880450
589      5.88000000    -0.6804617553917733
590      5.89000000    -0.6793223570863957
591      5.90000000    -0.6781858941683453
592      5.91000000    -0.6770522201634146
593      5.92000000    -0.6759211930353561
594      5.93000000    -0.6747926756772248
595      5.94000000    -0.6736665363834531
596      5.95000000    -0.6725426493009845
597      5.96000000    -0.6714208948579709
598      5.97000000    -0.6703011601683266
599      5.98000000    -0.6691833394108815
600      5.99000000    -0.6680673341815763
601      6.00000000    -0.6669530538177132
602      6.01000000    -0.6658404156929222
603      6.02000000    -0.6647293454819443
604      6.03000000    -0.6636197773942982
605      6.04000000    -0.6625116543759879
606      6.05000000    -0.6614049282787383
607      6.06000000    -0.6602995599959939
608      6.07000000    -0.6591955195654817
609      6.08000000    -0.6580927862378559
610      6.09000000    -0.6569913485113851
611      6.10000000    -0.6558912041325612
612      6.11000000    -0.6547923600627324
613      6.12000000    -0.6536948324109189
614      6.13000000    -0.6525986463332406
615      6.14000000    -0.6515038358992618
616      6.15000000    -0.6504104439259134
617      6.16000000    -0.6493185217796518
618      6.17000000    -0.6482281291475709
619      6.18000000    -0.6471393337785526
620      6.19000000    -0.6460522111952166
621      6.20000000    -0.6449668443779910
622      6.21000000    -0.6438833234224078
623      6.22000000    -0.6428017451709273
624      6.23000000    -0.6417222128207605
625      6.24000000    -0.6406448355090119
626      6.25000000    -0.6395697278768830
627      6.26000000    -0.6384970096143936
628      6.27000000    -0.6374268049873724
629      6.28000000    -0.6363592423485139
630      6.29000000    -0.6352944536341661
631      6.30000000    -0.6342325738488545
632      6.31000000    -0.6331737405392698
633      6.32000000    -0.6321180932597245
634      6.33000000    -0.6310657730310039
635      6.34000000    -0.6300169217945425
636      6.35000000    -0.6289716818638919
637      6.36000000    -0.6279301953754977
638      6.37000000    -0.6268926037406238
639      6.38000000    -0.6258590471006061
640      6.39000000    -0.6248296637870872
641      6.40000000    -0.6238045897893806
642      6.41000000    -0.6227839582307257
643      6.42000000    -0.6217678988552906
644      6.43000000    -0.6207565375277578
645      6.44000000    -0.6197499957471867
646      6.45000000    -0.6187483901768795
647      6.46000000    -0.6177518321918990
648      6.47000000    -0.6167604274457039
649      6.48000000    -0.6157742754575011
650      6.49000000    -0.6147934692216694
651      6.50000000    -0.6138180948405126
652      6.51000000    -0.6128482311817335
653      6.52000000    -0.6118839495616168
654      6.53000000    -0.6109253134550511
655      6.54000000    -0.6099723782333341
656      6.55000000    -0.6090251909305369
657      6.56000000    -0.6080837900392971
658      6.57000000    -0.6071482053366015
659      6.58000000    -0.6062184577399691
660      6.59000000    -0.6052945591947283
661      6.60000000    -0.6043765125924315
662      6.61000000    -0.6034643117207323
663      6.62000000    -0.6025579412447456
664      6.63000000    -0.6016573767199528
665      6.64000000    -0.6007625846363713
666      6.65000000    -0.5998735224938530
667      6.66000000    -0.5989901389081035
668      6.67000000    -0.5981123737469339
669      6.68000000    -0.5972401582962001
670      6.69000000    -0.5963734154547842
671      6.70000000    -0.5955120599577308
672      6.71000000    -0.5946559986267724
673      6.72000000    -0.5938051306472732
674      6.73000000    -0.5929593478704502
675      6.74000000    -0.5921185351397834
676      6.75000000    -0.5912825706404312
677      6.76000000    -0.5904513262702971
678      6.77000000    -0.5896246680313559
679      6.78000000    -0.5888024564399262
680      6.79000000    -0.5879845469542212
681      6.80000000    -0.5871707904177591
682      6.81000000    -0.5863610335170375
683      6.82000000    -0.5855551192516697
684      6.83000000    -0.5847528874155097
685      6.84000000    -0.5839541750869421
686      6.85000000    -0.5831588171265688
687      6.86000000    -0.5823666466806557
688      6.87000000    -0.5815774956884417
689      6.88000000    -0.5807911953916342
690      6.89000000    -0.5800075768442807
691      6.90000000    -0.5792264714212239
692      6.91000000    -0.5784477113234250
693      6.92000000    -0.5776711300784362
694      6.93000000    -0.5768965630342292
695      6.94000000    -0.5761238478448256
696      6.95000000    -0.5753528249459460
697      6.96000000    -0.5745833380192162
698      6.97000000    -0.5738152344432803
699      6.98000000    -0.5730483657303594
700      6.99000000    -0.5722825879468239
701      7.00000000    -0.5715177621163945
702      7.01000000    -0.5707537546046612
703      7.02000000    -0.5699904374836726
704      7.03000000    -0.5692276888754628
705      7.04000000    -0.5684653932734431
706      7.05000000    -0.5677034418405694
707      7.06000000    -0.5669417326835214
708      7.07000000    -0.5661801711019420
709      7.08000000    -0.5654186698120796
710      7.09000000    -0.5646571491441937
711      7.10000000    -0.5638955372131250
712      7.11000000    -0.5631337700616713
713      7.12000000    -0.5623717917763505
714      7.13000000    -0.5616095545753576
715      7.14000000    -0.5608470188685210
716      7.15000000    -0.5600841532892646
717      7.16000000    -0.5593209346985891
718      7.17000000    -0.5585573481612167
719      7.18000000    -0.5577933868941551
720      7.19000000    -0.5570290521880736
721      7.20000000    -0.5562643533018312
722      7.21000000    -0.5554993073307558
723      7.22000000    -0.5547339390492688
724      7.23000000    -0.5539682807285782
725      7.24000000    -0.5532023719302220
726      7.25000000    -0.5524362592762623
727      7.26000000    -0.5516699961972329
728      7.27000000    -0.5509036426587151
729      7.28000000    -0.5501372648676843
730      7.29000000    -0.5493709349598133
731      7.30000000    -0.5486047306688885
732      7.31000000    -0.5478387349796848
733      7.32000000    -0.5470730357655269
734      7.33000000    -0.5463077254120057
735      7.34000000    -0.5455429004281904
736      7.35000000    -0.5447786610468390
737      7.36000000    -0.5440151108149943
738      7.37000000    -0.5432523561765981
739      7.38000000    -0.5424905060485352
740      7.39000000    -0.5417296713916711
741      7.40000000    -0.5409699647784827
742      7.41000000    -0.5402114999587222
743      7.42000000    -0.5394543914248094
744      7.43000000    -0.5386987539782925
745      7.44000000    -0.5379447022991223
746      7.45000000    -0.5371923505190104
747      7.46000000    -0.5364418118005991
748      7.47000000    -0.5356931979236507
749      7.48000000    -0.5349466188798517
750      7.49000000    -0.5342021824775317
751      7.50000000    -0.5334599939576118
752      7.51000000    -0.5327201556221375
753      7.52000000    -0.5319827664765566
754      7.53000000    -0.5312479218869297
755      7.54000000    -0.5305157132532385
756      7.55000000    -0.5297862276997922
757      7.56000000    -0.5290595477837151
758      7.57000000    -0.5283357512224098
759      7.58000000    -0.5276149106409092
760      7.59000000    -0.5268970933398035
761      7.60000000    -0.5261823610844230
762      7.61000000    -0.5254707699159195
763      7.62000000    -0.5247623699847510
764      7.63000000    -0.5240572054069627
765      7.64000000    -0.5233553141437158
766      7.65000000    -0.5226567279041381
767      7.66000000    -0.5219614720719581
768      7.67000000    -0.5212695656557028
769      7.68000000    -0.5205810212627147
770      7.69000000    -0.5198958450967499
771      7.70000000    -0.5192140369790794
772      7.71000000    -0.5185355903928046
773      7.72000000    -0.5178604925500948
774      7.73000000    -0.5171887244818659
775      7.74000000    -0.5165202611494817
776      7.75000000    -0.5158550715778711
777      7.76000000    -0.5151931190094783
778      7.77000000    -0.5145343610782225
779      7.78000000    -0.5138787500028130
780      7.79000000    -0.5132262327984755
781      7.80000000    -0.5125767515063016
782      7.81000000    -0.5119302434390717
783      7.82000000    -0.5112866414427634
784      7.83000000    -0.5106458741724980
785      7.84000000    -0.5100078663818648
786      7.85000000    -0.5093725392245370
787      7.86000000    -0.5087398105668771
788      7.87000000    -0.5081095953103729
789      7.88000000    -0.5074818057226573
790      7.89000000    -0.5068563517758117
791      7.90000000    -0.5062331414906270
792      7.91000000    -0.5056120812856141
793      7.92000000    -0.5049930763293343
794      7.93000000    -0.5043760308948009
795      7.94000000    -0.5037608487146116
796      7.95000000    -0.5031474333354927
797      7.96000000    -0.5025356884709579
798      7.97000000    -0.5019255183507761
799      7.98000000    -0.5013168280660226
800      7.99000000    -0.5007095239084017
801      8.00000000    -0.5001035137027015
802      8.01000000    -0.4994987071311209
803      8.02000000    -0.4988950160483679
804      8.03000000    -0.4982923547864397
805      8.04000000    -0.4976906404479682
806      8.05000000    -0.4970897931871526
807      8.06000000    -0.4964897364773104
808      8.07000000    -0.4958903973641599
809      8.08000000    -0.4952917067039461
810      8.09000000    -0.4946935993856684
811      8.10000000    -0.4940960145366223
812      8.11000000    -0.4934988957106801
813      8.12000000    -0.4929021910586731
814      8.13000000    -0.4923058534802849
815      8.14000000    -0.4917098407571699
816      8.15000000    -0.4911141156667660
817      8.16000000    -0.4905186460765510
818      8.17000000    -0.4899234050185364
819      8.18000000    -0.4893283707437897
820      8.19000000    -0.4887335267569300
821      8.20000000    -0.4881388618306061
822      8.21000000    -0.4875443699999459
823      8.22000000    -0.4869500505372291
824      8.23000000    -0.4863559079068578
825      8.24000000    -0.4857619517010518
826      8.25000000    -0.4851681965564909
827      8.26000000    -0.4845746620523882
828      8.27000000    -0.4839813725904668
829      8.28000000    -0.4833883572573981
830      8.29000000    -0.4827956496702783
831      8.30000000    -0.4822032878058610
832      8.31000000    -0.4816113138142191
833      8.32000000    -0.4810197738176552
834      8.33000000    -0.4804287176956612
835      8.34000000    -0.4798381988568293
836      8.35000000    -0.4792482739986166
837      8.36000000    -0.4786590028559077
838      8.37000000    -0.4780704479393928
839      8.38000000    -0.4774826742648053
840      8.39000000    -0.4768957490740169
841      8.40000000    -0.4763097415491095
842      8.41000000    -0.4757247225205312
843      8.42000000    -0.4751407641704241
844      8.43000000    -0.4745579397322570
845      8.44000000    -0.4739763231879357
846      8.45000000    -0.4733959889634477
847      8.46000000    -0.4728170116242885
848      8.47000000    -0.4722394655716458
849      8.48000000    -0.4716634247407076
850      8.49000000    -0.4710889623019183
851      8.50000000    -0.4705161503664683
852      8.51000000    -0.4699450596970758
853      8.52000000    -0.4693757594250073
854      8.53000000    -0.4688083167744174
855      8.54000000    -0.4682427967950545
856      8.55000000    -0.4676792621041608
857      8.56000000    -0.4671177726385610
858      8.57000000    -0.4665583854177673
859      8.58000000    -0.4660011543189919
860      8.59000000    -0.4654461298647430
861      8.60000000    -0.4648933590238066
862      8.61000000    -0.4643428850262721
863      8.62000000    -0.4637947471931940
864      8.63000000    -0.4632489807814849
865      8.64000000    -0.4627056168445249
866      8.65000000    -0.4621646821089024
867      8.66000000    -0.4616261988677641
868      8.67000000    -0.4610901848909147
869      8.68000000    -0.4605566533521627
870      8.69000000    -0.4600256127738342
871      8.70000000    -0.4594970669888245
872      8.71000000    -0.4589710151200675
873      8.72000000    -0.4584474515775078
874      8.73000000    -0.4579263660725295
875      8.74000000    -0.4574077436495912
876      8.75000000    -0.4568915647350308
877      8.76000000    -0.4563778052026463
878      8.77000000    -0.4558664364558319
879      8.78000000    -0.4553574255258344
880      8.79000000    -0.4548507351857272
881      8.80000000    -0.4543463240795937
882      8.81000000    -0.4538441468664132
883      8.82000000    -0.4533441543780043
884      8.83000000    -0.4528462937904101
885      8.84000000    -0.4523505088080645
886      8.85000000    -0.4518567398599622
887      8.86000000    -0.4513649243070869
888      8.87000000    -0.4508749966602654
889      8.88000000    -0.4503868888076406
890      8.89000000    -0.4499005302508676
891      8.90000000    -0.4494158483491133
892      8.91000000    -0.4489327685699704
893      8.92000000    -0.4484512147463189
894      8.93000000    -0.4479711093381308
895      8.94000000    -0.4474923736983838
896      8.95000000    -0.4470149283418698
897      8.96000000    -0.4465386932161136
898      8.97000000    -0.4460635879733035
899      8.98000000    -0.4455895322422544
900      8.99000000    -0.4451164458993977
901      9.00000000    -0.4446442493378913
902      9.01000000    -0.4441728637337667
903      9.02000000    -0.4437022113082583
904      9.03000000    -0.4432322155853086
905      9.04000000    -0.4427628016434237
906      9.05000000    -0.4422938963608716
907      9.06000000    -0.4418254286534707
908      9.07000000    -0.4413573297041045
909      9.08000000    -0.4408895331831424
910      9.09000000    -0.4404219754590433
911      9.10000000    -0.4399545957984649
912      9.11000000    -0.4394873365550900
913      9.12000000    -0.4390201433466588
914      9.13000000    -0.4385529652195610
915      9.14000000    -0.4380857548004923
916      9.15000000    -0.4376184684346414
917      9.16000000    -0.4371510663100167
918      9.17000000    -0.4366835125675471
919      9.18000000    -0.4362157753965428
920      9.19000000    -0.4357478271154130
921      9.20000000    -0.4352796442372124
922      9.21000000    -0.4348112075200348
923      9.22000000    -0.4343425020020940
924      9.23000000    -0.4338735170213850
925      9.24000000    -0.4334042462200479
926      9.25000000    -0.4329346875334243
927      9.26000000    -0.4324648431639421
928      9.27000000    -0.4319947195400166
929      9.28000000    -0.4315243272602232
930      9.29000000    -0.4310536810229645
931      9.30000000    -0.4305827995420163
932      9.31000000    -0.4301117054483470
933      9.32000000    -0.4296404251785792
934      9.33000000    -0.4291689888506532
935      9.34000000    -0.4286974301271470
936      9.35000000    -0.4282257860668939
937      9.36000000    -0.4277540969654311
938      9.37000000    -0.4272824061849319
939      9.38000000    -0.4268107599743651
940      9.39000000    -0.4263392072805392
941      9.40000000    -0.4258677995507683
942      9.41000000    -0.4253965905279248
943      9.42000000    -0.4249256360387186
944      9.43000000    -0.4244549937759509
945      9.44000000    -0.4239847230755970
946      9.45000000    -0.4235148846895699
947      9.46000000    -0.4230455405550174
948      9.47000000    -0.4225767535609641
949      9.48000000    -0.4221085873132410
950      9.49000000    -0.4216411058985358
951      9.50000000    -0.4211743736483747
952      9.51000000    -0.4207084549040140
953      9.52000000    -0.4202434137829790
954      9.53000000    -0.4197793139481654
955      9.54000000    -0.4193162183802779
956      9.55000000    -0.4188541891544679
957      9.56000000    -0.4183932872219057
958      9.57000000    -0.4179335721971196
959      9.58000000    -0.4174751021517512
960      9.59000000    -0.4170179334155368
961      9.60000000    -0.4165621203851241
962      9.61000000    -0.4161077153414164
963      9.62000000    -0.4156547682760385
964      9.63000000    -0.4152033267275057
965      9.64000000    -0.4147534356275996
966      9.65000000    -0.4143051371585508
967      9.66000000    -0.4138584706213210
968      9.67000000    -0.4134134723155598
969      9.68000000    -0.4129701754314458
970      9.69000000    -0.4125286099539002
971      9.70000000    -0.4120888025792199
972      9.71000000    -0.4116507766446072
973      9.72000000    -0.4112145520705689
974      9.73000000    -0.4107801453163663
975      9.74000000    -0.4103475693486757
976      9.75000000    -0.4099168336233437
977      9.76000000    -0.4094879440803042
978      9.77000000    -0.4090609031516059
979      9.78000000    -0.4086357097822952
980      9.79000000    -0.4082123594641814
981      9.80000000    -0.4077908442821093
982      9.81000000    -0.4073711529725096
983      9.82000000    -0.4069532709940339
984      9.83000000    -0.4065371806097649
985      9.84000000    -0.4061228609807090
986      9.85000000    -0.4057102882701297
987      9.86000000    -0.4052994357582709
988      9.87000000    -0.4048902739668828
989      9.88000000    -0.4044827707931385
990      9.89000000    -0.4040768916522631
991      9.90000000    -0.4036725996283685
992      9.91000000    -0.4032698556327666
993      9.92000000    -0.4028686185692191
994      9.93000000    -0.4024688455053940
995      9.94000000    -0.4020704918498209
996      9.95000000    -0.4016735115336848
997      9.96000000    -0.4012778571967247
998      9.97000000    -0.4008834803764647
999      9.98000000    -0.4004903317000941
1000      9.99000000    -0.4000983610782119
1001     10.00000000    -0.3997075178997179
1002     10.01000000    -0.3993177512270369
1003     10.02000000    -0.3989290099910244
1004     10.03000000    -0.3985412431847340
1005     10.04000000    -0.3981544000553571
1006     10.05000000    -0.3977684302935945
1007     10.06000000    -0.3973832842197645
1008     10.07000000    -0.3969989129659476
1009     10.08000000    -0.3966152686535015
1010     10.09000000    -0.3962323045653023
1011     10.10000000    -0.3958499753120601
1012     10.11000000    -0.3954682369921622
1013     10.12000000    -0.3950870473443810
1014     10.13000000    -0.3947063658930080
1015     10.14000000    -0.3943261540848207
1016     10.15000000    -0.3939463754174541
1017     10.16000000    -0.3935669955587111
1018     10.17000000    -0.3931879824564177
1019     10.18000000    -0.3928093064384424
1020     10.19000000    -0.3924309403025750
1021     10.20000000    -0.3920528593959501
1022     10.21000000    -0.3916750416838062
1023     10.22000000    -0.3912974678073236
1024     10.23000000    -0.3909201211304320
1025     10.24000000    -0.3905429877754460
1026     10.25000000    -0.3901660566474395
1027     10.26000000    -0.3897893194473629
1028     10.27000000    -0.3894127706738753
1029     10.28000000    -0.3890364076139721
1030     10.29000000    -0.3886602303225055
1031     10.30000000    -0.3882842415907058
1032     10.31000000    -0.3879084469039232
1033     10.32000000    -0.3875328543887917
1034     10.33000000    -0.3871574747500671
1035     10.34000000    -0.3867823211974408
1036     10.35000000    -0.3864074093627014
1037     10.36000000    -0.3860327572075207
1038     10.37000000    -0.3856583849224082
1039     10.38000000    -0.3852843148171174
1040     10.39000000    -0.3849105712030766
1041     10.40000000    -0.3845371802683293
1042     10.41000000    -0.3841641699454395
1043     10.42000000    -0.3837915697729860
1044     10.43000000    -0.3834194107511618
1045     10.44000000    -0.3830477251920985
1046     10.45000000    -0.3826765465655080
1047     10.46000000    -0.3823162361882614
1048     10.47000000    -0.3819574660685309
1049     10.48000000    -0.3816002974877223
1050     10.49000000    -0.3812447768418922
1051     10.50000000    -0.3808909353084731
1052     10.51000000    -0.3805387886135676
1053     10.52000000    -0.3801883369006196
1054     10.53000000    -0.3798395647006501
1055     10.54000000    -0.3794924410037898
1056     10.55000000    -0.3791469194312796
1057     10.56000000    -0.3787878787878788
1058     10.57000000    -0.3784295175023652
1059     10.58000000    -0.3780718336483932
1060     10.59000000    -0.3777148253068933
1061     10.60000000    -0.3773584905660378
1062     10.61000000    -0.3770028275212065
1063     10.62000000    -0.3766478342749529
1064     10.63000000    -0.3762935089369709
1065     10.64000000    -0.3759398496240601
1066     10.65000000    -0.3755868544600939
1067     10.66000000    -0.3752345215759850
1068     10.67000000    -0.3748828491096532
1069     10.68000000    -0.3745318352059925
1070     10.69000000    -0.3741814780168382
1071     10.70000000    -0.3738317757009346
1072     10.71000000    -0.3734827264239028
1073     10.72000000    -0.3731343283582090
1074     10.73000000    -0.3727865796831314
1075     10.74000000    -0.3724394785847300
1076     10.75000000    -0.3720930232558139
1077     10.76000000    -0.3717472118959108
1078     10.77000000    -0.3714020427112349
1079     10.78000000    -0.3710575139146567
1080     10.79000000    -0.3707136237256720
1081     10.80000000    -0.3703703703703703
1082     10.81000000    -0.3700277520814061
1083     10.82000000    -0.3696857670979667
1084     10.83000000    -0.3693444136657433
1085     10.84000000    -0.3690036900369004
1086     10.85000000    -0.3686635944700461
1087     10.86000000    -0.3683241252302026
1088     10.87000000    -0.3679852805887764
1089     10.88000000    -0.3676470588235294
1090     10.89000000    -0.3673094582185491
1091     10.90000000    -0.3669724770642202
1092     10.91000000    -0.3666361136571952
1093     10.92000000    -0.3663003663003663
1094     10.93000000    -0.3659652333028363
1095     10.94000000    -0.3656307129798903
1096     10.95000000    -0.3652968036529681
1097     10.96000000    -0.3649635036496350
1098     10.97000000    -0.3646308113035552
1099     10.98000000    -0.3642987249544626
1100     10.99000000    -0.3639672429481347
1101     11.00000000    -0.3636363636363636
1102     11.01000000    -0.3633060853769300
1103     11.02000000    -0.3629764065335753
1104     11.03000000    -0.3626473254759746
1105     11.04000000    -0.3623188405797102
1106     11.05000000    -0.3619909502262443
1107     11.06000000    -0.3616636528028934
1108     11.07000000    -0.3613369467028004
1109     11.08000000    -0.3610108303249098
1110     11.09000000    -0.3606853020739405
1111     11.10000000    -0.3603603603603604
1112     11.11000000    -0.3600360036003600
1113     11.12000000    -0.3597122302158273
1114     11.13000000    -0.3593890386343217
1115     11.14000000    -0.3590664272890485
1116     11.15000000    -0.3587443946188341
1117     11.16000000    -0.3584229390681004
1118     11.17000000    -0.3581020590868397
1119     11.18000000    -0.3577817531305904
1120     11.19000000    -0.3574620196604111
1121     11.20000000    -0.3571428571428572
1122     11.21000000    -0.3568242640499554
1123     11.22000000    -0.3565062388591801
1124     11.23000000    -0.3561887800534283
1125     11.24000000    -0.3558718861209965
1126     11.25000000    -0.3555555555555556
1127     11.26000000    -0.3552397868561279
1128     11.27000000    -0.3549245785270630
1129     11.28000000    -0.3546099290780141
1130     11.29000000    -0.3542958370239150
1131     11.30000000    -0.3539823008849557
1132     11.31000000    -0.3536693191865606
1133     11.32000000    -0.3533568904593640
1134     11.33000000    -0.3530450132391880
1135     11.34000000    -0.3527336860670194
1136     11.35000000    -0.3524229074889868
1137     11.36000000    -0.3521126760563381
1138     11.37000000    -0.3518029903254177
1139     11.38000000    -0.3514938488576450
1140     11.39000000    -0.3511852502194908
1141     11.40000000    -0.3508771929824562
1142     11.41000000    -0.3505696757230500
1143     11.42000000    -0.3502626970227671
1144     11.43000000    -0.3499562554680665
1145     11.44000000    -0.3496503496503497
1146     11.45000000    -0.3493449781659389
1147     11.46000000    -0.3490401396160558
1148     11.47000000    -0.3487358326068004
1149     11.48000000    -0.3484320557491289
1150     11.49000000    -0.3481288076588337
1151     11.50000000    -0.3478260869565217
1152     11.51000000    -0.3475238922675934
1153     11.52000000    -0.3472222222222222
1154     11.53000000    -0.3469210754553339
1155     11.54000000    -0.3466204506065858
1156     11.55000000    -0.3463203463203463
1157     11.56000000    -0.3460207612456748
1158     11.57000000    -0.3457216940363008
1159     11.58000000    -0.3454231433506045
1160     11.59000000    -0.3451251078515962
1161     11.60000000    -0.3448275862068966
1162     11.61000000    -0.3445305770887166
1163     11.62000000    -0.3442340791738382
1164     11.63000000    -0.3439380911435942
1165     11.64000000    -0.3436426116838488
1166     11.65000000    -0.3433476394849786
1167     11.66000000    -0.3430531732418525
1168     11.67000000    -0.3427592116538132
1169     11.68000000    -0.3424657534246575
1170     11.69000000    -0.3421727972626176
1171     11.70000000    -0.3418803418803419
1172     11.71000000    -0.3415883859948762
1173     11.72000000    -0.3412969283276451
1174     11.73000000    -0.3410059676044331
1175     11.74000000    -0.3407155025553663
1176     11.75000000    -0.3404255319148936
1177     11.76000000    -0.3401360544217687
1178     11.77000000    -0.3398470688190314
1179     11.78000000    -0.3395585738539898
1180     11.79000000    -0.3392705682782019
1181     11.80000000    -0.3389830508474576
1182     11.81000000    -0.3386960203217613
1183     11.82000000    -0.3384094754653130
1184     11.83000000    -0.3381234150464920
1185     11.84000000    -0.3378378378378378
1186     11.85000000    -0.3375527426160337
1187     11.86000000    -0.3372681281618887
1188     11.87000000    -0.3369839932603201
1189     11.88000000    -0.3367003367003367
1190     11.89000000    -0.3364171572750210
1191     11.90000000    -0.3361344537815126
1192     11.91000000    -0.3358522250209908
1193     11.92000000    -0.3355704697986577
1194     11.93000000    -0.3352891869237217
1195     11.94000000    -0.3350083752093803
1196     11.95000000    -0.3347280334728034
1197     11.96000000    -0.3344481605351171
1198     11.97000000    -0.3341687552213868
1199     11.98000000    -0.3338898163606010
1200     11.99000000    -0.3336113427856547
1201     12.00000000    -0.3333333333333333
1202     12.01000000    -0.3330557868442964
1203     12.02000000    -0.3327787021630616
1204     12.03000000    -0.3325020781379884
1205     12.04000000    -0.3322259136212625
1206     12.05000000    -0.3319502074688797
1207     12.06000000    -0.3316749585406302
1208     12.07000000    -0.3314001657000828
1209     12.08000000    -0.3311258278145696
1210     12.09000000    -0.3308519437551696
1211     12.10000000    -0.3305785123966942
1212     12.11000000    -0.3303055326176714
1213     12.12000000    -0.3300330033003300
1214     12.13000000    -0.3297609233305854
1215     12.14000000    -0.3294892915980230
1216     12.15000000    -0.3292181069958848
1217     12.16000000    -0.3289473684210527
1218     12.17000000    -0.3286770747740345
1219     12.18000000    -0.3284072249589491
1220     12.19000000    -0.3281378178835111
1221     12.20000000    -0.3278688524590164
1222     12.21000000    -0.3276003276003276
1223     12.22000000    -0.3273322422258593
1224     12.23000000    -0.3270645952575634
1225     12.24000000    -0.3267973856209150
1226     12.25000000    -0.3265306122448979
1227     12.26000000    -0.3262642740619902
1228     12.27000000    -0.3259983700081500
1229     12.28000000    -0.3257328990228013
1230     12.29000000    -0.3254678600488202
1231     12.30000000    -0.3252032520325203
1232     12.31000000    -0.3249390739236393
1233     12.32000000    -0.3246753246753247
1234     12.33000000    -0.3244120032441200
1235     12.34000000    -0.3241491085899514
1236     12.35000000    -0.3238866396761134
1237     12.36000000    -0.3236245954692557
1238     12.37000000    -0.3233629749393694
1239     12.38000000    -0.3231017770597738
1240     12.39000000    -0.3228410008071025
1241     12.40000000    -0.3225806451612903
1242     12.41000000    -0.3223207091055600
1243     12.42000000    -0.3220611916264090
1244     12.43000000    -0.3218020917135961
1245     12.44000000    -0.3215434083601286
1246     12.45000000    -0.3212851405622490
1247     12.46000000    -0.3210272873194221
1248     12.47000000    -0.3207698476343224
1249     12.48000000    -0.3205128205128205
1250     12.49000000    -0.3202562049639712
1251     12.50000000    -0.3200000000000000
1252     12.51000000    -0.3197442046362910
1253     12.52000000    -0.3194888178913738
1254     12.53000000    -0.3192338387869114
1255     12.54000000    -0.3189792663476874
1256     12.55000000    -0.3187250996015936
1257     12.56000000    -0.3184713375796178
1258     12.57000000    -0.3182179793158313
1259     12.58000000    -0.3179650238473768
1260     12.59000000    -0.3177124702144559
1261     12.60000000    -0.3174603174603174
1262     12.61000000    -0.3172085646312451
1263     12.62000000    -0.3169572107765452
1264     12.63000000    -0.3167062549485353
1265     12.64000000    -0.3164556962025316
1266     12.65000000    -0.3162055335968380
1267     12.66000000    -0.3159557661927330
1268     12.67000000    -0.3157063930544594
1269     12.68000000    -0.3154574132492113
1270     12.69000000    -0.3152088258471237
1271     12.70000000    -0.3149606299212598
1272     12.71000000    -0.3147128245476003
1273     12.72000000    -0.3144654088050315
1274     12.73000000    -0.3142183817753338
1275     12.74000000    -0.3139717425431711
1276     12.75000000    -0.3137254901960784
1277     12.76000000    -0.3134796238244514
1278     12.77000000    -0.3132341425215349
1279     12.78000000    -0.3129890453834116
1280     12.79000000    -0.3127443315089914
1281     12.80000000    -0.3125000000000000
1282     12.81000000    -0.3122560499609680
1283     12.82000000    -0.3120124804992200
1284     12.83000000    -0.3117692907248636
1285     12.84000000    -0.3115264797507788
1286     12.85000000    -0.3112840466926070
1287     12.86000000    -0.3110419906687403
1288     12.87000000    -0.3108003108003108
1289     12.88000000    -0.3105590062111802
1290     12.89000000    -0.3103180760279286
1291     12.90000000    -0.3100775193798450
1292     12.91000000    -0.3098373353989156
1293     12.92000000    -0.3095975232198143
1294     12.93000000    -0.3093580819798917
1295     12.94000000    -0.3091190108191654
1296     12.95000000    -0.3088803088803089
1297     12.96000000    -0.3086419753086420
1298     12.97000000    -0.3084040092521203
1299     12.98000000    -0.3081664098613251
1300     12.99000000    -0.3079291762894534
1301     13.00000000    -0.3076923076923077
1302     13.01000000    -0.3074558032282859
1303     13.02000000    -0.3072196620583718
1304     13.03000000    -0.3069838833461244
1305     13.04000000    -0.3067484662576687
1306     13.05000000    -0.3065134099616858
1307     13.06000000    -0.3062787136294027
1308     13.07000000    -0.3060443764345830
1309     13.08000000    -0.3058103975535168
1310     13.09000000    -0.3055767761650114
1311     13.10000000    -0.3053435114503817
1312     13.11000000    -0.3051106025934401
1313     13.12000000    -0.3048780487804878
1314     13.13000000    -0.3046458492003047
1315     13.14000000    -0.3044140030441400
1316     13.15000000    -0.3041825095057034
1317     13.16000000    -0.3039513677811550
1318     13.17000000    -0.3037205770690964
1319     13.18000000    -0.3034901365705615
1320     13.19000000    -0.3032600454890068
1321     13.20000000    -0.3030303030303030
1322     13.21000000    -0.3028009084027252
1323     13.22000000    -0.3025718608169440
1324     13.23000000    -0.3023431594860166
1325     13.24000000    -0.3021148036253776
1326     13.25000000    -0.3018867924528302
1327     13.26000000    -0.3016591251885369
1328     13.27000000    -0.3014318010550113
1329     13.28000000    -0.3012048192771085
1330     13.29000000    -0.3009781790820166
1331     13.30000000    -0.3007518796992481
1332     13.31000000    -0.3005259203606311
1333     13.32000000    -0.3003003003003003
1334     13.33000000    -0.3000750187546887
1335     13.34000000    -0.2998500749625188
1336     13.35000000    -0.2996254681647940
1337     13.36000000    -0.2994011976047904
1338     13.37000000    -0.2991772625280478
1339     13.38000000    -0.2989536621823617
1340     13.39000000    -0.2987303958177744
1341     13.40000000    -0.2985074626865671
1342     13.41000000    -0.2982848620432513
1343     13.42000000    -0.2980625931445604
1344     13.43000000    -0.2978406552494415
1345     13.44000000    -0.2976190476190476
1346     13.45000000    -0.2973977695167286
1347     13.46000000    -0.2971768202080238
1348     13.47000000    -0.2969561989606533
1349     13.48000000    -0.2967359050445104
1350     13.49000000    -0.2965159377316531
1351     13.50000000    -0.2962962962962963
1352     13.51000000    -0.2960769800148039
1353     13.52000000    -0.2958579881656805
1354     13.53000000    -0.2956393200295639
1355     13.54000000    -0.2954209748892171
1356     13.55000000    -0.2952029520295203
1357     13.56000000    -0.2949852507374631
1358     13.57000000    -0.2947678703021371
1359     13.58000000    -0.2945508100147275
1360     13.59000000    -0.2943340691685062
1361     13.60000000    -0.2941176470588235
1362     13.61000000    -0.2939015429831007
1363     13.62000000    -0.2936857562408223
1364     13.63000000    -0.2934702861335290
1365     13.64000000    -0.2932551319648093
1366     13.65000000    -0.2930402930402931
1367     13.66000000    -0.2928257686676428
1368     13.67000000    -0.2926115581565472
1369     13.68000000    -0.2923976608187134
1370     13.69000000    -0.2921840759678598
1371     13.70000000    -0.2919708029197081
1372     13.71000000    -0.2917578409919767
1373     13.72000000    -0.2915451895043732
1374     13.73000000    -0.2913328477785870
1375     13.74000000    -0.2911208151382824
1376     13.75000000    -0.2909090909090909
1377     13.76000000    -0.2906976744186047
1378     13.77000000    -0.2904865649963689
1379     13.78000000    -0.2902757619738752
1380     13.79000000    -0.2900652646845541
1381     13.80000000    -0.2898550724637681
1382     13.81000000    -0.2896451846488052
1383     13.82000000    -0.2894356005788712
1384     13.83000000    -0.2892263195950832
1385     13.84000000    -0.2890173410404624
1386     13.85000000    -0.2888086642599278
1387     13.86000000    -0.2886002886002886
1388     13.87000000    -0.2883922134102379
1389     13.88000000    -0.2881844380403458
1390     13.89000000    -0.2879769618430525
1391     13.90000000    -0.2877697841726619
1392     13.91000000    -0.2875629043853343
1393     13.92000000    -0.2873563218390804
1394     13.93000000    -0.2871500358937545
1395     13.94000000    -0.2869440459110473
1396     13.95000000    -0.2867383512544803
1397     13.96000000    -0.2865329512893983
1398     13.97000000    -0.2863278453829635
1399     13.98000000    -0.2861230329041488
1400     13.99000000    -0.2859185132237312
1401     14.00000000    -0.2857142857142857
1402     14.01000000    -0.2855103497501785
1403     14.02000000    -0.2853067047075606
1404     14.03000000    -0.2851033499643621
1405     14.04000000    -0.2849002849002849
1406     14.05000000    -0.2846975088967971
1407     14.06000000    -0.2844950213371266
1408     14.07000000    -0.2842928216062544
1409     14.08000000    -0.2840909090909091
1410     14.09000000    -0.2838892831795600
1411     14.10000000    -0.2836879432624114
1412     14.11000000    -0.2834868887313962
1413     14.12000000    -0.2832861189801700
1414     14.13000000    -0.2830856334041048
1415     14.14000000    -0.2828854314002829
1416     14.15000000    -0.2826855123674912
1417     14.16000000    -0.2824858757062147
1418     14.17000000    -0.2822865208186309
1419     14.18000000    -0.2820874471086037
1420     14.19000000    -0.2818886539816772
1421     14.20000000    -0.2816901408450704
1422     14.21000000    -0.2814919071076706
1423     14.22000000    -0.2812939521800281
1424     14.23000000    -0.2810962754743500
1425     14.24000000    -0.2808988764044944
1426     14.25000000    -0.2807017543859649
1427     14.26000000    -0.2805049088359046
1428     14.27000000    -0.2803083391730904
1429     14.28000000    -0.2801120448179272
1430     14.29000000    -0.2799160251924423
1431     14.30000000    -0.2797202797202797
1432     14.31000000    -0.2795248078266946
1433     14.32000000    -0.2793296089385475
1434     14.33000000    -0.2791346824842987
1435     14.34000000    -0.2789400278940028
1436     14.35000000    -0.2787456445993031
1437     14.36000000    -0.2785515320334262
1438     14.37000000    -0.2783576896311761
1439     14.38000000    -0.2781641168289291
1440     14.39000000    -0.2779708130646282
1441     14.40000000    -0.2777777777777778
1442     14.41000000    -0.2775850104094379
1443     14.42000000    -0.2773925104022191
1444     14.43000000    -0.2772002772002772
1445     14.44000000    -0.2770083102493075
1446     14.45000000    -0.2768166089965398
1447     14.46000000    -0.2766251728907330
1448     14.47000000    -0.2764340013821700
1449     14.48000000    -0.2762430939226519
1450     14.49000000    -0.2760524499654934
1451     14.50000000    -0.2758620689655172
1452     14.51000000    -0.2756719503790490
1453     14.52000000    -0.2754820936639119
1454     14.53000000    -0.2752924982794219
1455     14.54000000    -0.2751031636863824
1456     14.55000000    -0.2749140893470790
1457     14.56000000    -0.2747252747252747
1458     14.57000000    -0.2745367192862045
1459     14.58000000    -0.2743484224965707
1460     14.59000000    -0.2741603838245373
1461     14.60000000    -0.2739726027397260
1462     14.61000000    -0.2737850787132101
1463     14.62000000    -0.2735978112175103
1464     14.63000000    -0.2734107997265892
1465     14.64000000    -0.2732240437158470
1466     14.65000000    -0.2730375426621161
1467     14.66000000    -0.2728512960436562
1468     14.67000000    -0.2726653033401500
1469     14.68000000    -0.2724795640326976
1470     14.69000000    -0.2722940776038121
1471     14.70000000    -0.2721088435374150
1472     14.71000000    -0.2719238613188307
1473     14.72000000    -0.2717391304347826
1474     14.73000000    -0.2715546503733877
1475     14.74000000    -0.2713704206241520
1476     14.75000000    -0.2711864406779661
1477     14.76000000    -0.2710027100271003
1478     14.77000000    -0.2708192281651997
1479     14.78000000    -0.2706359945872801
1480     14.79000000    -0.2704530087897228
1481     14.80000000    -0.2702702702702702
1482     14.81000000    -0.2700877785280216
1483     14.82000000    -0.2699055330634278
1484     14.83000000    -0.2697235333782873
1485     14.84000000    -0.2695417789757412
1486     14.85000000    -0.2693602693602694
1487     14.86000000    -0.2691790040376851
1488     14.87000000    -0.2689979825151311
1489     14.88000000    -0.2688172043010753
1490     14.89000000    -0.2686366689053056
1491     14.90000000    -0.2684563758389262
1492     14.91000000    -0.2682763246143528
1493     14.92000000    -0.2680965147453083
1494     14.93000000    -0.2679169457468185
1495     14.94000000    -0.2677376171352075
1496     14.95000000    -0.2675585284280936
1497     14.96000000    -0.2673796791443850
1498     14.97000000    -0.2672010688042752
1499     14.98000000    -0.2670226969292390
1500     14.99000000    -0.2668445630420280
1501     15.00000000    -0.2666666666666667
1502     15.01000000    -0.2664890073284477
1503     15.02000000    -0.2663115845539281
1504     15.03000000    -0.2661343978709249
1505     15.04000000    -0.2659574468085106
1506     15.05000000    -0.2657807308970099
1507     15.06000000    -0.2656042496679947
1508     15.07000000    -0.2654280026542800
1509     15.08000000    -0.2652519893899205
1510     15.09000000    -0.2650762094102054
1511     15.10000000    -0.2649006622516556
1512     15.11000000    -0.2647253474520185
1513     15.12000000    -0.2645502645502646
1514     15.13000000    -0.2643754130865829
1515     15.14000000    -0.2642007926023778
1516     15.15000000    -0.2640264026402640
1517     15.16000000    -0.2638522427440633
1518     15.17000000    -0.2636783124588002
1519     15.18000000    -0.2635046113306983
1520     15.19000000    -0.2633311389071758
1521     15.20000000    -0.2631578947368421
1522     15.21000000    -0.2629848783694937
1523     15.22000000    -0.2628120893561104
1524     15.23000000    -0.2626395272488509
1525     15.24000000    -0.2624671916010499
1526     15.25000000    -0.2622950819672131
1527     15.26000000    -0.2621231979030144
1528     15.27000000    -0.2619515389652914
1529     15.28000000    -0.2617801047120419
1530     15.29000000    -0.2616088947024199
1531     15.30000000    -0.2614379084967320
1532     15.31000000    -0.2612671456564337
1533     15.32000000    -0.2610966057441253
1534     15.33000000    -0.2609262883235486
1535     15.34000000    -0.2607561929595828
1536     15.35000000    -0.2605863192182410
1537     15.36000000    -0.2604166666666667
1538     15.37000000    -0.2602472348731295
1539     15.38000000    -0.2600780234070221
1540     15.39000000    -0.2599090318388564
1541     15.40000000    -0.2597402597402597
1542     15.41000000    -0.2595717066839714
1543     15.42000000    -0.2594033722438392
1544     15.43000000    -0.2592352559948153
1545     15.44000000    -0.2590673575129534
1546     15.45000000    -0.2588996763754046
1547     15.46000000    -0.2587322121604140
1548     15.47000000    -0.2585649644473174
1549     15.48000000    -0.2583979328165374
1550     15.49000000    -0.2582311168495804
1551     15.50000000    -0.2580645161290323
1552     15.51000000    -0.2578981302385558
1553     15.52000000    -0.2577319587628866
1554     15.53000000    -0.2575660012878300
1555     15.54000000    -0.2574002574002574
1556     15.55000000    -0.2572347266881029
1557     15.56000000    -0.2570694087403599
1558     15.57000000    -0.2569043031470777
1559     15.58000000    -0.2567394094993581
1560     15.59000000    -0.2565747273893522
1561     15.60000000    -0.2564102564102564
1562     15.61000000    -0.2562459961563101
1563     15.62000000    -0.2560819462227913
1564     15.63000000    -0.2559181062060141
1565     15.64000000    -0.2557544757033248
1566     15.65000000    -0.2555910543130990
1567     15.66000000    -0.2554278416347382
1568     15.67000000    -0.2552648372686662
1569     15.68000000    -0.2551020408163265
1570     15.69000000    -0.2549394518801785
1571     15.70000000    -0.2547770700636943
1572     15.71000000    -0.2546148949713558
1573     15.72000000    -0.2544529262086514
1574     15.73000000    -0.2542911633820725
1575     15.74000000    -0.2541296060991106
1576     15.75000000    -0.2539682539682540
1577     15.76000000    -0.2538071065989848
1578     15.77000000    -0.2536461636017756
1579     15.78000000    -0.2534854245880862
1580     15.79000000    -0.2533248891703610
1581     15.80000000    -0.2531645569620253
1582     15.81000000    -0.2530044275774826
1583     15.82000000    -0.2528445006321112
1584     15.83000000    -0.2526847757422615
1585     15.84000000    -0.2525252525252525
1586     15.85000000    -0.2523659305993691
1587     15.86000000    -0.2522068095838588
1588     15.87000000    -0.2520478890989288
1589     15.88000000    -0.2518891687657431
1590     15.89000000    -0.2517306482064191
1591     15.90000000    -0.2515723270440252
1592     15.91000000    -0.2514142049025770
1593     15.92000000    -0.2512562814070352
1594     15.93000000    -0.2510985561833020
1595     15.94000000    -0.2509410288582183
1596     15.95000000    -0.2507836990595612
1597     15.96000000    -0.2506265664160401
1598     15.97000000    -0.2504696305572949
1599     15.98000000    -0.2503128911138924
1600     15.99000000    -0.2501563477173233
1601     16.00000000    -0.2500000000000000
