# BSE Version v0.8.3+10.g779a56f
# Data downloaded at 2019-06-11T13:56
# fano-5z version number 1
# Description: Frozen Atomic Natural Orbital - 5-Zeta
# Role: orbital
# 
basis "H_fano-5z" 
#basis SET: (9s,5p,4d,3f,2g) -> [5s,4p,3d,2f,1g]
H    S
    837.3565790              0.0000942              0.0001050              0.0000941             -0.0000518              0.0000078
    123.4588050              0.0007550              0.0008261              0.0006984              0.0000389             -0.0002103
     27.6800140              0.0039564              0.0045649              0.0044199             -0.0038174              0.0009415
      7.8443510              0.0161511              0.0192329              0.0217301              0.0105325             -0.0242336
      2.5635170              0.0524165              0.0888390              0.1832408             -0.3119156             -0.0610713
      0.9330970              0.1187161              0.3472684             -0.1772017              1.2816372              1.1164797
      0.3731530              0.2019413              0.0661802             -0.6766767             -1.2109460             -0.1846096
      0.1593170              0.1760460             -0.4252670              0.4743323              0.2471218             -0.2048759
      0.0670560              0.0363439             -0.1033785              0.1655691              0.2423234             -0.0094183
H    P
      5.3318730              0.0074645              0.0149812              0.0159255              0.1637444
      2.4367010              0.0156054              0.1100637              0.3714126              0.7608636
      1.1135890              0.1322438              0.3659117             -0.3364789             -0.5491847
      0.5089170              0.2287702             -0.0510704             -0.5567565             -0.4113110
      0.2325790              0.1881628             -0.4114908              0.6165746              0.2775380
H    D
      4.5489960              0.0011829              0.0191003              0.0501292
      2.0571590              0.0311443              0.2694641              0.3993087
      0.9302940              0.1131471              0.2251466              0.2281097
      0.4207000              0.1353299             -0.5116127             -0.1250076
H    F
      3.3328790              0.0043026              0.0287733
      1.4603800              0.0410083              0.0804879
      0.6399000              0.0703727             -0.1160726
H    G
      3.1447840              0.0051647
      1.1461000              0.0345248
end
basis "He_fano-5z" 
#basis SET: (10s,6p,5d,4f,3g) -> [5s,4p,3d,2f,1g]
He    S
   4830.0398640              0.0001051              0.0000824              0.0000596              0.0000589              0.0000620
    729.2429710              0.0008274              0.0006520              0.0005441              0.0002074             -0.0000786
    162.9278880              0.0043958              0.0034762              0.0024209              0.0032522              0.0042227
     46.5002370              0.0177745              0.0146714              0.0144866              0.0053563             -0.0019854
     15.3811580              0.0604393              0.0561758              0.0623797              0.1341775              0.2244187
      5.5578720              0.1727267              0.2230841              0.3977541              0.2763735             -0.2705803
      2.1235890              0.3838561              0.5782693              0.0802949             -0.7578268             -0.0807134
      0.8430400              0.6199012              0.2023253             -0.8235630              0.4856701              0.5393208
      0.3428500              0.6227484             -0.6774590              0.2584255              0.1521856             -0.6777018
      0.1396870              0.2161898             -0.3355122              0.2935940             -0.2687700              0.3460339
He    P
     24.3183740              0.0056512              0.0148219              0.0184429              0.0222718
     10.3354900              0.0220451              0.0588850              0.1847055              0.4018845
      4.3926600              0.1359837              0.4676164              0.5239311             -0.3536294
      1.8669130              0.5465516              0.5678715             -0.6974934             -0.2577398
      0.7934520              0.7619289             -0.5053722             -0.1063496              0.6715268
      0.3372230              0.3189612             -0.4469548              0.4395824             -0.4422228
He    D
     16.1408820              0.0080042              0.0171921              0.0505532
      7.0022480              0.0540712              0.2636389              0.5513359
      3.0377200              0.4435463              0.7255774             -0.2445760
      1.3178260              0.8011998             -0.2931458             -0.5373863
      0.5717000              0.3979420             -0.5637392              0.5872577
He    F
     12.7393200              0.0057181              0.0494365
      5.1110290              0.2433377              0.6977833
      2.0505500              0.8556312              0.0872400
      0.8226830              0.4567815             -0.7092557
He    G
      9.6375220              0.0385431
      3.7558540              0.6250740
      1.4637000              0.7796133
end
basis "B_fano-5z" 
#basis SET: (14s,8p,6d,4f,3g,3h) -> [6s,5p,4d,3f,2g,1h]
B    S
  33713.2090900              0.0000969              0.0000139              0.0000083              0.0000056              0.0000016              0.0000043
   5944.1469550              0.0006365              0.0000911              0.0000551              0.0000378              0.0000075              0.0000213
   1398.4465480              0.0033100              0.0004742              0.0002838              0.0001899              0.0000627              0.0001622
    408.4840030              0.0130585              0.0018794              0.0011410              0.0007926              0.0001285              0.0003753
    139.7224310              0.0427378              0.0062080              0.0037074              0.0024784              0.0010291              0.0025205
     53.4151770              0.1186584              0.0176819              0.0108965              0.0079301              0.0011992              0.0029735
     22.0062560              0.2776099              0.0434925              0.0262823              0.0186310              0.0119650              0.0249987
      9.5014400              0.5176670              0.0907642              0.0581135              0.0460571              0.0022251              0.0034647
      4.2096900              0.6781401              0.1565133              0.0942056              0.0640337              0.0506220              0.1238873
      1.8837970              0.4191816              0.1792387              0.1469322              0.1236577             -0.0671861             -0.1554345
      0.8409510              0.0534040             -0.0423788             -0.1951643             -0.5732022             -0.3807379             -0.2350930
      0.3705840             -0.0088276             -0.5007890             -0.7628532              0.1117650              0.7660287              0.6308921
      0.1595430             -0.0174374             -0.7622621              0.2901479              0.6182322             -0.4494901             -0.6662512
      0.0663110             -0.0066536             -0.3150608              0.5109936             -0.5047843              0.2428375              0.2503106
B    P
     55.5985150              0.0020086              0.0017813              0.0007913              0.0008323              0.0014366
     12.5957260              0.0156263              0.0137498              0.0062494              0.0102565              0.0153413
      3.9252440              0.0646204              0.0506776              0.0222719              0.0239363              0.0619005
      1.4127370              0.2075692              0.1544731              0.0758263              0.1772710              0.3100402
      0.5524420              0.4700048              0.6015101              0.4156673              0.3098986             -0.2031558
      0.2327110              0.6433904              0.7335476             -0.0099973             -0.2235486             -0.4307291
      0.1037760              0.5388558              0.2341586             -0.1827261             -0.6317913              0.7294553
      0.0448880              0.1651352             -0.1365318             -0.8873819              0.6501729             -0.3753679
B    D
      3.6455150              0.0122038             -0.0062663             -0.0030301              0.0142138
      1.7449540              0.0373810             -0.0248672              0.2398938              0.5379636
      0.8352350              0.2651468              0.6625073              0.4638478             -0.6745695
      0.3997920              0.6768987              0.3301854             -0.7765023              0.1842859
      0.1913630              0.6321608             -0.5769520              0.0756739              0.3327475
      0.0915980              0.2652015             -0.3442825              0.3443902             -0.3326665
B    F
      1.7568920              0.0199075              0.0451652              0.2752121
      0.8872750              0.3881118              0.7283662              0.2219136
      0.4480970              0.6792141              0.0065425             -0.7690895
      0.2263000              0.6226084             -0.6836666              0.5324603
B    G
      1.6104090              0.0740100              0.3279602
      0.7332410              0.7652107              0.5387527
      0.3338550              0.6395116             -0.7760075
B    H
      1.7137600              0.0708755
      0.8474740              0.7968586
      0.4190860              0.5999942
end
basis "C_fano-5z" 
#basis SET: (14s,8p,6d,5f,4g,3h) -> [6s,5p,4d,3f,2g,1h]
C    S
  50386.7510900              0.0000934              0.0000139              0.0000086              0.0000056              0.0000030              0.0000069
   8819.2373630              0.0006154              0.0000915              0.0000568              0.0000375              0.0000141              0.0000349
   2086.7321560              0.0031621              0.0004703              0.0002901              0.0001910              0.0001145              0.0002572
    612.8795870              0.0124403              0.0018585              0.0011585              0.0007690              0.0002335              0.0006072
    209.4234020              0.0411252              0.0062066              0.0038228              0.0025366              0.0018058              0.0039096
     79.3863770              0.1168228              0.0181043              0.0114048              0.0077970              0.0018132              0.0047464
     32.2752830              0.2802431              0.0459208              0.0285736              0.0202159              0.0187119              0.0369240
     13.7491780              0.5308248              0.0984414              0.0638623              0.0468917              0.0021735              0.0093001
      6.0385850              0.6810579              0.1698311              0.1078515              0.0828557              0.1134263              0.2298326
      2.7005220              0.3969034              0.1770090              0.1442426              0.0908409             -0.1771451             -0.3263304
      1.2150470              0.0455190             -0.0838538             -0.2565399             -0.6064234             -0.2431160             -0.0037104
      0.5418380             -0.0125534             -0.5308223             -0.7290224              0.1916865              0.6903571              0.3989895
      0.2344430             -0.0226724             -0.7427827              0.3065725              0.5794554             -0.5943428             -0.7957839
      0.0954250             -0.0083165             -0.2951711              0.5208148             -0.4918800              0.2577808              0.2161458
C    P
     83.1513210              0.0021274              0.0018118              0.0009433              0.0011754              0.0014689
     19.5924490              0.0166142              0.0138614              0.0080271              0.0127233              0.0149206
      6.0476250              0.0734270              0.0555838              0.0332357              0.0435256              0.0699237
      2.1892240              0.2282381              0.1654087              0.1298832              0.2318902              0.3041191
      0.8700640              0.4839788              0.6371340              0.3887214              0.2680426             -0.2265282
      0.3648050              0.6479795              0.6241665             -0.1875256             -0.2856108             -0.3986376
      0.1562410              0.5172421              0.1099289             -0.5998300             -0.5382131              0.7280844
      0.0654550              0.1434680             -0.4021779             -0.6602228              0.7078669             -0.4025712
C    D
      5.2360130              0.0170162              0.0131308              0.0034995              0.0468010
      2.5791440              0.0514396              0.0619977              0.2947006              0.4907491
      1.2704290              0.2818154              0.6803413              0.3915393             -0.6823580
      0.6257850              0.6665221              0.2815682             -0.7726300              0.1695145
      0.3082480              0.6067801             -0.5274367              0.0312748              0.3793566
      0.1518360              0.3243620             -0.4191055              0.4023692             -0.3445516
C    F
      4.8000000              0.0110905             -0.0204378             -0.0290747
      2.4000000              0.0482436              0.2264658              0.5126146
      1.2000000              0.4945979              0.7098712             -0.1044299
      0.6000000              0.7089697             -0.1819649             -0.6347047
      0.3000000              0.5002843             -0.6413011              0.5680011
C    G
      2.9555240              0.0174571              0.1049500
      1.5028790              0.4512965              0.7909388
      0.7642110              0.7939631             -0.2680202
      0.3886000              0.4070004             -0.5399690
C    H
      3.1923270              0.0235975
      1.4255790              0.6977855
      0.6366120              0.7159180
end
basis "N_fano-5z" 
#basis SET: (14s,9p,6d,5f,4g,4h) -> [6s,5p,4d,3f,2g,1h]
N    S
  73027.0995300              0.0000861              0.0000127              0.0000081              0.0000051              0.0000031              0.0000112
  13006.9357000              0.0005565              0.0000824              0.0000530              0.0000337              0.0000146              0.0000688
   3085.0052020              0.0028746              0.0004259              0.0002717              0.0001709              0.0001143              0.0003810
    902.4964980              0.0114056              0.0016970              0.0010962              0.0007019              0.0002531              0.0013824
    306.8769050              0.0380392              0.0057192              0.0036387              0.0022954              0.0017933              0.0052540
    115.9661650              0.1089295              0.0168171              0.0109600              0.0072233              0.0019871              0.0130314
     47.1153690              0.2648738              0.0432958              0.0276608              0.0183569              0.0180222              0.0406533
     20.0894380              0.5127249              0.0949091              0.0633387              0.0453765              0.0055392              0.0679263
      8.8297390              0.6836002              0.1687003              0.1091879              0.0799524              0.1150489              0.2244375
      3.9426890              0.4263029              0.1808815              0.1477906              0.0987852             -0.1482905              0.0035171
      1.7639150              0.0562035             -0.0795995             -0.2401707             -0.5748554             -0.2742488             -0.0144971
      0.7781490             -0.0178354             -0.5388887             -0.7222937              0.1241837              0.6801476             -0.2978810
      0.3315040             -0.0292326             -0.7343445              0.2466300              0.6272211             -0.6062603             -0.9145096
      0.1325480             -0.0113544             -0.3026917              0.5666638             -0.4920451              0.2429943             -0.1337099
N    P
    151.4935990              0.0014016              0.0010787              0.0006781              0.0011617              0.0010286
     40.9598840              0.0089248              0.0070709              0.0036050              0.0073493              0.0100040
     14.4370110              0.0361072              0.0274723              0.0218935              0.0338701              0.0363803
      5.8532440              0.1088272              0.0804627              0.0556637              0.0897781              0.2057360
      2.5531790              0.2647524              0.2320473              0.2238837              0.3741703              0.2218749
      1.1595980              0.4758313              0.5961968             -0.0135173              0.1699795             -0.7150564
      0.5359910              0.6036089              0.1862449             -0.3119810             -0.6690228              0.1699513
      0.2429480              0.5381675             -0.3231860             -0.7460498              0.5955207              0.4305039
      0.1001280              0.1905101             -0.6665486              0.5405365              0.1400157             -0.4260245
N    D
     11.6127850              0.0072799              0.0140505              0.0075519             -0.0077087
      5.3516530              0.0277046              0.0110294              0.0717550              0.2856783
      2.4662640              0.1646585              0.4341829              0.5930834             -0.0304178
      1.1365570              0.5873112              0.5919039             -0.5061133             -0.5055372
      0.5237720              0.6803181             -0.4076281             -0.3374673              0.7081345
      0.2413760              0.4053391             -0.5428216              0.5225050             -0.4004758
N    F
      5.4197990              0.0200737              0.0032494              0.0582117
      2.7459560              0.1336946              0.4559172              0.6263936
      1.3912460              0.6280859              0.5806804             -0.5829213
      0.7048790              0.6760417             -0.4430828             -0.2207423
      0.3571290              0.3608303             -0.5085438              0.4644547
N    G
      5.6984460             -0.0023213             -0.0029660
      2.7341990              0.2402588              0.6221452
      1.3119100              0.7746242              0.2307833
      0.6294740              0.5850023             -0.7481080
N    H
      6.4878630             -0.0110493
      3.0686020              0.2405468
      1.4513740              0.8690717
      0.6864650              0.4321221
end
basis "O_fano-5z" 
#basis SET: (14s,9p,6d,6f,5g,4h) -> [6s,5p,4d,3f,2g,1h]
O    S
 104579.4181000              0.0000774              0.0000119              0.0000073              0.0000046              0.0000026              0.0000100
  18684.8305100              0.0005020              0.0000770              0.0000475              0.0000311              0.0000125              0.0000511
   4378.1467270              0.0026527              0.0004068              0.0002495              0.0001544              0.0001002              0.0003696
   1261.9243590              0.0107314              0.0016539              0.0010244              0.0006825              0.0002277              0.0009740
    424.7376670              0.0361369              0.0056181              0.0034386              0.0020915              0.0016158              0.0057417
    160.1031240              0.1034337              0.0165218              0.0103203              0.0072151              0.0017076              0.0076838
     65.3713900              0.2512464              0.0422938              0.0260125              0.0160328              0.0161788              0.0525986
     28.1512460              0.4901427              0.0930722              0.0596369              0.0465468              0.0044672              0.0230366
     12.5101940              0.6786310              0.1669202              0.1052923              0.0680624              0.1094300              0.3383647
      5.6307800              0.4655847              0.1896226              0.1502915              0.1416816             -0.1139373             -0.4246107
      2.5226990              0.0785387             -0.0556710             -0.1937410             -0.6023334             -0.3164040              0.4242132
      1.1051140             -0.0153977             -0.5241530             -0.7498003              0.1277469              0.6887075             -0.4078175
      0.4639490             -0.0261916             -0.7471932              0.2575908              0.6061177             -0.5871567             -0.5909619
      0.1822140             -0.0103902             -0.2988124              0.5439524             -0.4757203              0.2357404             -0.0794781
O    P
    210.1733900              0.0013664              0.0011643              0.0009035              0.0010008              0.0008758
     53.0845510              0.0100475              0.0086250              0.0063566              0.0077702              0.0101604
     17.7582670              0.0433518              0.0372816              0.0345472              0.0343727              0.0385154
      7.1069530              0.1273811              0.1084991              0.1009258              0.1025338              0.2270705
      3.1274870              0.2914642              0.3113215              0.3370795              0.3754460              0.1529786
      1.4158030              0.4960115              0.5715529             -0.1005031              0.0127381             -0.7855644
      0.6280210              0.6205979              0.0092096             -0.6275719             -0.4404186              0.4259347
      0.2647890              0.4950932             -0.6151437             -0.3186162              0.7937560              0.1408501
      0.1048590              0.1433668             -0.4297464              0.6078594             -0.1520031             -0.3241582
O    D
     14.6114160              0.0095546              0.0149003              0.0071704             -0.0123384
      6.7001590              0.0343920              0.0338968              0.1173258              0.3084937
      3.0724010              0.2074507              0.4918436              0.5635218             -0.0783163
      1.4088690              0.6425146              0.5113913             -0.5478466             -0.4739643
      0.6460460              0.6576428             -0.4416114             -0.2953485              0.7099024
      0.2962490              0.3322214             -0.5478843              0.5303394             -0.4122407
O    F
     13.2302360              0.0031483              0.0101452             -0.0040723
      6.6129240              0.0234287              0.0295571              0.1516745
      3.3053660              0.1871717              0.5518280              0.5578776
      1.6521350              0.6672754              0.4697407             -0.6064325
      0.8257930              0.6303149             -0.4434682             -0.2123727
      0.4127600              0.3490768             -0.5264873              0.5028800
O    G
      7.5019400              0.0150541              0.0136240
      3.9197170              0.1476180              0.5004001
      2.0480280              0.6602245              0.5389971
      1.0700820              0.6583858             -0.4827815
      0.5591110              0.3295665             -0.4752035
O    H
      8.2616640             -0.0029627
      4.0150930              0.2419490
      1.9512990              0.8010017
      0.9483130              0.5475840
end
basis "F_fano-5z" 
#basis SET: (14s,10p,7d,6f,5g,5h) -> [6s,5p,4d,3f,2g,1h]
F    S
 121062.9455000              0.0000921              0.0000148              0.0000089              0.0000055              0.0000035              0.0000021
  19158.1818200              0.0006883              0.0001105              0.0000670              0.0000412              0.0000187              0.0000147
   4354.8273930              0.0036045              0.0005792              0.0003495              0.0002166              0.0001532              0.0000852
   1271.9945510              0.0140176              0.0022640              0.0013758              0.0008467              0.0002965              0.0002924
    439.6281120              0.0451112              0.0073734              0.0044466              0.0027901              0.0023845              0.0012003
    169.5883900              0.1248795              0.0210451              0.0128938              0.0080918              0.0017132              0.0029541
     70.2021160              0.2935847              0.0527382              0.0320670              0.0213527              0.0230761              0.0118761
     30.4131360              0.5464534              0.1130121              0.0710594              0.0474612              0.0000840              0.0164431
     13.5736060              0.6745756              0.1893789              0.1218620              0.0986591              0.1671988              0.0964871
      6.1708230              0.3736873              0.1697355              0.1347683              0.0603676             -0.3154962             -0.4106078
      2.8241810              0.0420379             -0.1370043             -0.3297330             -0.6838183             -0.0841218              0.6265843
      1.2790870             -0.0150644             -0.5650205             -0.6910919              0.4014076              0.6150290             -0.5663356
      0.5577800             -0.0243646             -0.7156708              0.3843896              0.4133813             -0.6409483              0.3133214
      0.2244360             -0.0086441             -0.2628052              0.4760611             -0.4292086              0.2753427             -0.1007750
F    P
    354.5944870              0.0008764              0.0007646              0.0006986              0.0007699              0.0004976
     94.0585850              0.0061813              0.0054083              0.0051621              0.0047686              0.0033914
     32.2929880              0.0274322              0.0243714              0.0246353              0.0285558              0.0213870
     13.3804240              0.0802137              0.0710079              0.0769198              0.0708621              0.0748922
      6.2322060              0.1847667              0.1787299              0.2260825              0.3080027              0.2747893
      3.0524980              0.3439764              0.4091166              0.4071483              0.0816343             -0.3660997
      1.4850400              0.5135391              0.4547729             -0.4005649             -0.4694022             -0.4830475
      0.6880770              0.5983117             -0.2073505             -0.6134015              0.2443834              0.6252667
      0.2971260              0.4515944             -0.6699464              0.1589883              0.6257784             -0.3969591
      0.1200610              0.1211566             -0.3104392              0.4632228             -0.4700529             -0.0501394
F    D
     15.9373320              0.0171498              0.0199395              0.0222081              0.0065959
      8.1649290              0.0313011              0.0553829              0.1047391              0.2783642
      4.1830130              0.1939332              0.4055435              0.6052508              0.0803024
      2.1430190              0.5010858              0.6296390             -0.3316672             -0.6996716
      1.0979000              0.7080913             -0.1992590             -0.5689714              0.5940956
      0.5624700              0.4188931             -0.5229877              0.2442905              0.0466023
      0.2881620              0.1821107             -0.3498630              0.3588852             -0.2671324
F    F
     15.5002220              0.0039473              0.0144103             -0.0013635
      7.8798490              0.0299023              0.0678401              0.2205923
      4.0058790              0.2237411              0.6060118              0.4959888
      2.0364690              0.6923604              0.3786984             -0.6538795
      1.0352800              0.6017837             -0.4397694             -0.1597839
      0.5263050              0.3279080             -0.5395648              0.5022380
F    G
     10.3167310              0.0148234              0.0150274
      5.2917960              0.1352926              0.4560306
      2.7143380              0.6339900              0.5809966
      1.3922750              0.6768477             -0.4469502
      0.7141440              0.3484394             -0.5044688
F    H
     10.7932660              0.0112216
      6.0230680              0.0990360
      3.3611090              0.5990200
      1.8756310              0.6689875
      1.0466760              0.4285985
end
basis "Ne_fano-5z" 
#basis SET: (15s,10p,7d,6f,6g,5h) -> [6s,5p,4d,3f,2g,1h]
Ne    S
 312544.6873000              0.0000106              0.0000295              0.0000036              0.0000021              0.0000013              0.0000009
  50787.7069200              0.0000778              0.0002163              0.0000266              0.0000156              0.0000110              0.0000032
  11399.4429700              0.0004237              0.0011790              0.0001453              0.0000812              0.0000463              0.0000409
   3219.2939940              0.0017529              0.0048850              0.0006037              0.0003605              0.0002693              0.0000400
   1067.0663660              0.0060636              0.0169807              0.0021116              0.0011597              0.0005956              0.0007499
    395.0140650              0.0181540              0.0514340              0.0065082              0.0040244              0.0032912             -0.0000056
    157.9071280              0.0468455              0.1366386              0.0179719              0.0098871              0.0045929              0.0087556
     66.7089680              0.0974566              0.3041176              0.0435219              0.0294918              0.0278972             -0.0030459
     29.3859170              0.1384550              0.5197335              0.0884961              0.0495980              0.0185637              0.0708715
     13.3753880              0.0740060              0.5553849              0.1421050              0.1358980              0.1900042             -0.0518103
      6.2357970             -0.0030151              0.2401261              0.0729318             -0.1230270             -0.5947514             -0.2462930
      2.9415450              0.2580262             -0.1121701             -0.5022446             -0.6214028              0.4009155              0.5788317
      1.3766260              0.6259235             -0.3201745             -0.5471105              0.6656364              0.2602651             -0.6365126
      0.6196670              0.6779816             -0.3500175              0.5171166              0.1355016             -0.5482858              0.4150477
      0.2561770              0.2127571             -0.1097327              0.3813162             -0.3396719              0.2827109             -0.1381563
Ne    P
    559.2593190              0.0006302              0.0005594              0.0005311              0.0005081              0.0002212
    135.6639700              0.0054278              0.0048435              0.0045566              0.0042087              0.0041528
     42.9895110              0.0278549              0.0252494              0.0261575              0.0278286              0.0151877
     16.7591690              0.0891202              0.0818580              0.0841888              0.1015585              0.1260711
      7.5268760              0.2067340              0.2098889              0.2764635              0.3661971              0.1481318
      3.6452530              0.3649067              0.4372718              0.3939736             -0.2999548             -0.6520663
      1.7903200              0.5124487              0.3932896             -0.4657472             -0.5255999              0.6205139
      0.8470070              0.5778962             -0.2421432             -0.5566839              0.6343169             -0.0867772
      0.3722610              0.4493234             -0.6810939              0.3547612              0.0210879             -0.2969659
      0.1495940              0.1299875             -0.2831590              0.3284612             -0.2928522              0.2365757
Ne    D
     24.3527310              0.0120698              0.0140497              0.0183115              0.0029559
     12.1763050              0.0249500              0.0390179              0.0470850              0.1793589
      6.0881220              0.1501837              0.3117748              0.5540760              0.2773037
      3.0440460              0.4542005              0.6697242             -0.0746804             -0.7460926
      1.5220150              0.7208542             -0.0639989             -0.7004122              0.4433084
      0.7610040              0.4573332             -0.5378839              0.1891441              0.1981214
      0.3805000              0.2039464             -0.3989125              0.3981427             -0.3138402
Ne    F
     17.4142900              0.0044945              0.0222880              0.0038700
      9.0364810              0.0372098              0.1156093              0.3043059
      4.6891370              0.2714300              0.6546730              0.4051708
      2.4332490              0.7209350              0.2631713             -0.7097812
      1.2626420              0.5758230             -0.4486526             -0.0674630
      0.6552000              0.2712961             -0.5357170              0.4846432
Ne    G
     18.0846440              0.0042829              0.0103695
      9.6931730              0.0395233              0.1009835
      5.1954360              0.2723164              0.6839985
      2.7846970              0.7171238              0.2560349
      1.4925680              0.5704396             -0.5134491
      0.8000000              0.2908531             -0.4389272
Ne    H
     17.2152620              0.0054722
      8.9476410              0.0546759
      4.6505410              0.5203059
      2.4171210              0.7522007
      1.2563000              0.4005701
end
