# BSE Version v0.8.3+10.g779a56f
# Data downloaded at 2019-06-11T13:56
# nasa ames ano version number 0
# Description: VQZ3P   Valence Quadruple Zeta + Polarization on All Atoms
# Role: orbital
# 
basis "H_nasa ames ano" 
#basis SET: (8s,6p,4d,3f) -> [4s,3p,2d,1f]
H    S
    402.0099                -0.000242              -0.000356              -0.000419               0.000341
     60.24196               -0.001776              -0.001274              -0.003615              -0.019538
     13.73217               -0.009897              -0.018493              -0.017507               0.051377
      3.904505              -0.034765              -0.017519              -0.163684              -1.320052
      1.282709              -0.121376              -0.457431              -1.177592               1.740413
      0.465544              -0.220777              -0.322280               1.845239              -0.668402
      0.181120              -0.190184               0.578838              -0.711784              -0.499035
      0.072791              -0.050657               0.118148              -0.171249               0.542970
H    P
      9.88                   0.003085              -0.017351               0.003736
      3.95                   0.002969               0.021253              -0.274218
      1.58                   0.083876              -0.552816              -0.774419
      0.63                   0.325133              -0.152899               1.369931
      0.25                   0.189603               0.524846              -0.735683
      0.10                   0.017708               0.014111              -0.022704
H    D
      4.00                   0.001265              -0.033799
      1.60                  -0.159915              -0.659229
      0.64                  -0.382208               0.215745
      0.26                  -0.100487               0.321384
H    F
      2.50                  -0.040897
      1.00                  -0.261579
      0.40                  -0.104000
end
basis "B_nasa ames ano" 
#basis SET: (13s,8p,6d,4f,2g) -> [5s,4p,3d,2f,1g]
B    S
  46535.63                   0.000038               0.000007              -0.000010              -0.000016              -0.000028
   6970.783                  0.000299               0.000058              -0.000078              -0.000085              -0.000133
   1586.432                  0.001568               0.000304              -0.000425              -0.000733              -0.001334
    449.3104                 0.006562               0.001265              -0.001687              -0.001500              -0.002115
    146.5617                 0.023191               0.004571              -0.006494              -0.012664              -0.024103
     52.88387                0.069777               0.013873              -0.018372              -0.011885              -0.017269
     20.55825                0.171617               0.036846              -0.054677              -0.130981              -0.281773
      8.434628               0.319974               0.075570              -0.098844              -0.000911               0.091928
      3.607517               0.375777               0.131180              -0.221627              -0.743566              -1.661949
      1.567314               0.182544               0.104066              -0.108733               0.880546               3.748251
      0.459387               0.007889              -0.294875               1.367300               1.594506              -4.367124
      0.183777              -0.009326              -0.595194              -0.160536              -3.362576               3.721124
      0.072352              -0.002376              -0.252468              -1.010456               1.999860              -1.457942
B    P
     69.07083                0.000788              -0.000678              -0.002128               0.004295
     16.31631                0.006054              -0.004642              -0.021376               0.045542
      5.115536               0.026815              -0.019109              -0.085740               0.227155
      1.821835               0.087676              -0.023670              -0.442491               1.203824
      0.713452               0.229915              -0.448901              -0.792860              -1.781172
      0.292123               0.392825              -0.555594               1.273422               0.555181
      0.121145               0.359187               0.675672               0.068690               0.839504
      0.049631               0.126706               0.489832              -0.643520              -0.866332
B    D
      4.94                   0.004947               0.001242              -0.033289
      1.98                   0.021163               0.029549               0.497184
      0.79                   0.228432              -0.852441               0.701245
      0.32                   0.554002              -0.056274              -1.563531
      0.13                   0.335849               0.792354               0.938483
      0.05                   0.031559               0.052314               0.134316
B    F
      2.37                  -0.000633               0.023422
      0.95                   0.268522              -0.976011
      0.38                   0.656988               0.302812
      0.15                   0.236174               0.585953
B    G
      1.14                   0.022612
      0.46                   0.061839
end
basis "C_nasa ames ano" 
#basis SET: (13s,8p,6d,4f,2g) -> [5s,4p,3d,2f,1g]
C    S
  50557.50                  -0.000055               0.000012               0.000015              -0.000021               0.000027
   7524.786                 -0.000434               0.000093               0.000113              -0.000150               0.000243
   1694.328                 -0.002316               0.000499               0.000619              -0.000927               0.001060
    472.8228                -0.009872               0.002130               0.002573              -0.003293               0.006084
    151.7108                -0.035217               0.007730               0.009710              -0.015280               0.015497
     53.91875               -0.104184               0.023564               0.028622              -0.036183               0.084167
     20.65931               -0.241255               0.059522               0.078407              -0.141529               0.129583
      8.383976              -0.383929               0.114336               0.140868              -0.158337               0.535215
      3.577015              -0.308219               0.152281               0.257204              -0.619878               0.140466
      1.547118              -0.068528               0.015144              -0.145945               1.629238              -3.383581
      0.613013              -0.000830              -0.377171              -1.280769               0.368621               5.478225
      0.246068              -0.000782              -0.544696               0.305096              -2.658179              -4.600523
      0.099087               0.000040              -0.211886               0.939557               1.838912               1.860274
C    P
     83.33316                0.001259              -0.001428              -0.003397              -0.008253
     19.55761                0.009684              -0.012110              -0.034897              -0.046337
      6.080365               0.042925              -0.043938              -0.145801              -0.453318
      2.179317               0.135075              -0.171555              -0.714105              -0.845806
      0.865150               0.287774              -0.607195              -0.144719               2.234981
      0.361944               0.381931              -0.112436               1.338070              -1.756407
      0.154740               0.295700               0.705975              -0.515613               0.104481
      0.065429               0.089427               0.294633              -0.424749               0.589521
C    D
      7.12                   0.006043              -0.002257               0.042283
      2.85                   0.032352              -0.081426              -0.651129
      1.14                   0.268056              -0.881600              -0.356793
      0.46                   0.562915               0.189866               1.392676
      0.18                   0.294757               0.677395              -1.042108
      0.07                   0.018572               0.016009              -0.047233
C    F
      3.42                  -0.008675               0.057745
      1.37                  -0.317713               0.971363
      0.55                  -0.648192              -0.455924
      0.22                  -0.187225              -0.494937
C    G
      1.64                   0.220774
      0.66                   0.502049
end
basis "N_nasa ames ano" 
#basis SET: (13s,8p,6d,4f,2g) -> [5s,4p,3d,2f,1g]
N    S
  74761.72                  -0.000050              -0.000011              -0.000013              -0.000019              -0.000026
  11123.65                  -0.000394              -0.000087              -0.000100              -0.000138              -0.000217
   2512.606                 -0.002088              -0.000463              -0.000542              -0.000849              -0.001029
    703.7773                -0.008906              -0.001978              -0.002261              -0.002990              -0.005272
    225.4788                -0.032081              -0.007244              -0.008564              -0.014082              -0.015631
     79.61581               -0.097424              -0.022646              -0.026012              -0.033710              -0.071675
     30.23728               -0.231729              -0.058698              -0.072207              -0.135403              -0.145173
     12.26362               -0.377539              -0.114575              -0.133802              -0.158483              -0.482800
      5.265086              -0.318623              -0.154472              -0.239415              -0.620534              -0.429283
      2.333471              -0.082577              -0.023766               0.077478               1.374187               3.655894
      0.901856              -0.003102               0.365334               1.180232               0.845725              -5.394379
      0.358336              -0.000537               0.539150              -0.050772              -2.897332               4.312451
      0.141093              -0.000084               0.236131              -1.073983               1.826516              -1.675136
N    P
    126.6666                -0.001159              -0.001540               0.002931              -0.006382
     29.83739               -0.009076              -0.012756               0.032059              -0.044263
      9.394038              -0.041062              -0.054403               0.130149              -0.360497
      3.405104              -0.130864              -0.196078               0.657730              -0.966074
      1.350000              -0.281156              -0.572195               0.229988               2.127598
      0.557696              -0.379487              -0.121098              -1.350517              -1.366618
      0.232449              -0.308475               0.680096               0.467066              -0.259245
      0.094264              -0.100123               0.302474               0.471627               0.725170
N    D
      9.88                  -0.007587              -0.007077               0.040590
      3.95                  -0.039504              -0.137552              -0.697863
      1.58                  -0.295416              -0.839758              -0.231698
      0.63                  -0.557191               0.232279               1.328067
      0.25                  -0.267282               0.645473              -1.056272
      0.10                  -0.022635               0.026255              -0.045379
N    F
      4.74                  -0.015633               0.098551
      1.90                  -0.331439               0.940625
      0.76                  -0.641922              -0.477682
      0.30                  -0.179149              -0.478952
N    G
      2.28                  -0.101690
      0.91                  -0.218289
end
basis "O_nasa ames ano" 
#basis SET: (13s,8p,6d,4f,2g) -> [5s,4p,3d,2f,1g]
O    S
 105374.9                   -0.000046               0.000010              -0.000013              -0.000018               0.000023
  15679.24                  -0.000361               0.000082              -0.000099              -0.000124               0.000201
   3534.545                 -0.001920               0.000438              -0.000538              -0.000819               0.000892
    987.3652                -0.008206               0.001875              -0.002249              -0.002651               0.005000
    315.9788                -0.029725               0.006909              -0.008573              -0.013902               0.013048
    111.6543                -0.090452               0.021587              -0.026009              -0.028890               0.068218
     42.69945               -0.217402               0.056473              -0.072913              -0.137142               0.114918
     17.39560               -0.368720               0.113245              -0.139884              -0.128323               0.512689
      7.438309              -0.337277               0.160700              -0.260578              -0.717294               0.423285
      3.222862              -0.096808               0.033672               0.072981               1.553181              -3.643658
      1.253877              -0.002669              -0.360244               1.285286               0.573748               5.381736
      0.495155              -0.001198              -0.547066              -0.224648              -2.684091              -4.301668
      0.191665               0.000031              -0.238532              -0.966820               1.772327               1.689285
O    P
    200.0000                -0.000897              -0.001170               0.001820               0.002565
     46.53337               -0.007402              -0.009536               0.020119               0.037524
     14.62181               -0.035085              -0.046191               0.082495               0.147452
      5.313066              -0.115793              -0.154755               0.422031               0.976999
      2.102525              -0.258867              -0.487739               0.587292              -0.989148
      0.850223              -0.372168              -0.273960              -1.080478              -0.585557
      0.337597              -0.336295               0.566424              -0.229096               1.671555
      0.128892              -0.140077               0.460619               0.823293              -1.142214
O    D
     12.65                   0.009119              -0.006998               0.018186
      5.06                   0.049617              -0.179980              -0.703947
      2.02                   0.330495              -0.796089              -0.166310
      0.81                   0.551857               0.279497               1.251742
      0.32                   0.230948               0.624143              -0.998267
      0.13                   0.019148               0.044391              -0.094737
O    F
      6.07                   0.024630               0.134170
      2.43                   0.330576               0.843333
      0.97                   0.602600              -0.315933
      0.39                   0.230568              -0.580666
O    G
      3.11                   0.206885
      1.24                   0.514253
end
basis "F_nasa ames ano" 
#basis SET: (13s,8p,6d,4f,2g) -> [5s,4p,3d,2f,1g]
F    S
 103109.5                   -0.000064               0.000015               0.000019               0.000026              -0.000029
  15281.01                  -0.000503               0.000117               0.000145               0.000180              -0.000292
   3441.539                 -0.002668               0.000621               0.000783               0.001159              -0.001044
    967.0948                -0.011200               0.002616               0.003236               0.003783              -0.007517
    314.0353                -0.039097               0.009306               0.011877               0.018861              -0.012561
    113.4423                -0.112263               0.027721               0.034513               0.037668              -0.102506
     44.64473               -0.247199               0.067355               0.090200               0.171226              -0.058826
     18.94287               -0.368004               0.122466               0.157367               0.124901              -0.835659
      8.532743              -0.290863               0.151291               0.271584               0.828972               0.383816
      3.919401              -0.078165               0.007970              -0.175650              -2.097659               2.923816
      1.568157              -0.003566              -0.371551              -1.330309               0.189516              -5.174471
      0.623290              -0.000828              -0.541431               0.429562               2.177270               4.409498
      0.240861              -0.000099              -0.224182               0.847667              -1.640569              -1.809366
F    P
    245.3303                 0.000991              -0.001341               0.001951              -0.003529
     56.91901                0.008313              -0.011638               0.023985              -0.036530
     17.60457                0.040851              -0.056092               0.094178              -0.214649
      6.274995               0.135691              -0.208630               0.546877              -1.030307
      2.447030               0.281048              -0.532629               0.395190               1.592455
      0.995060               0.360529              -0.137046              -1.269725              -0.321087
      0.403973               0.314310               0.598996               0.179966              -1.096566
      0.154810               0.132717               0.375471               0.644577               1.002414
F    D
     16.01                  -0.010626              -0.009184               0.009537
      6.40                  -0.055418              -0.211056              -0.748953
      2.56                  -0.354098              -0.776653              -0.050937
      1.02                  -0.545329               0.327502               1.193008
      0.41                  -0.207019               0.595853              -1.026690
      0.16                  -0.020040               0.047261              -0.073271
F    F
      7.68                   0.027929               0.170267
      3.07                   0.352296               0.822597
      1.23                   0.601979              -0.365360
      0.49                   0.204756              -0.556483
F    G
      3.69                   0.242250
      1.48                   0.484800
end
basis "Ne_nasa ames ano" 
#basis SET: (13s,8p,6d,4f,2g) -> [5s,4p,3d,2f,1g]
Ne    S
 166165.1                   -0.000047               0.000011               0.000014               0.000020               0.000020
  23107.52                  -0.000401               0.000094               0.000118               0.000145               0.000233
   5060.154                 -0.002193               0.000518               0.000664               0.000986               0.000773
   1384.612                 -0.009588               0.002266               0.002819               0.003257               0.006368
    436.5126                -0.035074               0.008454               0.010980               0.017425               0.010250
    153.4715                -0.104652               0.026049               0.032457               0.034769               0.092651
     59.38909               -0.237715               0.065296               0.089380               0.168618               0.046375
     24.86197               -0.369603               0.122338               0.155650               0.121079               0.809354
     11.01570               -0.306176               0.158177               0.294009               0.892687              -0.351813
      4.965175              -0.084181               0.006805              -0.205604              -2.266433              -2.760272
      1.936503              -0.003726              -0.384026              -1.358461               0.503499               4.996421
      0.765728              -0.000906              -0.536453               0.538444               1.900048              -4.433914
      0.295538              -0.000097              -0.215301               0.779587              -1.557561               1.881727
Ne    P
    234.9450                 0.001583               0.002212               0.003426               0.007793
     55.07739                0.012576               0.018574               0.036509               0.040782
     17.38955                0.056998               0.081483               0.144993               0.439186
      6.389537               0.168176               0.293860               0.739066               0.773263
      2.542082               0.307218               0.540769              -0.121854              -2.139612
      1.033764               0.359320              -0.095210              -1.203908               1.673826
      0.418788               0.277782              -0.607276               0.637119              -0.078819
      0.164627               0.095940              -0.246871               0.370506              -0.596945
Ne    D
     19.76                   0.011914               0.011580              -0.003903
      7.91                   0.061798               0.234597               0.786085
      3.16                   0.370852               0.759752              -0.040908
      1.26                   0.537473              -0.363052              -1.133020
      0.51                   0.191842              -0.574924               1.028387
      0.20                   0.020017              -0.049291               0.062378
Ne    F
      9.49                   0.026660              -0.208206
      3.79                   0.387758              -0.797617
      1.52                   0.608593               0.436453
      0.61                   0.149002               0.521925
Ne    G
      4.55                  -0.251480
      1.82                  -0.477401
end
basis "Al_nasa ames ano" 
#basis SET: (20s,13p,6d,4f,2g) -> [6s,5p,3d,2f,1g]
Al    S
 446287.3                   -0.000022               0.000006               0.000001               0.000002              -0.000003               0.000004
 192715.4                   -0.000008               0.000002               0.000000               0.000001               0.000000               0.000000
  83218.17                  -0.000099               0.000026               0.000006               0.000008              -0.000015               0.000022
  35935.19                  -0.000202               0.000053               0.000012               0.000016              -0.000011               0.000023
  15517.50                  -0.000655               0.000171               0.000040               0.000054              -0.000102               0.000145
   6700.754                 -0.001798               0.000468               0.000108               0.000143              -0.000128               0.000234
   2893.513                 -0.005134               0.001342               0.000313               0.000424              -0.000757               0.001086
   1249.474                 -0.014384               0.003789               0.000877               0.001164              -0.001180               0.002065
    539.5468                -0.039042               0.010467               0.002446               0.003308              -0.005633               0.008148
    232.9866                -0.100228               0.027947               0.006502               0.008661              -0.009364               0.016495
    100.6081                -0.222149               0.067613               0.015947               0.021643              -0.036785               0.054418
     43.44448               -0.370884               0.138053               0.032830               0.043934              -0.045064               0.082752
     18.76016               -0.319359               0.178639               0.044489               0.062028              -0.129556               0.190719
      8.100993              -0.075862              -0.002875              -0.002118              -0.007907               0.124695              -0.226908
      3.498164              -0.002455              -0.417521              -0.119075              -0.172531               0.031752              -0.316810
      1.510574              -0.000886              -0.553154              -0.243527              -0.390658               1.351290              -1.830450
      0.652295              -0.000039              -0.155293              -0.184158              -0.316818              -1.812829               6.109718
      0.281673               0.000018               0.002837               0.299091               1.810978              -1.251399              -7.932830
      0.121632              -0.000011              -0.002272               0.637516              -0.196424               3.693235               5.940530
      0.052523               0.000005               0.000476               0.282280              -1.096358              -2.208926              -2.205402
Al    P
   1086.697                 -0.000265              -0.000050              -0.000063              -0.000035              -0.000023
    439.5274                -0.000782              -0.000149              -0.000170              -0.000532              -0.001228
    177.7720                -0.004130              -0.000777              -0.000982              -0.000558              -0.000404
     71.90196               -0.017006              -0.003237              -0.003832              -0.008459              -0.018592
     29.08159               -0.063666              -0.012184              -0.014997              -0.014267              -0.022672
     11.76239               -0.187080              -0.036704              -0.043493              -0.088060              -0.196101
      4.757435              -0.360806              -0.071795              -0.091430              -0.083572              -0.128689
      1.924200              -0.405218              -0.087493              -0.107408              -0.356544              -0.761449
      0.778265              -0.179523              -0.030591              -0.137066               0.345581               2.640352
      0.314778              -0.009035               0.229434               0.817866               1.442860              -2.786699
      0.127316              -0.003534               0.501670               0.388483              -2.240619               1.468811
      0.051494               0.001306               0.368084              -0.949857               0.983724               0.002612
      0.020827              -0.000488               0.052482              -0.146913               0.239809              -0.510805
Al    D
      3.07                   0.012695               0.028205               0.081998
      1.23                   0.007830              -0.133443               0.122054
      0.49                   0.173939               0.739803              -1.555212
      0.20                   0.592145               0.329582               1.952965
      0.08                   0.352372              -0.939027              -0.932190
      0.03                   0.017019              -0.053449              -0.189257
Al    F
      1.58                   0.021013              -0.149642
      0.63                  -0.142686               0.778278
      0.25                  -0.685988               0.227638
      0.1                   -0.318534              -0.864127
Al    G
      1.06                  -0.084737
      0.42                  -0.232140
end
basis "P_nasa ames ano" 
#basis SET: (18s,13p,6d,4f,2g) -> [6s,5p,3d,2f,1g]
P    S
1948462.                     0.000006               0.000002              -0.000001              -0.000001              -0.000001               0.000000
 291808.8                    0.000046               0.000012              -0.000004              -0.000005              -0.000009               0.000003
  66414.49                   0.000239               0.000065              -0.000023              -0.000033              -0.000063               0.000018
  18812.82                   0.001011               0.000274              -0.000094              -0.000107              -0.000189               0.000076
   6137.677                  0.003667               0.001001              -0.000353              -0.000542              -0.001043               0.000277
   2215.792                  0.011827               0.003239              -0.001109              -0.001151              -0.001974               0.000892
    864.2240                 0.034203               0.009555              -0.003397              -0.005572              -0.010920               0.002648
    358.3963                 0.087565               0.025249              -0.008634              -0.007844              -0.012978               0.006978
    156.1584                 0.189405               0.059367              -0.021642              -0.039408              -0.080204               0.016644
     70.83940                0.315500               0.115238              -0.039862              -0.024415              -0.034087               0.032456
     33.20326                0.332462               0.169620              -0.068305              -0.162834              -0.365113               0.049999
     15.77306                0.158936               0.098439              -0.029620               0.105766               0.338842               0.028933
      6.641184               0.017679              -0.244163               0.110509              -0.162066              -0.113146              -0.080043
      3.067501              -0.000625              -0.564563               0.381690               1.491696               2.959416              -0.254941
      1.416215               0.000726              -0.334720               0.408647              -1.190097              -5.513378              -0.275550
      0.470811              -0.000224              -0.023480              -1.872574              -2.223143               6.180165               0.325504
      0.211579               0.000106               0.004239               0.364059               4.240841              -5.096540               0.646168
      0.088777              -0.000033              -0.001179               1.043061              -2.327339               1.830261               0.247194
P    P
   2956.262                  0.000110               0.000026              -0.000035              -0.000054               0.000057
    700.2848                 0.000969               0.000233              -0.000289              -0.000515               0.001226
    227.3139                 0.005399               0.001301              -0.001714              -0.002699               0.002907
     86.56184                0.022171               0.005380              -0.006667              -0.012086               0.029584
     36.33386                0.070711               0.017407              -0.022979              -0.036192               0.039702
     16.29347                0.171535               0.043301              -0.053361              -0.102554               0.283076
      7.578966               0.300225               0.077458              -0.107915              -0.171587               0.051994
      3.578859               0.360617               0.098345              -0.107998              -0.211741               0.887569
      1.698042               0.235640               0.060703              -0.167154              -0.042557              -2.517965
      0.763358               0.048380              -0.141890               0.528248               1.819462               1.669612
      0.342119               0.000072              -0.422219               0.794933              -1.685200               0.568002
      0.148620               0.000993              -0.441605              -0.714293              -0.228031              -1.781050
      0.062345              -0.000187              -0.153297              -0.490726               0.843544               1.161436
P    D
      4.60                  -0.019876               0.006354               0.185220
      1.84                  -0.017841               0.095553              -0.374420
      0.74                  -0.326571              -1.009810              -0.879255
      0.29                  -0.608418               0.269899               1.894539
      0.12                  -0.178895               0.735615              -1.437576
      0.047                 -0.010694              -0.027012               0.114688
P    F
      2.21                   0.022867              -0.115282
      0.88                  -0.315256               1.091764
      0.35                  -0.695736              -0.490259
      0.14                  -0.136446              -0.504323
P    G
      1.06                  -0.084737
      0.42                  -0.232140
end
basis "Ti_nasa ames ano" 
#basis SET: (21s,16p,10d,6f) -> [7s,6p,4d,2f]
Ti    S
5309148.1                    0.000004              -0.000001              -0.000011              -0.000027               0.000000               0.000000
 794951.65                   0.000034              -0.000010               0.000087               0.000143               0.000004              -0.000001
 180907.56                   0.000180              -0.000053              -0.000055              -0.000467               0.000018              -0.000005
  51241.933                  0.000759              -0.000224              -0.000015               0.001839               0.000078              -0.000020
  16717.449                  0.002757              -0.000818              -0.000138              -0.001563               0.000284              -0.000072
   6035.2659                 0.008925              -0.002659              -0.000389               0.000044               0.000923              -0.000233
   2353.8571                 0.026062              -0.007879              -0.001261              -0.002250               0.002742              -0.000694
    976.14646                0.068190              -0.021222              -0.003106              -0.004663               0.007400              -0.001870
    425.43563                0.154349              -0.051422              -0.008501              -0.013189               0.018119              -0.004586
    193.04677                0.280281              -0.106701              -0.015420              -0.023380               0.038103              -0.009641
     90.439369               0.348398              -0.174682              -0.032454              -0.051757               0.064879              -0.016477
     43.020713               0.221706              -0.156040              -0.018895              -0.025104               0.060671              -0.015436
     19.190555               0.040021               0.129303               0.003542              -0.007924              -0.055249               0.014060
      9.4257164             -0.002138               0.538462               0.200331               0.360594              -0.312603               0.083681
      4.6052434              0.001721               0.435726               0.119204               0.164091              -0.401656               0.112482
      2.0378343             -0.000802               0.068121               0.057966               0.023936               0.171687              -0.058959
      0.9800318              0.000357              -0.002443              -1.023822              -2.356403               0.689493              -0.251977
      0.4456254             -0.000146               0.001966               0.273519               2.684618               0.394215              -0.280924
      0.1064170              0.000055              -0.000440               2.047855              -0.033120               0.025701               0.345554
      0.0525705             -0.000048               0.000392              -1.191405              -2.366239              -0.009829               0.619130
Ti    S
      0.0243568              1.0000000
Ti    P
   7999.8045                 0.000088              -0.000029               0.000009              -0.000271              -0.000927
   1894.4515                 0.000777              -0.000260               0.000080               0.000241               0.004183
    615.18748                0.004404              -0.001473               0.000463               0.000941              -0.014198
    234.92741                0.018664              -0.006316               0.001957               0.003634               0.015430
     99.213753               0.062070              -0.021338               0.006722               0.013130               0.005824
     44.916140               0.159077              -0.056771               0.017642               0.034302               0.046823
     21.249717               0.296964              -0.109794               0.034953               0.066544               0.048629
     10.330458               0.368813              -0.147167               0.045819               0.097163               0.166151
      5.1049799              0.234829              -0.055063               0.018077               0.027816              -0.044102
      2.4406904              0.049347               0.244958              -0.095217              -0.181878              -0.196063
      1.1512050              0.000987               0.472245              -0.173268              -0.592254              -1.018317
      0.5295556              0.000804               0.360512              -0.188422               0.126350               1.721356
      0.2211900             -0.000220               0.081128               0.240792               1.297233              -0.284124
      0.088                  0.000102              -0.001509               0.713435              -0.558772              -1.369249
      0.035                 -0.000052               0.002163               0.206950              -0.523505               1.300642
Ti    P
      0.014                  1.0000000
Ti    D
     89.569201               0.001851              -0.001683               0.002537
     26.584356               0.013854              -0.012689               0.018217
      9.7710323              0.054772              -0.050375               0.075384
      3.9619329              0.148753              -0.139029               0.207771
      1.6892689              0.266078              -0.235533               0.302164
      0.7156706              0.326101              -0.243687               0.090361
      0.2938106              0.312702               0.029629              -0.595270
      0.1108305              0.223159               0.446759              -0.362387
      0.044                  0.088219               0.433638               0.610297
Ti    D
      0.018                  1.0000000
Ti    F
      5.435                  0.022889              -0.068354
      2.174                  0.091344              -0.272516
      0.870                  0.272104              -0.528880
      0.348                  0.471564              -0.062389
      0.139                  0.369143               0.541599
      0.056                  0.105819               0.265375
end
basis "Fe_nasa ames ano" 
#basis SET: (20s,15p,10d,6f,4g) -> [7s,6p,4d,3f,2g]
Fe    S
4316265.30                   0.000009               0.000003               0.000001              -0.000001               0.000000               0.000000
 646342.420                  0.000067               0.000020               0.000008              -0.000006              -0.000002              -0.000004
 147089.730                  0.000354               0.000108               0.000040              -0.000032              -0.000009              -0.000019
  41661.5220                 0.001494               0.000454               0.000167              -0.000138              -0.000039              -0.000082
  13590.7650                 0.005411               0.001650               0.000608              -0.000483              -0.000142              -0.000281
   4905.75000                0.017353               0.005342               0.001974              -0.001645              -0.000460              -0.000981
   1912.74580                0.049540               0.015619               0.005780              -0.004545              -0.001346              -0.002626
    792.604340               0.123035               0.040889               0.015252              -0.012905              -0.003561              -0.007743
    344.806480               0.249293               0.092911               0.035056              -0.027211              -0.008179              -0.015494
    155.899890               0.358572               0.168946               0.065883              -0.058435              -0.015484              -0.035419
     72.2309080              0.277479               0.191001               0.078156              -0.055987              -0.018372              -0.029221
     32.7250650              0.067193              -0.044002              -0.018912              -0.009793               0.004264              -0.013399
     15.6676220             -0.001156              -0.515483              -0.303216               0.352411               0.075628               0.211988
      7.50348280             0.001932              -0.505173              -0.457642               0.455088               0.118873               0.169143
      3.31222330            -0.000892              -0.092299               0.128421              -0.446218              -0.041986               0.074202
      1.55847120             0.000386               0.002409               0.717393              -2.170656              -0.247512              -1.177627
       .683913700           -0.000151              -0.002262               0.403553               2.996031              -0.249210               0.472714
       .146756700            0.000056               0.000468               0.023145              -1.569077               0.340501               1.996919
       .070583400           -0.000044              -0.000418              -0.005506              -0.197813               0.564151              -1.427930
Fe    S
       .031448900            1.0000000
Fe    P
   7721.48860                0.000177               0.000064               0.000021               0.000044              -0.000056
   1829.12580                0.001551               0.000560               0.000185               0.000378              -0.000512
    593.627950               0.008640               0.003143               0.001030               0.002152              -0.002783
    226.205360               0.035486               0.013061               0.004316               0.008844              -0.012020
     95.2614540              0.110819               0.042113               0.013851               0.029019              -0.037310
     42.8592030              0.251569               0.099493               0.033173               0.067781              -0.093343
     20.0497130              0.381678               0.161326               0.053729               0.115762              -0.146378
      9.62088520             0.309884               0.114619               0.039398               0.088235              -0.202301
      4.54137050             0.087806              -0.181266              -0.077469              -0.194680               0.603378
      2.11350010             0.003723              -0.475358              -0.200369              -0.647328               0.927497
       .947200800            0.001514              -0.408146              -0.191568               0.144059              -2.115277
       .391242800           -0.000285              -0.104154               0.207753               1.222377               0.964122
       .156480000            0.000212               0.001094               0.686833              -0.445491               0.771691
       .062592000           -0.000095              -0.002733               0.258947              -0.557791              -1.040723
Fe    P
       .025037000            1.0000000
Fe    D
    217.368830              -0.000916              -0.001001              -0.001484              -0.001979
     64.9997550             -0.007814              -0.008546              -0.012905              -0.017507
     24.7731370             -0.035374              -0.039091              -0.059271              -0.080747
     10.4361400             -0.107699              -0.121626              -0.195608              -0.293476
      4.67965330            -0.225221              -0.255675              -0.381061              -0.501291
      2.12562250            -0.316899              -0.283714              -0.123783               0.704008
       .945242100           -0.320364              -0.022763               0.636899               0.558908
       .402685300           -0.246899               0.418369               0.336801              -1.145649
       .156651000           -0.116074               0.472514              -0.600318               0.309749
       .062660000           -0.014853               0.113985              -0.263852               0.461953
Fe    F
     16.9972000              0.013273               0.027682              -0.043420
      6.79890000             0.079455               0.189193              -0.408688
      2.71960000             0.290603               0.522497              -0.455472
      1.08780000             0.466045               0.150599               0.825299
       .435100000            0.355163              -0.526954               0.043968
       .174100000            0.125910              -0.373500              -0.684586
Fe    G
      8.159                  0.008366               0.038731
      3.263                  0.058110               0.127818
      1.305                  0.107720               0.020599
      0.522                  0.083876              -0.152931
end
basis "Ni_nasa ames ano" 
#basis SET: (20s,15p,10d,6f) -> [7s,6p,4d,2f]
Ni    S
5048010.4                    0.000009              -0.000003               0.000001               0.000024              -0.000033               0.000000
 755918.10                   0.000067              -0.000020               0.000007              -0.000013               0.000257              -0.000002
 172026.25                   0.000351              -0.000108               0.000038              -0.000012              -0.000174              -0.000009
  48724.572                  0.001480              -0.000454               0.000161              -0.000074              -0.000054              -0.000037
  15894.892                  0.005361              -0.001651               0.000587              -0.000237              -0.000511              -0.000134
   5737.4685                 0.017199              -0.005346               0.001904              -0.000853              -0.001403              -0.000434
   2237.0513                 0.049128              -0.015642               0.005580              -0.002255              -0.004365              -0.001271
    927.03020                0.122169              -0.041001               0.014753              -0.006646              -0.011487              -0.003368
    403.34615                0.248112              -0.093397               0.034036              -0.013576              -0.025446              -0.007754
    182.42816                0.358269              -0.170411               0.064347              -0.030098              -0.053304              -0.014750
     84.589171               0.279103              -0.193753               0.077112              -0.026883              -0.051732              -0.017611
     38.422931               0.068284               0.043614              -0.018512              -0.008589              -0.011273               0.003992
     18.468791              -0.001183               0.519492              -0.304420               0.175891               0.319838               0.073074
      8.8681903              0.001914               0.503727              -0.451256               0.159678               0.395085               0.111167
      3.9188697             -0.000879               0.091295               0.148494               0.025037              -0.254727              -0.044051
      1.8398525              0.000377              -0.002225               0.713386              -0.907860              -2.126565              -0.232421
       .80466260            -0.000145               0.002226               0.397936               0.265587               2.515758              -0.227638
       .16984630             0.000051              -0.000429               0.023123               1.612249              -0.212599               0.311421
       .07936990            -0.000040               0.000363              -0.009300              -0.611243              -1.729154               0.546897
Ni    S
       .03470020             1.0000000
Ni    P
   9148.7958                 0.000174              -0.000062               0.000030              -0.000663               0.001277
   2167.1706                 0.001527              -0.000546               0.000203               0.000796              -0.006550
    703.38566                0.008522              -0.003073               0.001338               0.001776               0.006386
    268.13423                0.035142              -0.012827               0.005127               0.010821               0.012148
    113.00781                0.110271              -0.041614               0.017388               0.029062               0.039683
     50.913395               0.251737              -0.099134               0.040915               0.076994               0.107185
     23.877402               0.382502              -0.161340               0.068018               0.122731               0.144230
     11.489237               0.308882              -0.110793               0.047733               0.104810               0.259002
      5.4368839              0.087167               0.189465              -0.103846              -0.259759              -0.872390
      2.5338366              0.003948               0.475350              -0.271626              -0.689698              -0.557811
      1.1353088              0.001598               0.401497              -0.149754               0.368842               2.028320
       .46789110            -0.000226               0.105572               0.317906               1.065488              -1.235798
       .18720000             0.000217              -0.000378               0.616339              -0.534481              -0.476567
       .07490000            -0.000090               0.002796               0.227648              -0.501120               0.896794
Ni    P
       .02990000             1.0000000
Ni    D
    258.866660               0.000946              -0.000960              -0.001347               0.002000
     77.4960410              0.008119              -0.008276              -0.011970               0.016789
     29.5897180              0.037044              -0.038053              -0.055013               0.077436
     12.5152750              0.112436              -0.118044              -0.178089               0.282531
      5.62446750             0.229636              -0.241878              -0.353782               0.479875
      2.55130290             0.313490              -0.257468              -0.154695              -0.552208
      1.12805970             0.309281              -0.035377               0.506435              -0.644128
       .475373000            0.244529               0.330634               0.448044               0.832028
       .182127800            0.132149               0.464445              -0.362943               0.224739
       .072900000            0.033888               0.244912              -0.475177              -0.681850
Ni    F
     19.7642000              0.017112               0.034643
      7.90570000             0.098203               0.251500
      3.16220000             0.337379               0.556641
      1.26490000             0.475797              -0.032855
       .506000000            0.304324              -0.545210
       .202400000            0.095371              -0.276561
end
