# BSE Version v0.8.3+10.g779a56f
# Data downloaded at 2019-06-11T13:56
# nasa ames ano2 version number 0
# Description: VQZ3P   Valence Quadruple Zeta + Polarization on All Atoms
# Role: orbital
# 
basis "Sc_nasa ames ano2" 
#basis SET: (21s,16p,9d,6f,4g) -> [7s,6p,4d,3f,2g]
Sc    S
4789458.00                   0.000004              -0.000001              -0.000010               0.000011               0.000000               0.000000
 717138.000                  0.000035              -0.000010               0.000081              -0.000056               0.000004              -0.000001
 163199.400                  0.000182              -0.000053              -0.000052               0.000140               0.000018              -0.000005
  46226.0700                 0.000768              -0.000225              -0.000015              -0.000631               0.000079              -0.000019
  15081.0300                 0.002789              -0.000820              -0.000128               0.001677               0.000282              -0.000070
   5444.49300                0.009027              -0.002666              -0.000369              -0.007897               0.000929              -0.000228
   2123.44800                0.026350              -0.007901              -0.001171               0.009515               0.002747              -0.000680
    880.591000               0.068882              -0.021259              -0.002935               0.000361               0.007418              -0.001832
    383.772900               0.155633              -0.051441              -0.007878               0.015395               0.018118              -0.004476
    174.119800               0.281710              -0.106414              -0.014541               0.020931               0.037971              -0.009402
     81.5518300              0.348180              -0.173529              -0.029704               0.051696               0.064344              -0.015939
     38.7658700              0.219361              -0.153272              -0.018058               0.021548               0.059325              -0.014843
     17.2296200              0.038915               0.131564               0.005864               0.010607              -0.055638               0.014091
      8.43034800            -0.002084               0.536941               0.180143              -0.352843              -0.307194               0.080085
      4.10581900             0.001711               0.434894               0.117517              -0.140983              -0.399694               0.111091
      1.80662500            -0.000799               0.067486               0.054481              -0.095988               0.157664              -0.056113
       .870423000            0.000360              -0.002736              -0.920452               2.378583               0.694099              -0.241405
       .396841000           -0.000152               0.002055               0.134335              -2.578846               0.398033              -0.296710
       .095711000            0.000061              -0.000500               2.141641              -0.370699               0.023107               0.331009
       .048247000           -0.000048               0.000392              -1.165195               2.866708              -0.008920               0.630761
Sc    S
       .022661000            1.0000000
Sc    P
   7118.98700                0.000090              -0.000030               0.000009               0.000454              -0.000502
   1685.91500                0.000795              -0.000262               0.000076              -0.002310               0.002075
    547.459200               0.004501              -0.001483               0.000442               0.002225              -0.006655
    209.018700               0.019016              -0.006339               0.001848               0.003396               0.018780
     88.2263800              0.062970              -0.021311               0.006364               0.012240              -0.072612
     39.9087500              0.160431              -0.056329               0.016430               0.035637               0.118110
     18.8517200              0.297526              -0.107974               0.032684               0.059504               0.043212
      9.14176300             0.368228              -0.144514               0.041777               0.105130               0.144666
      4.50391400             0.234354              -0.056084               0.019199               0.011712               0.082229
      2.14309200             0.048886               0.239669              -0.089178              -0.140842              -0.369995
      1.00761100             0.000746               0.474632              -0.152769              -0.641181              -1.227985
       .463154000            0.000768               0.364739              -0.218990               0.122152               2.450695
       .193060000           -0.000254               0.077778               0.227957               1.395375              -1.208756
       .077220000            0.000114              -0.001524               0.769356              -0.706279              -0.658653
       .030890000           -0.000056               0.002256               0.161195              -0.430030               1.126796
Sc    P
       .012360000            1.0000000
Sc    D
     73.5186800              0.001994              -0.002056              -0.002258               0.023534
     21.7610000              0.014491              -0.015130              -0.021800              -0.103707
      7.92175500             0.056045              -0.058589              -0.072569               0.187650
      3.18420000             0.150484              -0.160076              -0.222215               0.252243
      1.34262100             0.267442              -0.265446              -0.338662               0.458871
       .561524000            0.332981              -0.281779              -0.019892              -0.955500
       .227705000            0.331875               0.143164               0.864512               0.000532
       .085241000            0.216533               0.598499              -0.158606               1.089505
       .034100000            0.050220               0.264819              -0.650215              -1.017218
Sc    F
      2.96460000             0.034303               0.129082              -0.245082
      1.18590000             0.101639               0.316945              -0.512648
       .474300000            0.323978               0.577421               0.065000
       .189700000            0.516598              -0.213503               0.903458
       .075900000            0.294003              -0.558227              -0.831823
       .030400000            0.026641              -0.059128              -0.129320
Sc    G
      1.42280000             0.098340               1.202128
       .569100000            0.357838              -0.547477
       .227600000            0.568172               0.029201
       .091060000            0.252334              -0.099890
end
basis "Ti_nasa ames ano2" 
#basis SET: (21s,16p,9d,6f,4g) -> [7s,6p,4d,3f,2g]
Ti    S
5309148.10                   0.000004              -0.000001              -0.000011               0.000046               0.000000               0.000000
 794951.650                  0.000034              -0.000010               0.000087              -0.000200               0.000004              -0.000001
 180907.560                  0.000180              -0.000053              -0.000055               0.000763               0.000018              -0.000005
  51241.9330                 0.000759              -0.000224              -0.000016              -0.002141               0.000081              -0.000019
  16717.4490                 0.002757              -0.000818              -0.000133               0.006182               0.000289              -0.000071
   6035.26590                0.008925              -0.002659              -0.000396              -0.005660               0.000951              -0.000229
   2353.85710                0.026062              -0.007879              -0.001234               0.000727               0.002812              -0.000683
    976.146460               0.068190              -0.021222              -0.003134              -0.006560               0.007602              -0.001840
    425.435630               0.154349              -0.051422              -0.008360              -0.012585               0.018592              -0.004511
    193.046770               0.280282              -0.106702              -0.015536              -0.024961               0.039085              -0.009485
     90.4393690              0.348400              -0.174686              -0.031895              -0.052818               0.066498              -0.016207
     43.0207130              0.221705              -0.156041              -0.019505              -0.027111               0.062046              -0.015191
     19.1905550              0.040018               0.129323               0.005034              -0.005055              -0.056249               0.013850
      9.42571640            -0.002138               0.538464               0.196951               0.368651              -0.318089               0.082358
      4.60524340             0.001722               0.435708               0.122162               0.180311              -0.405827               0.110874
      2.03783430            -0.000802               0.068117               0.048324              -0.026237               0.170432              -0.058296
       .980031800            0.000356              -0.002436              -1.003157              -2.350398               0.697596              -0.248615
       .445625400           -0.000148               0.001987               0.256967               2.737474               0.389150              -0.279216
       .106417000            0.000057              -0.000456               2.056502              -0.149837               0.021896               0.343313
       .052570500           -0.000044               0.000354              -1.190255              -2.216063              -0.008254               0.614917
Ti    S
       .024356800            1.0000000
Ti    P
   7999.80450                0.000088              -0.000029               0.000009              -0.000275              -0.000960
   1894.45150                0.000777              -0.000261               0.000077               0.000276               0.004361
    615.187480               0.004404              -0.001482               0.000447               0.000800              -0.014982
    234.927410               0.018664              -0.006357               0.001875               0.003899               0.014488
     99.2137530              0.062072              -0.021477               0.006486               0.012311               0.013575
     44.9161400              0.159077              -0.057134               0.016879               0.035084               0.038995
     21.2497170              0.296970              -0.110466               0.033783               0.062688               0.092580
     10.3304580              0.368801              -0.148147               0.043558               0.101236               0.113511
      5.10497990             0.234826              -0.055426               0.018780               0.018795               0.117159
      2.44069040             0.049356               0.245562              -0.092049              -0.160969              -0.461871
      1.15120500             0.000992               0.475713              -0.160027              -0.608227              -1.110339
       .529555600            0.000804               0.359426              -0.208247               0.111636               2.364951
       .221190000           -0.000220               0.076616               0.239600               1.365039              -1.147661
       .088000000            0.000106              -0.001316               0.749828              -0.655996              -0.684123
       .035000000           -0.000052               0.002107               0.172606              -0.469528               1.112440
Ti    P
       .014000000            1.0000000
Ti    D
     89.5692010              0.001966              -0.002011              -0.003193               0.019886
     26.5843560              0.014719              -0.015095              -0.024718              -0.047466
      9.77103230             0.058208              -0.060360              -0.101176              -0.096634
      3.96193290             0.158168              -0.167265              -0.274501              -0.362812
      1.68926890             0.282835              -0.274066              -0.378414              -0.278263
       .715670600            0.345352              -0.250503               0.178175               1.045419
       .293810600            0.318437               0.202271               0.805658              -0.375928
       .110830500            0.185660               0.591009              -0.337582              -0.822381
       .044000000            0.037632               0.244420              -0.502625               0.982722
Ti    F
      5.43500000             0.024215              -0.074853              -0.177888
      2.17400000             0.098136              -0.296444              -0.506369
       .870000000            0.284586              -0.556882              -0.119565
       .348000000            0.494802               0.032302               0.926992
       .139000000            0.348617               0.592678              -0.518405
       .056000000            0.064120               0.148712              -0.377285
Ti    G
      2.61000000             0.093146              -0.396034
      1.04400000             0.279372              -0.536287
       .417600000            0.566326               0.062454
       .167000000            0.344550               0.636111
end
basis "V_nasa ames ano2" 
#basis SET: (20s,15p,10d,6f,4g) -> [7s,6p,5d,3f,2g]
V    S
3321857.00                   0.000009              -0.000003               0.000001              -0.000019              -0.000044               0.000000
 497435.600                  0.000069              -0.000020               0.000007               0.000145               0.000235              -0.000002
 113202.700                  0.000361              -0.000108               0.000040              -0.000096              -0.000776              -0.000009
  32063.3300                 0.001522              -0.000454               0.000165              -0.000040               0.003123              -0.000039
  10459.6200                 0.005512              -0.001650               0.000602              -0.000270              -0.002777              -0.000142
   3775.50600                0.017668              -0.005340               0.001949              -0.000859              -0.000245              -0.000462
   1472.04000                0.050383              -0.015593               0.005703              -0.002367              -0.004422              -0.001350
    609.933100               0.124809              -0.040724               0.015003              -0.006806              -0.010853              -0.003555
    265.263400               0.251726              -0.092084               0.034334              -0.013876              -0.022211              -0.008145
    119.860700               0.359226              -0.166364               0.064009              -0.030553              -0.051309              -0.015236
     55.4489100              0.274165              -0.185806               0.074997              -0.026069              -0.038396              -0.017949
     24.9837200              0.064862               0.045858              -0.019602              -0.009233              -0.027469               0.004660
     11.8805600             -0.001164               0.508061              -0.287022               0.177938               0.334854               0.072226
      5.66031100             0.001980               0.506938              -0.454094               0.154315               0.249386               0.121623
      2.49570300            -0.000918               0.094281               0.091030               0.092126               0.063812              -0.033728
      1.17786600             0.000404              -0.002662               0.711150              -1.011507              -2.416725              -0.247311
       .520044000           -0.000165               0.002362               0.431033               0.228155               2.659151              -0.282919
       .115965000            0.000068              -0.000585               0.026082               2.120438              -0.107649               0.330853
       .058938000           -0.000055               0.000473              -0.011401              -1.264396              -2.163285               0.587142
V    S
       .026946000            1.0000000
V    P
   5777.37700                0.000184              -0.000063               0.000019              -0.000502              -0.001877
   1368.67400                0.001611              -0.000550               0.000166               0.000528               0.008515
    444.123300               0.008933              -0.003075               0.000915               0.001863              -0.028833
    169.099100               0.036408              -0.012680               0.003824               0.007481               0.032691
     71.1019100              0.112560              -0.040439               0.012062               0.025427               0.017118
     31.9031100              0.252388              -0.094168               0.028626               0.054706               0.085058
     14.8510900              0.380489              -0.151426               0.045374               0.103595               0.117609
      7.08522700             0.310478              -0.112580               0.035737               0.062177               0.147762
      3.32442200             0.088080               0.167861              -0.063229              -0.116636              -0.285006
      1.54116400             0.003198               0.469508              -0.162130              -0.546479              -1.188384
       .690520000            0.001368               0.420124              -0.210522              -0.149439               1.823099
       .285424000           -0.000388               0.109000               0.130662               1.380319              -0.214340
       .114200000            0.000215              -0.001283               0.730442              -0.351593              -1.435702
       .045700000           -0.000103               0.002966               0.278735              -0.648620               1.368295
V    P
       .018300000            1.0000000
V    D
    155.852700               0.000855              -0.000932               0.001470              -0.010581              -0.025471
     46.4977100              0.007166              -0.007497               0.011658               0.019183               0.112465
     17.6299900              0.031624              -0.034017               0.054250               0.077500              -0.188272
      7.35467200             0.095844              -0.104494               0.170948               0.216710              -0.261933
      3.27405100             0.206164              -0.222639               0.343453               0.468644              -0.500083
      1.48248200             0.304201              -0.278423               0.239379              -0.305597               1.373524
       .661351000            0.325321              -0.117841              -0.515096              -0.942295              -0.752442
       .284826000            0.266612               0.354200              -0.546971               1.055866              -0.590640
       .112899000            0.135837               0.530229               0.551615               0.075557               1.396151
       .045160000            0.021292               0.156631               0.345187              -0.688540              -1.066110
V    F
      7.32420000             0.026102              -0.071517              -0.151969
      2.92970000             0.116910              -0.294881              -0.570309
      1.17190000             0.321776              -0.537486              -0.042213
       .468800000            0.478243               0.063026               0.869527
       .187500000            0.320490               0.592444              -0.474579
       .075000000            0.064542               0.173652              -0.390566
V    G
      3.51160000             0.103754              -0.374020
      1.40630000             0.293990              -0.544225
       .562500000            0.543364               0.061064
       .225000000            0.355020               0.652265
end
