SER        OG     1          SER        OG     2
    0.000000    0.000000    0.000000
   26.156900    2.253500   -3.591600  0.5000    1.204500    5.442500  0.00180000
   -1.991950    0.087434    4.450330   -1.991950    0.087434    4.450330
    0.000000    0.000000    0.000000    0.000000    0.000000    0.000000
    0.00   0.000   0.00000   0.000E-00   0.00000   0.000E-00   0.000E-00
      0.00    0.0000    0.0000  0.000000    0.0000
SER        OG     1          ASP        OD1    2
    0.000000    0.000000    0.000000
   26.156900    2.253500   -3.591600  0.5000    1.204500    5.442500  0.00180000
   -1.991950    0.087434    4.450330   -1.991950    0.087434    4.450330
    0.000000    0.000000    0.000000    0.000000    0.000000    0.000000
    0.00   0.000   0.00000   0.000E-00   0.00000   0.000E-00   0.000E-00
      0.00    0.0000    0.0000  0.000000    0.0000
SER        OG     1          ASP        OD1    4
    0.000000    0.000000    0.000000
   26.156900    2.253500   -3.591600  0.5000    1.204500    5.442500  0.00180000
   -1.991950    0.087434    4.450330   -1.991950    0.087434    4.450330
    0.000000    0.000000    0.000000    0.000000    0.000000    0.000000
    0.00   0.000   0.00000   0.000E-00   0.00000   0.000E-00   0.000E-00
      0.00    0.0000    0.0000  0.000000    0.0000
SER        OG     1          ASP        OD2    3
    0.000000    0.000000    0.000000
   26.156900    2.253500   -3.591600  0.5000    1.204500    5.442500  0.00180000
   -1.991950    0.087434    4.450330   -1.991950    0.087434    4.450330
    0.000000    0.000000    0.000000    0.000000    0.000000    0.000000
    0.00   0.000   0.00000   0.000E-00   0.00000   0.000E-00   0.000E-00
      0.00    0.0000    0.0000  0.000000    0.0000
SER        OG     1          ASP        OD2    4
    0.000000    0.000000    0.000000
   26.156900    2.253500   -3.591600  0.5000    1.204500    5.442500  0.00180000
   -1.991950    0.087434    4.450330   -1.991950    0.087434    4.450330
    0.000000    0.000000    0.000000    0.000000    0.000000    0.000000
    0.00   0.000   0.00000   0.000E-00   0.00000   0.000E-00   0.000E-00
      0.00    0.0000    0.0000  0.000000    0.0000
ASP        OD1    3          ASP        OD1    4
    0.000000    0.000000    0.000000
   26.156900    2.253500   -3.591600  0.5000    1.204500    5.442500  0.00180000
   -1.991950    0.087434    4.450330   -1.991950    0.087434    4.450330
    0.000000    0.000000    0.000000    0.000000    0.000000    0.000000
    0.00   0.000   0.00000   0.000E-00   0.00000   0.000E-00   0.000E-00
      0.00    0.0000    0.0000  0.000000    0.0000
ASP        OD2    2          ASP        OD2    4
    0.000000    0.000000    0.000000
   26.156900    2.253500   -3.591600  0.5000    1.204500    5.442500  0.00180000
   -1.991950    0.087434    4.450330   -1.991950    0.087434    4.450330
    0.000000    0.000000    0.000000    0.000000    0.000000    0.000000
    0.00   0.000   0.00000   0.000E-00   0.00000   0.000E-00   0.000E-00
      0.00    0.0000    0.0000  0.000000    0.0000
ASP        OD1    3          ASP        OD2    4
    0.000000    0.000000    0.000000
   26.156900    2.253500   -3.591600  0.5000    1.204500    5.442500  0.00180000
   -1.991950    0.087434    4.450330   -1.991950    0.087434    4.450330
    0.000000    0.000000    0.000000    0.000000    0.000000    0.000000
    0.00   0.000   0.00000   0.000E-00   0.00000   0.000E-00   0.000E-00
      0.00    0.0000    0.0000  0.000000    0.0000
ASP        OD2    2          ASP        OD1    4
    0.000000    0.000000    0.000000
   26.156900    2.253500   -3.591600  0.5000    1.204500    5.442500  0.00180000
   -1.991950    0.087434    4.450330   -1.991950    0.087434    4.450330
    0.000000    0.000000    0.000000    0.000000    0.000000    0.000000
    0.00   0.000   0.00000   0.000E-00   0.00000   0.000E-00   0.000E-00
      0.00    0.0000    0.0000  0.000000    0.0000
ASP        OD1    1          SER        OG     2
    0.000000    0.000000    0.000000
   26.156900    2.253500   -3.591600  0.5000    1.204500    5.442500  0.00180000
   -1.991950    0.087434    4.450330   -1.991950    0.087434    4.450330
    0.000000    0.000000    0.000000    0.000000    0.000000    0.000000
    0.00   0.000   0.00000   0.000E-00   0.00000   0.000E-00   0.000E-00
      0.00    0.0000    0.0000  0.000000    0.0000
ASP        OD1    3          SER        OG     2
    0.000000    0.000000    0.000000
   26.156900    2.253500   -3.591600  0.5000    1.204500    5.442500  0.00180000
   -1.991950    0.087434    4.450330   -1.991950    0.087434    4.450330
    0.000000    0.000000    0.000000    0.000000    0.000000    0.000000
    0.00   0.000   0.00000   0.000E-00   0.00000   0.000E-00   0.000E-00
      0.00    0.0000    0.0000  0.000000    0.0000
ASP        OD2    1          SER        OG     2
    0.000000    0.000000    0.000000
   26.156900    2.253500   -3.591600  0.5000    1.204500    5.442500  0.00180000
   -1.991950    0.087434    4.450330   -1.991950    0.087434    4.450330
    0.000000    0.000000    0.000000    0.000000    0.000000    0.000000
    0.00   0.000   0.00000   0.000E-00   0.00000   0.000E-00   0.000E-00
      0.00    0.0000    0.0000  0.000000    0.0000
ASP        OD2    2          SER        OG     2
    0.000000    0.000000    0.000000
   26.156900    2.253500   -3.591600  0.5000    1.204500    5.442500  0.00180000
   -1.991950    0.087434    4.450330   -1.991950    0.087434    4.450330
    0.000000    0.000000    0.000000    0.000000    0.000000    0.000000
    0.00   0.000   0.00000   0.000E-00   0.00000   0.000E-00   0.000E-00
      0.00    0.0000    0.0000  0.000000    0.0000
HIS        ND1    1          HIS        ND1    2
    0.000000    0.000000    0.000000
   26.156900    2.253500   -3.591600  0.5000    1.204500    5.442500  0.00180000
   -1.991950    0.087434    4.450330   -1.991950    0.087434    4.450330
    0.000000    0.000000    0.000000    0.000000    0.000000    0.000000
    0.00   0.000   0.00000   0.000E-00   0.00000   0.000E-00   0.000E-00
      0.00    0.0000    0.0000  0.000000    0.0000
HIS        ND1    1          HIS        NE2    3
    0.000000    0.000000    0.000000
   26.156900    2.253500   -3.591600  0.5000    1.204500    5.442500  0.00180000
   -1.991950    0.087434    4.450330   -1.991950    0.087434    4.450330
    0.000000    0.000000    0.000000    0.000000    0.000000    0.000000
    0.00   0.000   0.00000   0.000E-00   0.00000   0.000E-00   0.000E-00
      0.00    0.0000    0.0000  0.000000    0.0000
HIS        NE2    2          HIS        NE2    3
    0.000000    0.000000    0.000000
   26.156900    2.253500   -3.591600  0.5000    1.204500    5.442500  0.00180000
   -1.991950    0.087434    4.450330   -1.991950    0.087434    4.450330
    0.000000    0.000000    0.000000    0.000000    0.000000    0.000000
    0.00   0.000   0.00000   0.000E-00   0.00000   0.000E-00   0.000E-00
      0.00    0.0000    0.0000  0.000000    0.0000
HIS        NE2    2          HIS        ND1    2
    0.000000    0.000000    0.000000
   26.156900    2.253500   -3.591600  0.5000    1.204500    5.442500  0.00180000
   -1.991950    0.087434    4.450330   -1.991950    0.087434    4.450330
    0.000000    0.000000    0.000000    0.000000    0.000000    0.000000
    0.00   0.000   0.00000   0.000E-00   0.00000   0.000E-00   0.000E-00
      0.00    0.0000    0.0000  0.000000    0.0000
HIS        NE2    1          HIS        NE2    3
    0.000000    0.000000    0.000000
   26.156900    2.253500   -3.591600  0.5000    1.204500    5.442500  0.00180000
   -1.991950    0.087434    4.450330   -1.991950    0.087434    4.450330
    0.000000    0.000000    0.000000    0.000000    0.000000    0.000000
    0.00   0.000   0.00000   0.000E-00   0.00000   0.000E-00   0.000E-00
      0.00    0.0000    0.0000  0.000000    0.0000
H2O        OW     1          H2O        OW     2
    0.000000    0.000000    0.000000
   19.858500    1.750900  -13.625000  0.5000    6.876000    9.110300  0.00068000
   -2.231080    0.077439    4.801400   -2.231080    0.077439    4.801400
    0.509000   -8.669000    0.128000   34.360000   -0.436000  -30.430000
    0.45   3.496  -0.01611   2.025E-05   0.04258  -2.566E-04   3.219E-07
    -99.50   -0.0760    2.3450  0.000410   10.3000
H2O        OW     1          H20        OW     3
 1114.600000 -752.800000  629.549000
   19.858500    1.750900  -13.625000  0.5000    6.876000    9.110300  0.00068000
   -2.231080    0.077439    4.801400   -2.231080    0.077439    4.801400
    0.509000   -8.669000    0.128000   34.360000   -0.436000  -30.430000
    0.45   3.496  -0.01611   2.025E-05   0.04258  -2.566E-04   3.219E-07
    -99.50   -0.0760    2.3450  0.000410   10.3000
H2O        OW     2          H2O        OW     2
-1114.600000  752.800000 -629.549000
   19.858500    1.750900  -13.625000  0.5000    6.876000    9.110300  0.00068000
   -2.231080    0.077439    4.801400   -2.231080    0.077439    4.801400
    0.509000   -8.669000    0.128000   34.360000   -0.436000  -30.430000
    0.45   3.496  -0.01611   2.025E-05   0.04258  -2.566E-04   3.219E-07
    -99.50   -0.0760    2.3450  0.000410   10.3000
H2O        OW     2          H20        OW     3
    0.000000    0.000000    0.000000
   19.858500    1.750900  -13.625000  0.5000    6.876000    9.110300  0.00068000
   -2.231080    0.077439    4.801400   -2.231080    0.077439    4.801400
    0.509000   -8.669000    0.128000   34.360000   -0.436000  -30.430000
    0.45   3.496  -0.01611   2.025E-05   0.04258  -2.566E-04   3.219E-07
    -99.50   -0.0760    2.3450  0.000410   10.3000
H2O        OW     1          HIS        ND1    2
    0.000000    0.000000    0.000000
   19.858500    1.750900  -13.625000  0.5000    6.876000    9.110300  0.00068000
   -2.231080    0.077439    4.801400   -2.231080    0.077439    4.801400
   -0.010002   -2.568550    0.060782   -0.564883   -3.395020    1.331566
    0.45   3.496  -0.01611   2.025E-05   0.04258  -2.566E-04   3.219E-07
    -99.50   -0.0760    2.3450  0.000410   10.3000
H2O        OW     1          HIS        NE2    3
    0.000000    0.000000    0.000000
   19.858500    1.750900  -13.625000  0.5000    6.876000    9.110300  0.00068000
   -2.231080    0.077439    4.801400   -2.231080    0.077439    4.801400
   -0.010002   -2.568550    0.060782   -0.564883   -3.395020    1.331566
    0.45   3.496  -0.01611   2.025E-05   0.04258  -2.566E-04   3.219E-07
    -99.50   -0.0760    2.3450  0.000410   10.3000

 