# $Id$
basis "Hf_dyall_relpvqz(fi/sf/sc)" SPHERICAL
  Hf  s 
  6.4780934E+07  2.96282360979E-06 -1.11187358532E-06  5.25594315675E-07 -2.56529189369E-07  1.01075005591E-07 -2.78984964847E-08
  1.7238745E+07  1.96134023521E-05 -7.36097914751E-06  3.47967373643E-06 -1.69833530063E-06  6.69191988771E-07 -1.84711747164E-07
  5.9049101E+06  6.41627131420E-05 -2.40914812427E-05  1.13892553869E-05 -5.55892865195E-06  2.19024957333E-06 -6.04545127211E-07
  2.2500889E+06  1.90050803170E-04 -7.13968115338E-05  3.37560933175E-05 -1.64760146717E-05  6.49222698113E-06 -1.79201446206E-06
  9.3617372E+05  4.93970661431E-04 -1.85753054545E-04  8.78362127659E-05 -4.28742282694E-05  1.68924412854E-05 -4.66255788611E-06
  4.1074959E+05  1.23584631356E-03 -4.65394959399E-04  2.20125441086E-04 -1.07450844974E-04  4.23422602917E-05 -1.16876605738E-05
  1.8832684E+05  2.91796887455E-03 -1.10171815381E-03  5.21315233879E-04 -2.54504116885E-04  1.00275040721E-04 -2.76771992156E-05
  8.9151826E+04  6.67691522553E-03 -2.53188458060E-03  1.19895636107E-03 -5.85413273276E-04  2.30711238238E-04 -6.36840802720E-05
  4.3376582E+04  1.46489253822E-02 -5.59872832443E-03  2.65473131309E-03 -1.29667908126E-03  5.10932698219E-04 -1.41024422121E-04
  2.1589482E+04  3.08798618721E-02 -1.19659461770E-02  5.68755742715E-03 -2.77951666721E-03  1.09567258696E-03 -3.02454967166E-04
  1.0973964E+04  6.14428726112E-02 -2.44097188355E-02  1.16520918205E-02 -5.70053614606E-03  2.24688813754E-03 -6.20191171673E-04
  5.6912802E+03  1.12974135904E-01 -4.68891847590E-02  2.25568128494E-02 -1.10552508126E-02  4.36110514781E-03 -1.20399813400E-03
  3.0108524E+03  1.83953798204E-01 -8.23903990340E-02  4.01775567434E-02 -1.97574131108E-02  7.79550671916E-03 -2.15197741981E-03
  1.6250891E+03  2.47599986933E-01 -1.25452712839E-01  6.26120295427E-02 -3.09589901199E-02  1.22404028023E-02 -3.38048392811E-03
  8.9539499E+02  2.45333388524E-01 -1.46053504840E-01  7.53528089387E-02 -3.75715242348E-02  1.48607817287E-02 -4.10318343215E-03
  5.0398335E+02  1.50553824483E-01 -8.03521101928E-02  4.11504489513E-02 -2.04792940929E-02  8.14219685048E-03 -2.25213472634E-03
  2.9035504E+02  4.38925910247E-02  1.15168065219E-01 -8.42394839172E-02  4.54080156515E-02 -1.83936105045E-02  5.10125784814E-03
  1.7631995E+02  4.57799730914E-03  3.19963943630E-01 -2.66614490822E-01  1.49913377468E-01 -6.07636241196E-02  1.68229210130E-02
  1.1270525E+02  3.27136677657E-04  3.65649883924E-01 -3.75525526234E-01  2.21528737397E-01 -9.15738398138E-02  2.54655933443E-02
  7.1888352E+01  1.03170231383E-04  2.71360470898E-01 -3.15312690214E-01  1.97888866986E-01 -8.21672590214E-02  2.28001855113E-02
  4.3923147E+01 -1.57305868791E-04  8.64867436254E-02  1.30253706984E-01 -1.07689091468E-01  4.58642523312E-02 -1.27329205965E-02
  2.7242184E+01  7.81103159796E-05  6.48984301295E-03  6.30978258240E-01 -6.76696166524E-01  3.25602314753E-01 -9.24396444537E-02
  1.6505663E+01 -8.65736998815E-05  1.44486911626E-03  4.93251024717E-01 -6.62748133449E-01  3.20105997933E-01 -9.05471774284E-02
  9.7969434E+00  6.49172352178E-05 -6.12203663643E-04  1.26349037968E-01  1.50064564913E-01 -1.03734131318E-01  2.98771140113E-02
  5.6926478E+00 -4.19920069375E-05  1.50438478511E-04  9.51320308692E-03  7.83882217197E-01 -5.74905968477E-01  1.74096171421E-01
  3.2758044E+00  3.36821123161E-05 -1.67654101738E-04  1.41996580496E-03  5.04223355676E-01 -5.68543406543E-01  1.84861944419E-01
  1.7889818E+00 -2.62115734976E-05  8.90956872944E-05 -8.31186029278E-05  8.18927038391E-02  6.94881154731E-02 -3.02936660501E-02
  1.0176071E+00  2.18513104274E-05 -5.27626494782E-05  1.68595817854E-05  7.28588167576E-05  6.22580598268E-01 -2.49018323981E-01
  5.6797939E-01 -1.70458350466E-05  3.59530857175E-05 -6.96177279973E-05  1.89923044366E-03  5.37222903269E-01 -3.18440249165E-01
  3.1190344E-01  1.19592428768E-05 -1.80976038865E-05  1.48803613418E-05 -3.60958760322E-04  1.50641052125E-01 -1.84547641421E-01
  1.5932415E-01 -8.15029663678E-06  9.33440086513E-06 -1.10949255481E-05  2.11484078899E-04  9.55704996774E-03  1.78100606444E-01
  8.0715616E-02  5.78220098052E-06 -4.89393444566E-06  6.52404125808E-06 -1.06646629113E-04  2.96378183501E-03  5.29480461023E-01
  4.1077918E-02 -3.54085528602E-06  2.09972470094E-06 -1.86528117883E-06  2.44631680118E-05  1.85734946438E-03  4.55754964547E-01
  2.0835747E-02  1.31864007652E-06 -5.87497474410E-07  9.12521154270E-07 -1.13364753261E-05  4.16073445124E-04  9.38417596444E-02
  Hf  s 
  1.5932415E-01  9.99990455401E-01
  Hf  s 
  4.1077918E-02  9.99997539123E-01
  Hf  s 
  2.0835747E-02  9.99998751779E-01
  Hf  p 
  5.1923029E+07  2.02067281699E-08 -1.01997790959E-08  4.91454974000E-09 -1.73531347179E-09
  1.4040388E+07  1.41400687540E-07 -7.14159775232E-08  3.43846620999E-08 -1.21245415900E-08
  4.2135165E+06  6.80512559613E-07 -3.44038381671E-07  1.65822549810E-07 -5.85539005302E-08
  1.3773759E+06  2.91232240420E-06 -1.47426524982E-06  7.10164306951E-07 -2.50432750986E-07
  4.8194765E+05  1.18776010373E-05 -6.02260840408E-06  2.90472321396E-06 -1.02581486992E-06
  1.7859320E+05  4.71778944056E-05 -2.39658042889E-05  1.15540695917E-05 -4.07538708828E-06
  6.9640759E+04  1.82799422400E-04 -9.30564850062E-05  4.49178925449E-05 -1.58639309208E-05
  2.8521024E+04  6.81190790291E-04 -3.47662595913E-04  1.67800915229E-04 -5.92073482507E-05
  1.2268789E+04  2.39728489296E-03 -1.22819434069E-03  5.93668462637E-04 -2.09709553919E-04
  5.5412739E+03  7.80756958229E-03 -4.02599240566E-03  1.94786407752E-03 -6.87670729171E-04
  2.6212071E+03  2.31199723274E-02 -1.20632714506E-02  5.85562980003E-03 -2.07017771958E-03
  1.2927642E+03  6.08255304979E-02 -3.24212304250E-02  1.58081698001E-02 -5.58966317095E-03
  6.6114348E+02  1.36655102714E-01 -7.53689285958E-02  3.70693257322E-02 -1.31414136042E-02
  3.4833832E+02  2.45870170745E-01 -1.42077274467E-01  7.06614723171E-02 -2.50828765019E-02
  1.8814571E+02  3.19073380341E-01 -1.90423230472E-01  9.56555126792E-02 -3.40769357210E-02
  1.0339769E+02  2.49571317925E-01 -9.71924957035E-02  3.93009473667E-02 -1.31594100913E-02
  5.7466612E+01  9.12039640204E-02  2.01926696411E-01 -1.51578634224E-01  5.79281946170E-02
  3.2612497E+01  9.01955783874E-03  4.71149050541E-01 -3.73254392616E-01  1.46559035160E-01
  1.8775041E+01 -9.53855805580E-04  3.57009088171E-01 -2.46361388652E-01  8.89621910116E-02
  1.0762009E+01 -1.88669322403E-03  1.04349964021E-01  2.50346208309E-01 -1.34444366939E-01
  6.0430677E+00 -1.35073712577E-03  1.00348279577E-02  5.58323972462E-01 -3.06397644863E-01
  3.3661019E+00 -1.35673882702E-03  1.00700610649E-03  3.59766171442E-01 -2.11955798482E-01
  1.8111233E+00 -1.08034611757E-03  6.60098609758E-05  7.65349046379E-02  1.65640695313E-01
  9.6723467E-01 -1.01820483999E-03  7.16878867027E-05  3.29865773522E-03  4.69879339998E-01
  5.1314039E-01 -7.66937548788E-04  1.05474122423E-05  9.34506095489E-04  4.08501717589E-01
  2.6998329E-01 -8.48540979293E-04  4.60381481132E-05 -4.21162241424E-04  1.54089260562E-01
  1.2801326E-01 -5.79550738890E-04  2.16437159352E-05  2.63087471870E-05  2.12434645034E-02
  6.2429645E-02 -7.82422471081E-04  3.55749370780E-05 -2.00176474705E-04  8.79681432938E-04
  3.0288827E-02 -4.97433235743E-05  2.17147956917E-06  2.30291734001E-05  6.60049361840E-04
  1.4607384E-02 -9.74438180069E-04  4.24727227663E-05 -1.64418657156E-04 -9.61781605873E-05
  Hf  p 
  1.2801326E-01  9.99987218631E-01
  Hf  p 
  6.2429645E-02  9.99993766698E-01
  Hf  p 
  3.0288827E-02  9.99996975788E-01
  Hf  p 
  1.4607384E-02  9.99998541510E-01
  Hf  d 
  4.7932975E+04  3.65449151539E-06 -1.79681326978E-06  3.59647223725E-07
  1.1632815E+04  5.11723308487E-05 -2.50638875868E-05  4.99639078536E-06
  3.9247206E+03  4.12577141323E-04 -2.03067671892E-04  4.06081004275E-05
  1.5820406E+03  2.37234181790E-03 -1.16857792439E-03  2.33286910111E-04
  7.1497572E+02  1.05240854241E-02 -5.22548244124E-03  1.04593326345E-03
  3.4923989E+02  3.66629278845E-02 -1.83406710973E-02  3.67028722422E-03
  1.7991310E+02  1.00786031365E-01 -5.13643097523E-02  1.03204649924E-02
  9.6415585E+01  2.11175324703E-01 -1.08426378572E-01  2.17739866225E-02
  5.2908824E+01  3.19721725654E-01 -1.60068647961E-01  3.21092026963E-02
  2.9588123E+01  3.14830499597E-01 -1.22467472290E-01  2.30418346448E-02
  1.6608483E+01  1.67958925039E-01  9.62150145480E-02 -2.66063706535E-02
  9.1942898E+00  3.96701355833E-02  3.54718318111E-01 -8.48828928846E-02
  5.0022545E+00  3.19203324302E-03  4.14393263716E-01 -9.65931089752E-02
  2.6528481E+00  4.04862084737E-04  2.36457142842E-01 -2.26975249424E-02
  1.3396017E+00 -2.46050114120E-05  5.57207538466E-02  1.40699733457E-01
  6.2908545E-01 -1.93147513397E-05  3.61728740127E-03  3.03230861362E-01
  2.8196997E-01 -3.69798476798E-05  4.15569587567E-04  3.74839947513E-01
  1.2054260E-01 -1.29967536530E-05 -4.38820899142E-05  3.16423926363E-01
  4.8354729E-02 -1.32683362337E-05  3.62892617584E-05  1.50341620205E-01
  Hf  d 
  6.2908545E-01  9.99912076715E-01
  Hf  d 
  2.8196997E-01  9.99960587552E-01
  Hf  d 
  1.2054260E-01  9.99983150463E-01
  Hf  d 
  4.8354729E-02  9.99993240821E-01
  Hf  f 
  9.8605349E+02  1.24930012767E-04
  3.3709097E+02  1.34177995923E-03
  1.4392596E+02  8.00058105149E-03
  6.9004994E+01  3.12837019555E-02
  3.4971760E+01  8.69093755544E-02
  1.8367110E+01  1.80719476603E-01
  9.7118702E+00  2.72280762746E-01
  5.0133492E+00  3.15061229451E-01
  2.4539427E+00  2.81228091458E-01
  1.0876844E+00  1.77264464551E-01
  4.0757909E-01  5.32424912639E-02
  1.4970359E-01  1.41360005436E-03
  Hf  f 
  1.0876844E+00  9.99804583497E-01
  Hf  f 
  4.0757909E-01  9.99926757762E-01
  Hf  f 
  1.4970359E-01  9.99973096016E-01
end
basis "Ta_dyall_relpvqz(fi/sf/sc)" SPHERICAL
  Ta  s 
  6.4638514E+07  3.14197833815E-06 -1.18434414025E-06  5.60938348451E-07 -2.74655071792E-07 -1.09945555043E-07 -3.11041971317E-08
  1.7191660E+07  2.07887209295E-05 -7.83670388100E-06  3.71192080392E-06 -1.81747701395E-06 -7.27610211920E-07 -2.05850054769E-07
  5.8821453E+06  6.80314328584E-05 -2.56581626937E-05  1.21533066378E-05 -5.95082751547E-06 -2.38208223889E-06 -6.73899077468E-07
  2.2386972E+06  2.01348663689E-04 -7.59792694224E-05  3.59951826593E-05 -1.76250293799E-05 -7.05642160906E-06 -1.99637906492E-06
  9.3109986E+05  5.21860191812E-04 -1.97128406962E-04  9.33933053914E-05 -4.57327627755E-05 -1.83057892737E-05 -5.17869957957E-06
  4.0882372E+05  1.30052359422E-03 -4.91975511285E-04  2.33178349344E-04 -1.14186347888E-04 -4.57199506941E-05 -1.29351970986E-05
  1.8764755E+05  3.06099745101E-03 -1.16108974845E-03  5.50453191381E-04 -2.69592180058E-04 -1.07908817368E-04 -3.05269805214E-05
  8.8873082E+04  6.99245957430E-03 -2.66406255166E-03  1.26424552980E-03 -6.19270931249E-04 -2.47987404780E-04 -7.01631066328E-05
  4.3219270E+04  1.53363965092E-02 -5.89064218447E-03  2.79855022044E-03 -1.37134371845E-03 -5.48930613842E-04 -1.55289978195E-04
  2.1466929E+04  3.23955682692E-02 -1.26202272167E-02  6.01238629172E-03 -2.94777925223E-03 -1.18077827502E-03 -3.34094563177E-04
  1.0863421E+04  6.47353631626E-02 -2.58787346660E-02  1.23799461672E-02 -6.07664251844E-03 -2.43310148458E-03 -6.88332615998E-04
  5.5960817E+03  1.19321510639E-01 -4.99244368107E-02  2.40880170810E-02 -1.18457075235E-02 -4.74892665160E-03 -1.34386390401E-03
  2.9373561E+03  1.93282674504E-01 -8.75992071213E-02  4.28550041196E-02 -2.11504060135E-02 -8.47716343742E-03 -2.39847823605E-03
  1.5726624E+03  2.55290906904E-01 -1.31589832651E-01  6.60283848812E-02 -3.27767975863E-02 -1.31751149491E-02 -3.72996877763E-03
  8.5889297E+02  2.42365757561E-01 -1.46289551742E-01  7.57852100558E-02 -3.79455396524E-02 -1.52366218899E-02 -4.31123027670E-03
  4.7870086E+02  1.35478379205E-01 -5.96097951341E-02  2.92690235154E-02 -1.44091282265E-02 -5.85923461803E-03 -1.66439427544E-03
  2.7574448E+02  3.24628326151E-02  1.56982089041E-01 -1.16429377092E-01  6.31632016972E-02  2.61233888533E-02  7.43336458525E-03
  1.6964466E+02  3.97560141967E-03  3.23241644317E-01 -2.76722026494E-01  1.57793845729E-01  6.47956408850E-02  1.83733265040E-02
  1.1261962E+02 -7.01825818657E-04  3.34870283409E-01 -3.54994481242E-01  2.10351209150E-01  8.90652977033E-02  2.54388220878E-02
  7.2371181E+01  6.91123143527E-04  2.69393252518E-01 -2.99346932431E-01  1.90474645361E-01  7.99720037450E-02  2.27205548002E-02
  4.2325898E+01 -5.38730733325E-04  7.71702955700E-02  2.04009713887E-01 -1.76233341384E-01 -7.75554164505E-02 -2.21563215750E-02
  2.6578434E+01  3.74463714587E-04 -3.66174662915E-04  6.41463269354E-01 -7.16336620745E-01 -3.55475453771E-01 -1.03794003565E-01
  1.6211799E+01 -2.79563259745E-04  3.29160654149E-03  4.41045700988E-01 -5.93041855034E-01 -2.86186624138E-01 -8.27799689362E-02
  9.7428880E+00  1.90858237816E-04 -1.71749517876E-03  1.03513471689E-01  2.26636183410E-01  1.43603291597E-01  4.21377828532E-02
  5.6927686E+00 -1.24304676563E-04  8.08085469240E-04  8.49357236860E-03  7.91873622546E-01  6.19299501662E-01  1.94835594662E-01
  3.2966756E+00  9.28596330621E-05 -5.92685549562E-04  8.36114240802E-04  4.57714768736E-01  5.37262382976E-01  1.81094749521E-01
  1.9110337E+00 -6.98646052735E-05  3.81390202535E-04  1.38680413287E-04  6.83651736282E-02 -7.14061027685E-02 -3.21046438558E-02
  1.1247795E+00  4.93584104426E-05 -2.29908285638E-04 -1.30663989881E-04  6.59159719282E-03 -6.00236179363E-01 -2.50505857688E-01
  6.3622230E-01 -3.17518584344E-05  1.29464847371E-04  5.48053234330E-06 -6.17899309621E-04 -5.53804902553E-01 -3.25633307898E-01
  3.6230173E-01  1.76369049364E-05 -5.89431641840E-05 -2.36829129381E-05  8.10024841856E-04 -1.74376320885E-01 -1.83777044744E-01
  1.6667233E-01 -9.82892589849E-06  2.51619478870E-05  3.32707927299E-06 -2.57834784334E-04 -1.94523732384E-02  1.84117534202E-01
  8.6724950E-02  7.38399914971E-06 -1.46527521247E-05  8.38707143115E-07  1.36022441781E-04  1.21839924995E-03  5.21389465045E-01
  4.4339877E-02 -4.31379027683E-06  6.28088343923E-06 -2.97230007769E-07 -7.85464495421E-05 -3.61142339336E-03  4.45804177795E-01
  2.2403507E-02  1.53671020863E-06 -1.63783201106E-06  1.05231452651E-06  1.17204986234E-05 -6.21246938988E-05  9.46687287516E-02
  Ta  s 
  1.6667233E-01  9.99990015202E-01
  Ta  s 
  4.4339877E-02  9.99997343708E-01
  Ta  s 
  2.2403507E-02  9.99998657859E-01
  Ta  p 
  5.2419849E+07  2.12314795148E-08 -1.07462026837E-08  5.19897097625E-09 -1.87739133276E-09
  1.4285350E+07  1.47699217090E-07 -7.48023107368E-08  3.61657336392E-08 -1.30429147743E-08
  4.3127118E+06  7.05450386898E-07 -3.57621470387E-07  1.73074197288E-07 -6.25012478743E-08
  1.4163009E+06  2.99514483379E-06 -1.52040233098E-06  7.35459977601E-07 -2.65258895468E-07
  4.9732819E+05  1.21161298254E-05 -6.16064253065E-06  2.98349414772E-06 -1.07754920158E-06
  1.8488054E+05  4.76903974555E-05 -2.42950528571E-05  1.17620463530E-05 -4.24320725204E-06
  7.2301995E+04  1.83273321714E-04 -9.35652625781E-05  4.53503763092E-05 -1.63805114197E-05
  2.9664024E+04  6.79309482658E-04 -3.47717077001E-04  1.68535305011E-04 -6.08204924089E-05
  1.2764385E+04  2.38522352079E-03 -1.22559793155E-03  5.94881019362E-04 -2.14913983449E-04
  5.7608252E+03  7.76386666579E-03 -4.01522441950E-03  1.95087121296E-03 -7.04419734629E-04
  2.7223146E+03  2.29856757187E-02 -1.20276005865E-02  5.86268124434E-03 -2.11981014570E-03
  1.3416600E+03  6.04487512680E-02 -3.23087255661E-02  1.58198401894E-02 -5.72131073631E-03
  6.8597086E+02  1.35794032092E-01 -7.50808539767E-02  3.70808393134E-02 -1.34448885457E-02
  3.6145308E+02  2.44582098408E-01 -1.41641730867E-01  7.07401605778E-02 -2.56846652957E-02
  1.9527396E+02  3.18401501266E-01 -1.90390336274E-01  9.60253254450E-02 -3.49884024959E-02
  1.0735336E+02  2.50457465158E-01 -9.86706609685E-02  4.02948346230E-02 -1.38170609101E-02
  5.9724273E+01  9.23599389072E-02  1.99325190195E-01 -1.50835125546E-01  5.90605828805E-02
  3.3913452E+01  9.35607400231E-03  4.70526254761E-01 -3.74546255851E-01  1.50614599669E-01
  1.9529268E+01 -1.04052748062E-03  3.58874231522E-01 -2.49223966453E-01  9.22062665182E-02
  1.1201366E+01 -1.91063871934E-03  1.05602824240E-01  2.49264205119E-01 -1.37718753039E-01
  6.2926421E+00 -1.41226795041E-03  1.02596472432E-02  5.60721156762E-01 -3.17120844311E-01
  3.5130231E+00 -1.37935064714E-03  9.63680190257E-04  3.59392892932E-01 -2.18507471939E-01
  1.9027204E+00 -1.11227719741E-03  7.43666800291E-05  7.57670217415E-02  1.77517609480E-01
  1.0203565E+00 -1.04727848521E-03  5.63994669279E-05  3.49149841890E-03  4.83415607527E-01
  5.4290210E-01 -7.95258039981E-04  1.58534811923E-05  7.64761876237E-04  4.01913238453E-01
  2.8497737E-01 -8.83767029684E-04  4.21476941051E-05 -3.44145814937E-04  1.44139946773E-01
  1.3419367E-01 -6.09922050419E-04  2.41525907021E-05 -1.75581137792E-05  1.88974538928E-02
  6.5096558E-02 -8.08272694554E-04  3.48354443507E-05 -1.82769073831E-04  8.63024407186E-04
  3.1636489E-02 -4.77519197533E-05  2.55199060058E-06  1.36017584721E-05  5.06334224269E-04
  1.5290393E-02 -1.00909849557E-03  4.28637834816E-05 -1.68307916950E-04 -7.58070120387E-05
  Ta  p 
  1.3419367E-01  9.99986601567E-01
  Ta  p 
  6.5096558E-02  9.99993500422E-01
  Ta  p 
  3.1636489E-02  9.99996841231E-01
  Ta  p 
  1.5290393E-02  9.99998473315E-01
  Ta  d 
  5.0409736E+04  3.55987609018E-06 -1.76337010345E-06  3.91271628348E-07
  1.2221890E+04  4.97258992093E-05 -2.45384727851E-05  5.43863170048E-06
  4.1163339E+03  4.01706071816E-04 -1.99198864784E-04  4.41994449897E-05
  1.6559855E+03  2.31781049898E-03 -1.15027704685E-03  2.55185900218E-04
  7.4718049E+02  1.03174819199E-02 -5.16114288404E-03  1.14663053722E-03
  3.6459596E+02  3.60697091247E-02 -1.81786304471E-02  4.04236133016E-03
  1.8772941E+02  9.95159600479E-02 -5.10924983790E-02  1.13961897922E-02
  1.0059430E+02  2.09469316687E-01 -1.08386635303E-01  2.41936361674E-02
  5.5213666E+01  3.18824310068E-01 -1.60972175164E-01  3.58305484640E-02
  3.0885766E+01  3.15943812761E-01 -1.24518533848E-01  2.60849066314E-02
  1.7343109E+01  1.69891535405E-01  9.44120671114E-02 -2.95797826620E-02
  9.6073363E+00  4.05255605567E-02  3.55172891325E-01 -9.47096157449E-02
  5.2355996E+00  3.27005623986E-03  4.16026586500E-01 -1.08958579729E-01
  2.7855958E+00  4.00995280102E-04  2.35715327660E-01 -2.23010604660E-02
  1.4134921E+00 -4.07134597952E-05  5.41703869244E-02  1.60264692197E-01
  6.7975565E-01 -2.24926772064E-05  3.29429328583E-03  3.25396877484E-01
  3.1299064E-01 -4.14572191378E-05  5.03452650134E-04  3.74696719827E-01
  1.3717444E-01 -1.39747420656E-05 -4.07011890393E-05  2.88566376400E-01
  5.6247070E-02 -1.51356683005E-05  4.91572309293E-05  1.19623752364E-01
  Ta  d 
  6.7975565E-01  9.99904996022E-01
  Ta  d 
  3.1299064E-01  9.99956251954E-01
  Ta  d 
  1.3717444E-01  9.99980825728E-01
  Ta  d 
  5.6247070E-02  9.99992137620E-01
  Ta  f 
  1.0869211E+03  1.09883857642E-04
  3.7092503E+02  1.19745470866E-03
  1.5835812E+02  7.23275026723E-03
  7.5984092E+01  2.89127627328E-02
  3.8612612E+01  8.17852739326E-02
  2.0337262E+01  1.74255082281E-01
  1.0812057E+01  2.69203088041E-01
  5.6262001E+00  3.17263010168E-01
  2.7897356E+00  2.85071433554E-01
  1.2637906E+00  1.76007611532E-01
  4.9140560E-01  5.06019361459E-02
  1.8408649E-01  1.62643633143E-03
  Ta  f 
  1.2637906E+00  9.99772956135E-01
  Ta  f 
  4.9140560E-01  9.99911696372E-01
  Ta  f 
  1.8408649E-01  9.99966917245E-01
end
basis "W_dyall_relpvqz(fi/sf/sc)" SPHERICAL
  W   s 
  6.4137274E+07  3.34833450220E-06 -1.26777852974E-06  6.01607745878E-07 -2.95531322865E-07  1.20083066289E-07 -3.45228816143E-08
  1.7067624E+07  2.21124445061E-05 -8.37302124351E-06  3.97346222811E-06 -1.95192609601E-06  7.93153266862E-07 -2.28028614698E-07
  5.8454686E+06  7.21130445978E-05 -2.73199033294E-05  1.29654074408E-05 -6.36920219584E-06  2.58797782050E-06 -7.44018753373E-07
  2.2274049E+06  2.12729941578E-04 -8.06361998597E-05  3.82734767372E-05 -1.88023271764E-05  7.64042639822E-06 -2.19661593251E-06
  9.2735944E+05  5.49884127865E-04 -2.08659588329E-04  9.90499239647E-05 -4.86607651311E-05  1.97720347587E-05 -5.68422577810E-06
  4.0726404E+05  1.36899303916E-03 -5.20251809204E-04  2.47044675443E-04 -1.21376824644E-04  4.93244705041E-05 -1.41809457032E-05
  1.8676732E+05  3.22392185499E-03 -1.22860890697E-03  5.83628424968E-04 -2.86770714779E-04  1.16523647004E-04 -3.34989926334E-05
  8.8268163E+04  7.37708227924E-03 -2.82410310547E-03  1.34275159066E-03 -6.59916590950E-04  2.68198727735E-04 -7.71096613343E-05
  4.2812203E+04  1.61809484502E-02 -6.24665426010E-03  2.97393186385E-03 -1.46204447074E-03  5.94131011324E-04 -1.70805770157E-04
  2.1231782E+04  3.40330680850E-02 -1.33315287600E-02  6.36422037826E-03 -3.13083814476E-03  1.27273623216E-03 -3.65940675311E-04
  1.0750646E+04  6.74336783141E-02 -2.71276000520E-02  1.30084244240E-02 -6.40633324029E-03  2.60428713261E-03 -7.48732750973E-04
  5.5500686E+03  1.23024383092E-01 -5.18527750393E-02  2.50790547807E-02 -1.23765253942E-02  5.03520613436E-03 -1.44792809450E-03
  2.9201293E+03  1.97080430971E-01 -9.01161842630E-02  4.42236048135E-02 -2.19014045629E-02  8.91399743310E-03 -2.56314598463E-03
  1.5655731E+03  2.56744163262E-01 -1.33636777456E-01  6.72655553560E-02 -3.35200902851E-02  1.36704355472E-02 -3.93271931415E-03
  8.5493986E+02  2.38417486545E-01 -1.44435489458E-01  7.50808807524E-02 -3.77146303328E-02  1.53920830604E-02 -4.42683761425E-03
  4.7528922E+02  1.28603797759E-01 -4.72083102485E-02  2.15969586007E-02 -1.04918010529E-02  4.28198111071E-03 -1.23466316827E-03
  2.6897852E+02  2.87463529969E-02  1.95150470535E-01 -1.46231662975E-01  8.01195392591E-02 -3.34734792729E-02  9.67068188726E-03
  1.5894220E+02  2.25716095911E-03  3.90760709077E-01 -3.52360128692E-01  2.03520517392E-01 -8.55974119532E-02  2.47072362158E-02
  1.0297127E+02 -5.14805602611E-04  2.83765119497E-01 -3.16533036367E-01  1.91384287688E-01 -8.22667764007E-02  2.39127690265E-02
  7.2276650E+01  6.49451192266E-04  2.08614176199E-01 -2.28740474453E-01  1.46865896661E-01 -6.30062719328E-02  1.81590543752E-02
  4.4994511E+01 -4.96868089283E-04  7.61749396135E-02  1.73671149777E-01 -1.49156748816E-01  6.71629752906E-02 -1.94811965466E-02
  2.8432570E+01  2.98550440043E-04  3.20143993300E-03  6.28337360056E-01 -6.94274060533E-01  3.47318353798E-01 -1.03116222598E-01
  1.7374987E+01 -2.12133353788E-04  2.10680331663E-03  4.69794918781E-01 -6.30046519562E-01  3.13898768306E-01 -9.25999810955E-02
  1.0330107E+01  1.41769080504E-04 -9.85025290020E-04  1.17612454591E-01  1.79785482893E-01 -1.24078077203E-01  3.71689763809E-02
  6.0943725E+00 -9.21575326147E-05  3.72733600295E-04  7.67406900626E-03  7.81083265413E-01 -6.05866879920E-01  1.93884836182E-01
  3.5592554E+00  6.58179339502E-05 -2.91990568592E-04  1.87003223046E-03  4.90691069889E-01 -5.90089009019E-01  2.03169894702E-01
  1.9991832E+00 -4.64309637818E-05  1.60485232212E-04 -3.73021470341E-04  8.20195363234E-02  9.70006437211E-02 -4.42921167684E-02
  1.1333452E+00  3.47677219130E-05 -9.21574162778E-05  1.67736901218E-04  1.53530625767E-03  6.67972300868E-01 -2.95153230656E-01
  6.3294538E-01 -2.58125043229E-05  5.89118026640E-05 -1.66594671440E-04  1.44998889843E-03  5.21314460602E-01 -3.34058470714E-01
  3.4800010E-01  1.83654165563E-05 -3.12885394368E-05  6.99848581201E-05 -2.06205293535E-04  1.30574870051E-01 -1.46038433615E-01
  1.8739735E-01 -1.22575953648E-05  1.58456407084E-05 -3.98951052862E-05  1.53988745489E-04  9.25382694572E-03  1.93557768306E-01
  9.5457425E-02  7.69707791179E-06 -7.07019837382E-06  1.98050636744E-05 -7.90845444940E-05  3.45151004109E-03  5.10808003797E-01
  4.8435729E-02 -4.36587657235E-06  2.54901502278E-06 -6.62590107030E-06  5.78464490148E-06  2.03843687253E-03  4.55236720809E-01
  2.4280403E-02  1.55737721158E-06 -5.81947010106E-07  2.24999724286E-06 -9.39013335099E-06  4.99230593585E-04  1.01995079936E-01
  W   s 
  1.8739735E-01  9.99988773657E-01
  W   s 
  4.8435729E-02  9.99997098337E-01
  W   s 
  2.4280403E-02  9.99998545419E-01
  W   p 
  5.3609439E+07  2.14939898222E-08 -1.09085425225E-08  5.30087139114E-09 -1.95414995848E-09
  1.4855009E+07  1.48601117458E-07 -7.54564305999E-08  3.66309405418E-08 -1.34827430623E-08
  4.5358814E+06  7.01301494616E-07 -3.56476934657E-07  1.73281146538E-07 -6.38812762938E-08
  1.5033066E+06  2.93599726425E-06 -1.49427224243E-06  7.25767457242E-07 -2.67153052560E-07
  5.3180668E+05  1.17103070224E-05 -5.97039564524E-06  2.90412479147E-06 -1.07076607011E-06
  1.9879132E+05  4.55299885637E-05 -2.32558906269E-05  1.13051489032E-05 -4.16241904468E-06
  7.8022969E+04  1.73225890119E-04 -8.86785970748E-05  4.31711289341E-05 -1.59184731741E-05
  3.2080496E+04  6.37251101757E-04 -3.27063605221E-04  1.59181462055E-04 -5.86302649102E-05
  1.3819183E+04  2.22705601855E-03 -1.14738125858E-03  5.59348471431E-04 -2.06286210012E-04
  6.2371520E+03  7.24282535485E-03 -3.75473945013E-03  1.83179748565E-03 -6.75080702564E-04
  2.9445083E+03  2.15090342613E-02 -1.12771807183E-02  5.52006671040E-03 -2.03744430682E-03
  1.4486417E+03  5.69659507190E-02 -3.04802092676E-02  1.49816317459E-02 -5.52985582689E-03
  7.3915063E+02  1.29451044480E-01 -7.15849657951E-02  3.54905601990E-02 -1.31354907856E-02
  3.8872466E+02  2.37141898994E-01 -1.37213026907E-01  6.87535741835E-02 -2.54759318547E-02
  2.0966698E+02  3.16763396639E-01 -1.89983677760E-01  9.62939338837E-02 -3.58276089250E-02
  1.1518899E+02  2.59146500520E-01 -1.11107586006E-01  4.79292094269E-02 -1.70150874648E-02
  6.4054716E+01  1.01599042275E-01  1.77427393623E-01 -1.36642989918E-01  5.47098005481E-02
  3.6303223E+01  1.14826237944E-02  4.64505774990E-01 -3.69620669125E-01  1.51802917630E-01
  2.0885271E+01 -9.58210568600E-04  3.74960802146E-01 -2.71554583287E-01  1.04363905674E-01
  1.1965242E+01 -2.01820034896E-03  1.16566685236E-01  2.25109676191E-01 -1.29555278212E-01
  6.7137508E+00 -1.43908361315E-03  1.17709215367E-02  5.62046227231E-01 -3.24955358374E-01
  3.7556932E+00 -1.44537321711E-03  1.04006975307E-03  3.73975182449E-01 -2.36388101119E-01
  2.0459508E+00 -1.13208548174E-03  6.10930236926E-05  8.19484267206E-02  1.71630122158E-01
  1.1024597E+00 -1.09432971076E-03  6.12360719018E-05  4.03756136894E-03  4.91156219709E-01
  5.8644331E-01 -8.30953844730E-04  9.02659419222E-06  7.78780134648E-04  4.06359700024E-01
  3.0657991E-01 -9.22307397072E-04  4.45768257577E-05 -3.36814242074E-04  1.42692799872E-01
  1.4414257E-01 -6.42750387414E-04  2.36389095992E-05 -2.39660564101E-05  1.83122012934E-02
  6.9532302E-02 -8.33496456945E-04  3.56315784637E-05 -1.85807725149E-04  8.65591012008E-04
  3.3533384E-02 -7.58311655380E-05  3.51626844876E-06  8.04755885049E-06  4.34076920591E-04
  1.6049279E-02 -1.03452269156E-03  4.29766344955E-05 -1.73259522186E-04 -6.12009764454E-05
  W   p 
  1.4414257E-01  9.99985608254E-01
  W   p 
  6.9532302E-02  9.99993057540E-01
  W   p 
  3.3533384E-02  9.99996651835E-01
  W   p 
  1.6049279E-02  9.99998397543E-01
  W   d 
  5.3980043E+04  3.33497172140E-06 -1.66422419687E-06  3.98530506569E-07
  1.3082378E+04  4.64435355148E-05 -2.30950469447E-05  5.53171888943E-06
  4.3946436E+03  3.76835643218E-04 -1.88264022888E-04  4.51019086750E-05
  1.7627043E+03  2.18760860604E-03 -1.09387504994E-03  2.62193920469E-04
  7.9340011E+02  9.80206347726E-03 -4.93936513577E-03  1.18498431704E-03
  3.8654776E+02  3.45194645633E-02 -1.75248430708E-02  4.21032435658E-03
  1.9886348E+02  9.60297963112E-02 -4.96465537645E-02  1.19588802324E-02
  1.0652881E+02  2.04447985855E-01 -1.06638408125E-01  2.57249300157E-02
  5.8479281E+01  3.15655602379E-01 -1.60953968372E-01  3.86963867196E-02
  3.2717024E+01  3.19247567730E-01 -1.29779149313E-01  2.95537153193E-02
  1.8383016E+01  1.76288224381E-01  8.48346266379E-02 -2.97455208085E-02
  1.0199655E+01  4.35762392366E-02  3.50051059773E-01 -1.01421280871E-01
  5.5717106E+00  3.64287835023E-03  4.19760215413E-01 -1.20009063896E-01
  2.9784222E+00  4.11543728276E-04  2.41099513436E-01 -2.60522193949E-02
  1.5234874E+00 -5.25062807111E-05  5.59769675045E-02  1.71548985999E-01
  7.4464814E-01 -2.63446166508E-05  3.46479553831E-03  3.39339647546E-01
  3.4869929E-01 -4.61588499514E-05  5.64292682046E-04  3.73398736767E-01
  1.5511823E-01 -1.54786052402E-05 -1.68753487114E-05  2.71070499067E-01
  6.4363559E-02 -1.69851570736E-05  5.66670527903E-05  1.03125766371E-01
  W   d 
  7.4464814E-01  9.99895928146E-01
  W   d 
  3.4869929E-01  9.99951261222E-01
  W   d 
  1.5511823E-01  9.99978317635E-01
  W   d 
  6.4363559E-02  9.99991003091E-01
  W   f 
  1.1794059E+03  1.00208468937E-04
  4.0180093E+02  1.10455287334E-03
  1.7150947E+02  6.73718749593E-03
  8.2325947E+01  2.73788091464E-02
  4.1919708E+01  7.85191217355E-02
  2.2128322E+01  1.70138272464E-01
  1.1814399E+01  2.67454016818E-01
  6.1885346E+00  3.18985353955E-01
  3.1019283E+00  2.87043332978E-01
  1.4303266E+00  1.73426070794E-01
  5.7199483E-01  4.78756910111E-02
  2.1756792E-01  1.70850237977E-03
  W   f 
  1.4303266E+00  9.99743050670E-01
  W   f 
  5.7199483E-01  9.99897217372E-01
  W   f 
  2.1756792E-01  9.99960900599E-01
end
basis "Re_dyall_relpvqz(fi/sf/sc)" SPHERICAL
  Re  s 
  6.3602863E+07  3.57395639013E-06 -1.35930440631E-06  6.46240889119E-07 -3.18512475670E-07  1.31237328317E-07 -3.81328798291E-08
  1.6921117E+07  2.35779845657E-05 -8.96834166045E-06  4.26384860380E-06 -2.10151907695E-06  8.65915413546E-07 -2.51609091152E-07
  5.7932776E+06  7.67916388416E-05 -2.92240454439E-05  1.38949990180E-05 -6.84859239896E-06  2.82183112641E-06 -8.19918641217E-07
  2.2073748E+06  2.25939079689E-04 -8.60346367847E-05  4.09114067746E-05 -2.01647887494E-05  8.30894949921E-06 -2.41436172207E-06
  9.2043510E+05  5.80190723550E-04 -2.21166642376E-04  1.05185096139E-04 -5.18474173950E-05  2.13627125141E-05 -6.20713943830E-06
  4.0582412E+05  1.43008247954E-03 -5.45994796406E-04  2.59750592548E-04 -1.28041479873E-04  5.27621002766E-05 -1.53315609393E-05
  1.8735143E+05  3.32234041236E-03 -1.27200062388E-03  6.05396389542E-04 -2.98464034053E-04  1.22978925776E-04 -3.57323578401E-05
  8.9310692E+04  7.49376304349E-03 -2.88231894606E-03  1.37299218080E-03 -6.77008504422E-04  2.79000920679E-04 -8.10740293256E-05
  4.3735454E+04  1.62107000118E-02 -6.28698179982E-03  2.99890281070E-03 -1.47928342520E-03  6.09586646764E-04 -1.77119851102E-04
  2.1880960E+04  3.37731070359E-02 -1.32886385753E-02  6.35538939465E-03 -3.13678797272E-03  1.29301831051E-03 -3.75754109585E-04
  1.1150683E+04  6.66157649977E-02 -2.69011647345E-02  1.29237578072E-02 -6.38605346195E-03  2.63256580755E-03 -7.64940020132E-04
  5.7779379E+03  1.21446047901E-01 -5.13357591310E-02  2.48691549645E-02 -1.23126891742E-02  5.07932535441E-03 -1.47627452589E-03
  3.0461933E+03  1.94653422437E-01 -8.90779741420E-02  4.37794918456E-02 -2.17535720693E-02  8.97858102161E-03 -2.60924811873E-03
  1.6371339E+03  2.53704424216E-01 -1.31727334320E-01  6.63535999956E-02 -3.31651590805E-02  1.37141303304E-02 -3.98775053262E-03
  8.9861614E+02  2.37000386394E-01 -1.42487346966E-01  7.40792439328E-02 -3.73309287246E-02  1.54514785435E-02 -4.49091897587E-03
  5.0453219E+02  1.31513689581E-01 -5.31422336116E-02  2.51160383858E-02 -1.23236263920E-02  5.09784170257E-03 -1.48683801104E-03
  2.9161892E+02  3.24844729888E-02  1.63324173034E-01 -1.21719571181E-01  6.66930385583E-02 -2.82358792267E-02  8.25075126916E-03
  1.7695324E+02  3.39028583052E-03  3.51831682191E-01 -3.08259445803E-01  1.77485402499E-01 -7.56742410159E-02  2.20695494949E-02
  1.1350002E+02 -3.30888247268E-04  3.44797536824E-01 -3.71822578822E-01  2.23953454424E-01 -9.70363028689E-02  2.84774255394E-02
  7.3662056E+01  4.72500566627E-04  2.28848987990E-01 -2.53727888962E-01  1.64156267938E-01 -7.21690550708E-02  2.10709129067E-02
  4.5394705E+01 -4.24023546336E-04  6.72405484582E-02  2.18813501497E-01 -1.90518219419E-01  8.86134835018E-02 -2.60709425934E-02
  2.8576605E+01  2.77286234861E-04  3.31779452679E-03  6.29822026193E-01 -7.13589170439E-01  3.63664504669E-01 -1.09367892281E-01
  1.7570727E+01 -2.14974155728E-04  1.58582277119E-03  4.43519057933E-01 -5.91110293541E-01  2.98074147017E-01 -8.88040831054E-02
  1.0510149E+01  1.55251608940E-04 -8.07257227995E-04  1.08272638278E-01  2.04745467037E-01 -1.40057410624E-01  4.22467546422E-02
  6.2968071E+00 -1.08102532770E-04  3.01737668703E-04  6.68462073139E-03  7.70566411840E-01 -6.16212387480E-01  2.01085410276E-01
  3.7233958E+00  7.95377200621E-05 -2.58582166581E-04  2.07028585617E-03  4.84591894281E-01 -5.95744217785E-01  2.08344955193E-01
  2.1230480E+00 -5.84180814334E-05  1.48634693565E-04 -5.14057004952E-04  8.42927333859E-02  9.34269001051E-02 -4.44862479419E-02
  1.2298564E+00  4.49946390707E-05 -8.89862626893E-05  2.57055377516E-04  2.03304447513E-03  6.49881213575E-01 -2.94638157763E-01
  7.0283439E-01 -3.32824989055E-05  5.89120912735E-05 -2.24955072913E-04  1.47223324952E-03  5.29646515054E-01 -3.28626679247E-01
  3.9525820E-01  2.29123182719E-05 -3.14590688793E-05  9.71868501380E-05 -1.39012006677E-04  1.52720514589E-01 -1.62187585574E-01
  2.1736198E-01 -1.40971295057E-05  1.57072076945E-05 -5.14642420262E-05  1.32138816765E-04  1.33748802547E-02  1.60243919670E-01
  1.0873344E-01  8.03557198230E-06 -6.92954478537E-06  2.29841947747E-05 -6.16014286112E-05  3.69817694393E-03  4.98182052858E-01
  5.4219252E-02 -4.46254928114E-06  2.79447431287E-06 -7.55350567269E-06 -4.69265352664E-06  2.17724766245E-03  4.81866869275E-01
  2.6753492E-02  1.60829495077E-06 -8.13387702012E-07  2.70040213645E-06 -8.93082240937E-06  6.03939461393E-04  1.21218633994E-01
  Re  s 
  2.1736198E-01  9.99986978618E-01
  Re  s 
  5.4219252E-02  9.99996751863E-01
  Re  s 
  2.6753492E-02  9.99998397262E-01
  Re  p 
  5.4160834E+07  2.23639626020E-08 -1.13800063828E-08  5.55394627814E-09 -2.08632596923E-09
  1.5165049E+07  1.53876625262E-07 -7.83378394216E-08  3.81930234623E-08 -1.43225224062E-08
  4.6670369E+06  7.19584071248E-07 -3.66736803070E-07  1.79040900655E-07 -6.72575093608E-08
  1.5567308E+06  2.98287017131E-06 -1.52208570718E-06  7.42454362196E-07 -2.78443863602E-07
  5.5339332E+05  1.17848579013E-05 -6.02447457259E-06  2.94316295588E-06 -1.10576355054E-06
  2.0765636E+05  4.53757443408E-05 -2.32388334495E-05  1.13455882426E-05 -4.25603569080E-06
  8.1779948E+04  1.70995558609E-04 -8.77769679426E-05  4.29187625636E-05 -1.61259068728E-05
  3.3712742E+04  6.24446238589E-04 -3.21368054940E-04  1.57087555297E-04 -5.89504935078E-05
  1.4542625E+04  2.17231117403E-03 -1.12226997767E-03  5.49499963365E-04 -2.06500983458E-04
  6.5663390E+03  7.04891399718E-03 -3.66392504126E-03  1.79523290706E-03 -6.74095795821E-04
  3.0993698E+03  2.09245303692E-02 -1.09980311147E-02  5.40672141517E-03 -2.03348321444E-03
  1.5241592E+03  5.54954642023E-02 -2.97545863255E-02  1.46867542443E-02 -5.52335246266E-03
  7.7730718E+02  1.26568860090E-01 -7.01005832147E-02  3.48994960425E-02 -1.31619827478E-02
  4.0861284E+02  2.33461995834E-01 -1.35208419316E-01  6.80197107166E-02 -2.56794909073E-02
  2.2029035E+02  3.15493737343E-01 -1.89607055605E-01  9.65263724755E-02 -3.66020714465E-02
  1.2100149E+02  2.62816833147E-01 -1.16331812223E-01  5.12529849887E-02 -1.86153734355E-02
  6.7294151E+01  1.05914489292E-01  1.67633848818E-01 -1.30859145647E-01  5.34788479751E-02
  3.8146585E+01  1.25816623913E-02  4.60283419891E-01 -3.67338527986E-01  1.53918727166E-01
  2.1973906E+01 -9.38512496008E-04  3.81492397343E-01 -2.81781139736E-01  1.11097628669E-01
  1.2614658E+01 -2.08446077577E-03  1.22745929612E-01  2.10688663606E-01 -1.25305840235E-01
  7.0848573E+00 -1.48361392052E-03  1.28894124269E-02  5.63195243526E-01 -3.33647388277E-01
  3.9633385E+00 -1.50632831134E-03  1.04610333498E-03  3.84543296762E-01 -2.49221474634E-01
  2.1436701E+00 -1.18477141872E-03  6.57987954329E-05  8.38618368099E-02  1.84200121642E-01
  1.1527070E+00 -1.12885947998E-03  5.03943679930E-05  3.30294326756E-03  5.08071324704E-01
  6.0997280E-01 -8.75265723796E-04  1.07005082624E-05  1.00332893537E-03  3.98319793720E-01
  3.1665140E-01 -9.49618641123E-04  4.28894855329E-05 -4.52760062627E-04  1.29687724422E-01
  1.4838013E-01 -6.73750274951E-04  2.47705347235E-05  2.74986308398E-05  1.54399539254E-02
  7.1046076E-02 -8.54385300946E-04  3.53823395704E-05 -2.19561335855E-04  8.58058189826E-04
  3.4179114E-02 -8.37508021411E-05  3.92941863531E-06  2.07428700131E-05  2.86574477094E-04
  1.6355002E-02 -1.05984902437E-03  4.29761077219E-05 -1.82543621790E-04 -2.90080896261E-05
  Re  p 
  1.4838013E-01  9.99985185171E-01
  Re  p 
  7.1046076E-02  9.99992906399E-01
  Re  p 
  3.4179114E-02  9.99996587362E-01
  Re  p 
  1.6355002E-02  9.99998367018E-01
  Re  d 
  5.6798749E+04  3.24839497198E-06 -1.63352053679E-06  4.15549165020E-07
  1.3709774E+04  4.53894000423E-05 -2.27410425068E-05  5.79067426848E-06
  4.5917735E+03  3.69347967273E-04 -1.85939993080E-04  4.73320357872E-05
  1.8382681E+03  2.14916360088E-03 -1.08278774066E-03  2.75884274367E-04
  8.2623507E+02  9.65754579033E-03 -4.90373717731E-03  1.25018121029E-03
  4.0204410E+02  3.41428756155E-02 -1.74650745063E-02  4.46039567389E-03
  2.0660807E+02  9.53691984352E-02 -4.96817270963E-02  1.27191428766E-02
  1.1058796E+02  2.03778928304E-01 -1.07114144588E-01  2.74731243109E-02
  6.0695894E+01  3.15332066371E-01 -1.62106247251E-01  4.14179773818E-02
  3.3977162E+01  3.19351269196E-01 -1.30896247445E-01  3.16571630990E-02
  1.9115601E+01  1.77003254399E-01  8.41989680242E-02 -3.18212872431E-02
  1.0628427E+01  4.41486148008E-02  3.50128275599E-01 -1.08356750186E-01
  5.8247645E+00  3.71947444960E-03  4.20531944183E-01 -1.28862729975E-01
  3.1281558E+00  4.03293379578E-04  2.40117853382E-01 -2.52868713748E-02
  1.6095628E+00 -6.65459564789E-05  5.49048488947E-02  1.86609654646E-01
  7.9562027E-01 -3.06209504029E-05  3.34879534267E-03  3.52309999161E-01
  3.7717488E-01 -5.02764857776E-05  6.06857586381E-04  3.68894147524E-01
  1.6992564E-01 -1.66891851457E-05  7.17288024965E-06  2.53089915901E-01
  7.1382388E-02 -1.85978845638E-05  6.17515005046E-05  8.89158044899E-02
  Re  d 
  7.9562027E-01  9.99888805657E-01
  Re  d 
  3.7717488E-01  9.99947281462E-01
  Re  d 
  1.6992564E-01  9.99976247945E-01
  Re  d 
  7.1382388E-02  9.99990021997E-01
  Re  f 
  1.2664595E+03  9.35241812287E-05
  4.3075057E+02  1.04057905909E-03
  1.8381750E+02  6.39744397575E-03
  8.8247740E+01  2.63343115812E-02
  4.5004851E+01  7.63574691219E-02
  2.3800741E+01  1.67490180579E-01
  1.2752196E+01  2.66573008870E-01
  6.7179368E+00  3.20421858752E-01
  3.3992518E+00  2.87815320684E-01
  1.5912492E+00  1.70132366920E-01
  6.5110611E-01  4.52700834217E-02
  2.5079181E-01  1.74269792826E-03
  Re  f 
  1.5912492E+00  9.99714156135E-01
  Re  f 
  6.5110611E-01  9.99883004609E-01
  Re  f 
  2.5079181E-01  9.99954930356E-01
end
basis "Os_dyall_relpvqz(fi/sf/sc)" SPHERICAL
  Os  s 
  6.2722200E+07  3.83581925470E-06 -1.46552556774E-06  6.98003012412E-07 -3.45169270903E-07  1.44081177667E-07 -4.21562400063E-08
  1.6691888E+07  2.52613071327E-05 -9.65251253148E-06  4.59741024586E-06 -2.27350420957E-06  9.49007313570E-07 -2.77668674845E-07
  5.7202814E+06  8.19487736763E-05 -3.13288128387E-05  1.49228330661E-05 -7.37963175360E-06  3.08044092389E-06 -9.01295072868E-07
  2.1834202E+06  2.39946867992E-04 -9.17909362163E-05  4.37276109791E-05 -2.16252595561E-05  9.02690319295E-06 -2.64118193730E-06
  9.1279212E+05  6.12462255795E-04 -2.34542062255E-04  1.11750929877E-04 -5.52663081641E-05  2.30699612669E-05 -6.74994548972E-06
  4.0364118E+05  1.50033441770E-03 -5.75517633027E-04  2.74293625896E-04 -1.35666987347E-04  5.66319620529E-05 -1.65700941870E-05
  1.8701900E+05  3.46021878252E-03 -1.33099325963E-03  6.34652656301E-04 -3.13921178124E-04  1.31047071270E-04 -3.83425893929E-05
  8.9455107E+04  7.76693934798E-03 -3.00195813519E-03  1.43261950642E-03 -7.08813414121E-04  2.95903596245E-04 -8.65806564878E-05
  4.3872107E+04  1.67916996711E-02 -6.54410177839E-03  3.12754394362E-03 -1.54783407929E-03  6.46233348902E-04 -1.89081959108E-04
  2.1918233E+04  3.50799480651E-02 -1.38763237423E-02  6.64931363442E-03 -3.29317252510E-03  1.37509529522E-03 -4.02366225533E-04
  1.1126912E+04  6.93888391302E-02 -2.81830679326E-02  1.35686460493E-02 -6.72711943009E-03  2.80982444997E-03 -8.22177271411E-04
  5.7370167E+03  1.26412950578E-01 -5.38288759658E-02  2.61389603548E-02 -1.29879980426E-02  5.42736289490E-03 -1.58830312899E-03
  3.0101895E+03  2.01026321200E-01 -9.28633211084E-02  4.57791732865E-02 -2.28273975914E-02  9.54781996683E-03 -2.79430798161E-03
  1.6122153E+03  2.56783457295E-01 -1.34975189858E-01  6.82383721327E-02 -3.42470983288E-02  1.43440783346E-02 -4.19945356921E-03
  8.8402523E+02  2.31158326962E-01 -1.39174644538E-01  7.25650366623E-02 -3.66825583355E-02  1.53950403998E-02 -4.50728003579E-03
  4.9770697E+02  1.20962435833E-01 -3.92347301018E-02  1.66656661693E-02 -7.98075515242E-03  3.29521408027E-03 -9.64885804771E-04
  2.9301159E+02  2.76910917348E-02  1.72468185266E-01 -1.29155095431E-01  7.13030434552E-02 -3.05202925910E-02  8.97144388311E-03
  1.8041573E+02  3.92616866257E-03  3.48143154294E-01 -3.08821094016E-01  1.78493226197E-01 -7.73789611054E-02  2.27571391282E-02
  1.1535774E+02 -9.10834675171E-04  3.53377217173E-01 -3.80783791870E-01  2.31484279860E-01 -1.01303861194E-01  2.98923399471E-02
  7.4326545E+01  9.30259806903E-04  2.12422735618E-01 -2.40952598024E-01  1.56053470308E-01 -7.03599677703E-02  2.07779218481E-02
  4.8177892E+01 -7.45663591976E-04  6.13789970906E-02  2.03718788044E-01 -1.73724813803E-01  8.26758951538E-02 -2.46112976516E-02
  3.0325505E+01  4.44374675862E-04  8.28397002813E-03  6.20484529372E-01 -7.00867830236E-01  3.60036694370E-01 -1.08931582372E-01
  1.8603500E+01 -3.03266601123E-04 -1.72781054599E-04  4.68256530933E-01 -6.21993025893E-01  3.21916688864E-01 -9.70917681892E-02
  1.0987773E+01  2.08755682479E-04  1.63145978462E-04  1.15644288547E-01  1.87096956415E-01 -1.36901448647E-01  4.21426657131E-02
  6.5657297E+00 -1.51674365603E-04 -2.86514099235E-04  6.01702414179E-03  7.85393169666E-01 -6.30280152015E-01  2.07280012313E-01
  3.8995318E+00  1.21300149408E-04  1.00377646285E-04  2.49919259916E-03  4.66480349318E-01 -6.20794826259E-01  2.22120485975E-01
  2.4498452E+00 -8.03460649936E-05 -6.38391118326E-05 -6.84431253008E-04  9.09878377277E-02  9.60166658219E-02 -4.78630777875E-02
  1.3087804E+00  4.61459510061E-05  3.43052218326E-05  2.22410762415E-04  1.28768732195E-02  6.81195721128E-01 -3.16174373103E-01
  7.4086736E-01 -3.44264366863E-05 -1.27577934968E-05 -2.06877130300E-04 -2.80691321211E-03  5.26400259460E-01 -3.31333528471E-01
  4.1717813E-01  2.24257167480E-05  6.14606051514E-06  8.03248346088E-05  1.83661607709E-03  1.47605299447E-01 -1.42765348268E-01
  2.1545647E-01 -1.35102474243E-05 -9.93084329008E-07 -4.09744475085E-05 -7.19639417128E-04  1.29390250301E-02  1.93117380070E-01
  1.0893299E-01  8.60174291265E-06 -7.87206161222E-07  2.06443196513E-05  3.13167884975E-04  2.85896665612E-03  5.05018199158E-01
  5.4644572E-02 -4.89019809942E-06  8.98254369560E-07 -6.46133326859E-06 -1.52146246110E-04  2.22917950531E-03  4.52229725398E-01
  2.7088194E-02  1.76326599892E-06 -5.53414003176E-07  2.33037579561E-06  2.58987096814E-05  4.85168178832E-04  1.04942665998E-01
  Os  s 
  2.1545647E-01  9.99987092768E-01
  Os  s 
  5.4644572E-02  9.99996726383E-01
  Os  s 
  2.7088194E-02  9.99998377211E-01
  Os  p 
  5.4702433E+07  2.30999200843E-08 -1.17848775691E-08  5.77686084948E-09 -2.20754082002E-09
  1.5522873E+07  1.58231710225E-07 -8.07596731022E-08  3.95422043127E-08 -1.50851409204E-08
  4.8207137E+06  7.33325872453E-07 -3.74705770291E-07  1.83734789250E-07 -7.02122263867E-08
  1.6193828E+06  3.00835431049E-06 -1.53900122112E-06  7.53920037836E-07 -2.87639800670E-07
  5.7883979E+05  1.17628566043E-05 -6.02890476394E-06  2.95829006564E-06 -1.13063860558E-06
  2.1811521E+05  4.48505836773E-05 -2.30295204444E-05  1.12917395214E-05 -4.30918317757E-06
  8.6153341E+04  1.67617314552E-04 -8.62726117758E-05  4.23693956618E-05 -1.61945954695E-05
  3.5582204E+04  6.08130612871E-04 -3.13805118090E-04  1.54054550510E-04 -5.88134462903E-05
  1.5362997E+04  2.10676552899E-03 -1.09132979952E-03  5.36709848782E-04 -2.05182018782E-04
  6.9371626E+03  6.82372204081E-03 -3.55598614946E-03  1.74987534605E-03 -6.68444216078E-04
  3.2728678E+03  2.02576291996E-02 -1.06727601602E-02  5.26967140371E-03 -2.01620792172E-03
  1.6084259E+03  5.38257827071E-02 -2.89142147857E-02  1.43318337792E-02 -5.48319421703E-03
  8.1975505E+02  1.23295766699E-01 -6.83790175196E-02  3.41844293894E-02 -1.31151040843E-02
  4.3071237E+02  2.29155998012E-01 -1.32799294100E-01  6.70692121367E-02 -2.57591676766E-02
  2.3213252E+02  3.13701811782E-01 -1.88877093599E-01  9.65827312417E-02 -3.72595772148E-02
  1.2753106E+02  2.66833642078E-01 -1.22331899735E-01  5.50963424378E-02 -2.04623730454E-02
  7.0997917E+01  1.11234638751E-01  1.54806548314E-01 -1.22877457235E-01  5.12184309111E-02
  4.0276118E+01  1.42045672932E-02  4.53644372760E-01 -3.62857714540E-01  1.54767767994E-01
  2.3241097E+01 -9.31643889624E-04  3.90135797779E-01 -2.94874019140E-01  1.19443299038E-01
  1.3373491E+01 -2.12235722147E-03  1.31299813855E-01  1.89806031894E-01 -1.17667512599E-01
  7.5326897E+00 -1.54017637108E-03  1.45494646586E-02  5.59321974354E-01 -3.37426724725E-01
  4.2412212E+00 -1.53372507842E-03  1.09128706182E-03  3.96730325332E-01 -2.66772883686E-01
  2.3304019E+00 -1.20429635865E-03  7.87361951876E-05  9.20810351422E-02  1.66958864554E-01
  1.2640445E+00 -1.17262805507E-03  4.09509639063E-05  4.93380386868E-03  5.05357289590E-01
  6.7308110E-01 -9.05000332967E-04  1.02599871329E-05  8.20191433490E-04  4.09909788367E-01
  3.5016338E-01 -9.98248600233E-04  4.14043799907E-05 -3.19412161710E-04  1.39696282880E-01
  1.6250069E-01 -7.25931530352E-04  2.68098469456E-05 -4.20502039292E-05  1.69795817689E-02
  7.7109863E-02 -8.77500037003E-04  3.50627090043E-05 -1.90248021071E-04  6.87807211844E-04
  3.6580168E-02 -1.33284479934E-04  6.03622415810E-06 -3.52178476820E-06  3.51929877824E-04
  1.7236010E-02 -1.08062205920E-03  4.27475090034E-05 -1.82619901146E-04 -4.59276985666E-05
  Os  p 
  1.6250069E-01  9.99983775360E-01
  Os  p 
  7.7109863E-02  9.99992300967E-01
  Os  p 
  3.6580168E-02  9.99996347628E-01
  Os  p 
  1.7236010E-02  9.99998279053E-01
  Os  d 
  6.1024283E+04  3.02502329155E-06 -1.53243192528E-06  4.09763632501E-07
  1.4692679E+04  4.22730747790E-05 -2.13416425678E-05  5.71482324181E-06
  4.9051336E+03  3.45568475279E-04 -1.75264399209E-04  4.69024565473E-05
  1.9579044E+03  2.02223729117E-03 -1.02649859613E-03  2.75020154429E-04
  8.7787916E+02  9.14739219616E-03 -4.67862880762E-03  1.25403615308E-03
  4.2643111E+02  3.25982170804E-02 -1.67960995331E-02  4.51059711267E-03
  2.1887206E+02  9.19007537460E-02 -4.82049814053E-02  1.29754623194E-02
  1.1705532E+02  1.98800850437E-01 -1.05322166147E-01  2.84123222063E-02
  6.4219292E+01  3.12183028254E-01 -1.62050261795E-01  4.35472323381E-02
  3.5937939E+01  3.22523523611E-01 -1.36016404465E-01  3.47673579636E-02
  2.0225084E+01  1.83328105141E-01  7.48071373092E-02 -3.09462672528E-02
  1.1261071E+01  4.72814715251E-02  3.45023831589E-01 -1.13006049701E-01
  6.1854487E+00  4.12585409408E-03  4.24061332596E-01 -1.37831850651E-01
  3.3371404E+00  4.10946533737E-04  2.45166209242E-01 -2.91241848128E-02
  1.7304695E+00 -7.70298803300E-05  5.68311042191E-02  1.94251819188E-01
  8.6341140E-01 -3.54812938391E-05  3.63626775470E-03  3.60640085152E-01
  4.1297429E-01 -5.48014588313E-05  6.44580885040E-04  3.66644653915E-01
  1.8754267E-01 -1.84808186903E-05  4.03522731454E-05  2.42558736312E-01
  7.9256192E-02 -2.03202281518E-05  6.49567483505E-05  8.09094934501E-02
  Os  d 
  8.6341140E-01  9.99879333270E-01
  Os  d 
  4.1297429E-01  9.99942278200E-01
  Os  d 
  1.8754267E-01  9.99973785565E-01
  Os  d 
  7.9256192E-02  9.99988921398E-01
  Os  f 
  1.3510434E+03  8.84815883439E-05
  4.5876705E+02  9.92562131327E-04
  1.9570155E+02  6.14442052410E-03
  9.3951720E+01  2.55655630823E-02
  4.7970864E+01  7.48278366158E-02
  2.5408059E+01  1.65718198929E-01
  1.3653935E+01  2.66228932167E-01
  7.2290199E+00  3.21691836141E-01
  3.6887249E+00  2.87876205687E-01
  1.7495829E+00  1.66574426000E-01
  7.2991987E-01  4.28911781593E-02
  2.8417474E-01  1.75789963867E-03
  Os  f 
  1.7495829E+00  9.99685729277E-01
  Os  f 
  7.2991987E-01  9.99868845988E-01
  Os  f 
  2.8417474E-01  9.99948931656E-01
end
basis "Ir_dyall_relpvqz(fi/sf/sc)" SPHERICAL
  Ir  s 
  6.2632457E+07  4.05763609114E-06 -1.55741163138E-06  7.43060949181E-07 -3.68690620811E-07 -1.55770042404E-07 -4.57744018416E-08
  1.6668377E+07  2.66921129755E-05 -1.02459735781E-05  4.88875179904E-06 -2.42556406722E-06 -1.02479349339E-06 -3.01146885377E-07
  5.7097097E+06  8.65380645481E-05 -3.32365945527E-05  1.58590731091E-05 -7.86927665912E-06 -3.32474872724E-06 -9.77005261543E-07
  2.1773440E+06  2.53285525755E-04 -9.73400245988E-05  4.64547967846E-05 -2.30489936763E-05 -9.73825641357E-06 -2.86171122853E-06
  9.0923239E+05  6.46108530076E-04 -2.48591037550E-04  1.18649053310E-04 -5.88802320466E-05 -2.48771139675E-05 -7.31033078614E-06
  4.0171747E+05  1.57981340970E-03 -6.08834305079E-04  2.90708845835E-04 -1.44247911589E-04 -6.09469185900E-05 -1.79102181550E-05
  1.8624645E+05  3.62111707384E-03 -1.39963580568E-03  6.68530068830E-04 -3.31842565142E-04 -1.40210674274E-04 -4.12019994300E-05
  8.9430094E+04  8.02764710396E-03 -3.11761583052E-03  1.49066926787E-03 -7.39858613472E-04 -3.12626661321E-04 -9.18721392636E-05
  4.4243040E+04  1.70041259807E-02 -6.65996408899E-03  3.18836917043E-03 -1.58363328870E-03 -6.69207134675E-04 -1.96654264239E-04
  2.2422615E+04  3.45717918396E-02 -1.37376826590E-02  6.59575562781E-03 -3.27664897475E-03 -1.38487852379E-03 -4.06996115430E-04
  1.1615563E+04  6.62344573023E-02 -2.70007548316E-02  1.30183641791E-02 -6.47808728302E-03 -2.73861768345E-03 -8.04817538897E-04
  6.1392268E+03  1.17367628428E-01 -4.99813738645E-02  2.43028499605E-02 -1.21086511549E-02 -5.12151389837E-03 -1.50534335916E-03
  3.3077591E+03  1.84451933276E-01 -8.45960155267E-02  4.16784398101E-02 -2.08556668503E-02 -8.82787455958E-03 -2.59476007805E-03
  1.8165542E+03  2.40674740697E-01 -1.23874779523E-01  6.24787055157E-02 -3.13947630624E-02 -1.33074288656E-02 -3.91294680447E-03
  1.0177194E+03  2.33351765203E-01 -1.37741169993E-01  7.14371891541E-02 -3.62597996685E-02 -1.53952701840E-02 -4.52665528844E-03
  5.8277457E+02  1.43245028764E-01 -6.89652487857E-02  3.46036869951E-02 -1.72011180045E-02 -7.28737903533E-03 -2.14463271717E-03
  3.4258918E+02  4.41331695872E-02  1.14949744628E-01 -8.64950806005E-02  4.72840105748E-02  2.04818101722E-02  6.04806470454E-03
  2.0843540E+02  5.58971159565E-03  3.28241193502E-01 -2.76212837887E-01  1.59284823625E-01  6.96821479559E-02  2.05797075450E-02
  1.2897151E+02  1.59382681784E-04  3.96882172657E-01 -4.20105924397E-01  2.52300989058E-01  1.11687739689E-01  3.30864696715E-02
  7.9127728E+01  1.59415362425E-04  2.56437022708E-01 -2.76742507071E-01  1.81836313067E-01  8.26246853055E-02  2.45302509119E-02
  4.6130893E+01 -2.27551402646E-04  6.40213050967E-02  2.88474400817E-01 -2.66381816135E-01 -1.29958548089E-01 -3.90154362753E-02
  2.8962076E+01  1.95847322716E-04 -1.87974980230E-03  6.24644251692E-01 -7.27572223677E-01 -3.84277321771E-01 -1.17206975268E-01
  1.8419384E+01 -2.21194554523E-04  3.95889526111E-03  3.63824951243E-01 -5.12762678725E-01 -2.63165350013E-01 -7.91658789279E-02
  1.2319509E+01  1.69921174056E-04 -2.17304408345E-03  1.15266050906E-01  1.28892865262E-01  8.73718250530E-02  2.59380004609E-02
  7.2638879E+00 -9.39105101558E-05  7.64878000549E-04  1.85627943833E-02  7.61598012076E-01  6.18862525359E-01  2.04565343729E-01
  4.2595464E+00  6.57202966233E-05 -4.78835632634E-04 -6.05740765299E-04  5.61668193492E-01  6.80345458209E-01  2.42426193144E-01
  2.3131504E+00 -5.24348724882E-05  2.81334091441E-04  9.32271003231E-04  9.83460190001E-02 -8.50259797173E-02 -4.79488081105E-02
  1.3863194E+00  4.64733903842E-05 -1.93802026193E-04 -6.61231670205E-04 -3.54699813460E-03 -6.65658618878E-01 -3.09881002913E-01
  8.0618429E-01 -3.44435720328E-05  1.18385046834E-04  2.74718993415E-04  3.63068447045E-03 -5.14025914871E-01 -3.23194403123E-01
  4.6660701E-01  2.07811096080E-05 -5.51227331539E-05 -1.46308984814E-04 -8.43138865965E-04 -1.69089862995E-01 -1.43583191479E-01
  2.2410950E-01 -1.20652729167E-05  2.36248466643E-05  4.91399037224E-05  3.78032755052E-04 -1.66939997538E-02  1.89676210778E-01
  1.1629622E-01  8.75212517970E-06 -1.30784412360E-05 -2.07741238627E-05 -1.97554804007E-04 -1.32444981452E-03  4.86304003787E-01
  5.8734264E-02 -5.09120985319E-06  5.55628554043E-06  8.42439408158E-06  4.51759952886E-05 -2.67561645972E-03  4.54987566447E-01
  2.9002058E-02  1.85435542229E-06 -1.57543475305E-06 -4.29951773500E-07 -2.12471862327E-05 -4.34690061894E-04  1.14765534315E-01
  Ir  s 
  2.2410950E-01  9.99986574407E-01
  Ir  s 
  5.8734264E-02  9.99996481382E-01
  Ir  s 
  2.9002058E-02  9.99998262556E-01
  Ir  p 
  5.6087813E+07  2.33104275755E-08 -1.19230459399E-08  5.87055243140E-09 -2.27909669558E-09
  1.6153892E+07  1.58930835550E-07 -8.13131414890E-08  3.99818597173E-08 -1.54933217520E-08
  5.0677109E+06  7.29090277934E-07 -3.73498344913E-07  1.83952829439E-07 -7.14145658638E-08
  1.7164343E+06  2.95329602573E-06 -1.51447854824E-06  7.45048537761E-07 -2.88736372517E-07
  6.1777787E+05  1.13966263494E-05 -5.85621683986E-06  2.88628247223E-06 -1.12068437577E-06
  2.3405955E+05  4.29270283788E-05 -2.20956513387E-05  1.08798782199E-05 -4.21749178541E-06
  9.2800345E+04  1.58832835228E-04 -8.19640546562E-05  4.04317988381E-05 -1.57000534213E-05
  3.8418330E+04  5.71614544100E-04 -2.95695494630E-04  1.45784711628E-04 -5.65350275090E-05
  1.6614372E+04  1.96802573563E-03 -1.02205099466E-03  5.04856050813E-04 -1.96075737140E-04
  7.5084764E+03  6.35762804248E-03 -3.32051668821E-03  1.64092389967E-03 -6.36725797498E-04
  3.5413341E+03  1.89079435557E-02 -9.98057354033E-03  4.94893376873E-03 -1.92357036161E-03
  1.7382606E+03  5.05309405189E-02 -2.71706874841E-02  1.35210273492E-02 -5.25451803192E-03
  8.8452069E+02  1.16964851802E-01 -6.48704176094E-02  3.25560226441E-02 -1.26880929027E-02
  4.6403513E+02  2.20957105288E-01 -1.27898180857E-01  6.48146271681E-02 -2.52836891109E-02
  2.4974630E+02  3.10446110500E-01 -1.87203019432E-01  9.61487786232E-02 -3.76867874588E-02
  1.3710068E+02  2.74889900100E-01 -1.33584773361E-01  6.21999083410E-02 -2.36540724947E-02
  7.6326436E+01  1.21825758442E-01  1.30628050465E-01 -1.07119543326E-01  4.55264770837E-02
  4.3285764E+01  1.75268827590E-02  4.40457238345E-01 -3.51887848857E-01  1.52469493997E-01
  2.5017090E+01 -8.15559786759E-04  4.06039726497E-01 -3.17518087927E-01  1.32530711221E-01
  1.4417902E+01 -2.17047441383E-03  1.47534052445E-01  1.52718818145E-01 -1.01181668044E-01
  8.1248927E+00 -1.61010313996E-03  1.77174588290E-02  5.52798612961E-01 -3.38129331917E-01
  4.5904468E+00 -1.58321897645E-03  1.19170392853E-03  4.19097638422E-01 -2.90697875634E-01
  2.5389400E+00 -1.23880628687E-03  1.00864112568E-04  1.04509153092E-01  1.43697788530E-01
  1.3883217E+00 -1.21428316126E-03  3.22539166367E-05  6.28553921132E-03  5.01199519322E-01
  7.4380647E-01 -9.36066075026E-04  7.48989992503E-06  9.43957908143E-04  4.22514186526E-01
  3.8824218E-01 -1.05042431773E-03  4.09530197878E-05 -3.16882006369E-04  1.52424859355E-01
  1.7730746E-01 -7.90754826480E-04  2.85491321587E-05 -4.97437638959E-05  1.90904285835E-02
  8.3178046E-02 -8.97650921997E-04  3.49858385820E-05 -1.95308734352E-04  3.46138510803E-04
  3.8896432E-02 -1.85043984271E-04  7.94351455013E-06 -1.19410743814E-05  4.86113525926E-04
  1.8072660E-02 -1.10024816105E-03  4.24984585066E-05 -1.87231907592E-04 -8.25191642429E-05
  Ir  p 
  1.7730746E-01  9.99982297045E-01
  Ir  p 
  8.3178046E-02  9.99991695098E-01
  Ir  p 
  3.8896432E-02  9.99996116361E-01
  Ir  p 
  1.8072660E-02  9.99998195517E-01
  Ir  d 
  6.4611894E+04  2.90146027885E-06 -1.48074089211E-06  4.13023743949E-07
  1.5520560E+04  4.05432543191E-05 -2.06216548853E-05  5.76165621613E-06
  5.1673228E+03  3.32527471786E-04 -1.69905945319E-04  4.74340954391E-05
  2.0574349E+03  1.95393522413E-03 -9.99215610963E-04  2.79319473227E-04
  9.2067122E+02  8.87731562173E-03 -4.57398100965E-03  1.27905055825E-03
  4.4658166E+02  3.17927398359E-02 -1.65014756841E-02  4.62379216835E-03
  2.2900269E+02  9.01084413814E-02 -4.76051962040E-02  1.33697529572E-02
  1.2241111E+02  1.96212990155E-01 -1.04747061449E-01  2.94886687572E-02
  6.7154203E+01  3.10450643929E-01 -1.62546491241E-01  4.55831243285E-02
  3.7589144E+01  3.23880954362E-01 -1.38853036227E-01  3.70881578164E-02
  2.1169241E+01  1.86536813671E-01  7.03584610225E-02 -3.12205643947E-02
  1.1804259E+01  4.90069928979E-02  3.43005788104E-01 -1.17900101216E-01
  6.5005834E+00  4.35160208441E-03  4.25982766279E-01 -1.45563109381E-01
  3.5230532E+00  4.09256354220E-04  2.46542232753E-01 -3.01761643163E-02
  1.8394438E+00 -8.92902048237E-05  5.71734419945E-02  2.03672877083E-01
  9.2489216E-01 -4.01059739072E-05  3.77596323159E-03  3.68048277191E-01
  4.4573515E-01 -5.91205651900E-05  6.69296098708E-04  3.62994285384E-01
  2.0390409E-01 -2.00499647158E-05  7.05303164800E-05  2.32045770302E-01
  8.6705035E-02 -2.19456090924E-05  6.61035800220E-05  7.37446310058E-02
  Ir  d 
  9.2489216E-01  9.99870742890E-01
  Ir  d 
  4.4573515E-01  9.99937699675E-01
  Ir  d 
  2.0390409E-01  9.99971498702E-01
  Ir  d 
  8.6705035E-02  9.99987880205E-01
  Ir  f 
  1.4337109E+03  8.45984392600E-05
  4.8606544E+02  9.55808929204E-04
  2.0726353E+02  5.95232231955E-03
  9.9496776E+01  2.49879352776E-02
  5.0854312E+01  7.37198992823E-02
  2.6973264E+01  1.64515081871E-01
  1.4533542E+01  2.66218410625E-01
  7.7292504E+00  3.22847698929E-01
  3.9738344E+00  2.87478759556E-01
  1.9067697E+00  1.62938718027E-01
  8.0900327E-01  4.07403209093E-02
  3.1790680E-01  1.76428923441E-03
  Ir  f 
  1.9067697E+00  9.99657511080E-01
  Ir  f 
  8.0900327E-01  9.99854639623E-01
  Ir  f 
  3.1790680E-01  9.99942870347E-01
end
basis "Pt_dyall_relpvqz(fi/sf/sc)" SPHERICAL
  Pt  s 
  6.2378099E+07  4.30198563912E-06 -1.65884576623E-06  7.92824201389E-07  3.94682416411E-07  1.68640210952E-07 -4.96795952374E-08
  1.6610117E+07  2.82424095603E-05 -1.08913770805E-05  5.20556820389E-06  2.59136950291E-06  1.10723583663E-06 -3.26177580745E-07
  5.6965785E+06  9.11902930865E-05 -3.51862503624E-05  1.68185686510E-05  8.37288936574E-06  3.57760586118E-06 -1.05392785952E-06
  2.1756024E+06  2.65924978536E-04 -1.02675868242E-04  4.90846593142E-05  2.44355287505E-05  1.04408515561E-05 -3.07573564540E-06
  9.0970019E+05  6.76072403781E-04 -2.61340515857E-04  1.24954200678E-04  6.22124839384E-05  2.65830327369E-05 -7.83116355230E-06
  4.0237922E+05  1.64694412298E-03 -6.37721340981E-04  3.05018763574E-04  1.51860420315E-04  6.48886376749E-05 -1.91153058225E-05
  1.8686049E+05  3.75724976310E-03 -1.45919198397E-03  6.98233886797E-04  3.47715448349E-04  1.48584776515E-04 -4.37725920382E-05
  8.9836786E+04  8.31249581126E-03 -3.24401829391E-03  1.55375223709E-03  7.73808342752E-04  3.30665786211E-04 -9.74102007499E-05
  4.4412747E+04  1.76380995580E-02 -6.94272889419E-03  3.32999800058E-03  1.65932970076E-03  7.09164603262E-04 -2.08923968573E-04
  2.2441780E+04  3.59646212086E-02 -1.43675197713E-02  6.91043479136E-03  3.44498229018E-03  1.47246757563E-03 -4.33784907133E-04
  1.1580965E+04  6.89016368842E-02 -2.82537109805E-02  1.36516217667E-02  6.81521803183E-03  2.91399181641E-03 -8.58549916381E-04
  6.1019949E+03  1.21508159887E-01 -5.21106590896E-02  2.53922331623E-02  1.26980694709E-02  5.43151854967E-03 -1.60028230619E-03
  3.2811068E+03  1.89238327051E-01 -8.75381893565E-02  4.32540441214E-02  2.17157888583E-02  9.29769389102E-03 -2.74005636858E-03
  1.7987943E+03  2.43421156407E-01 -1.26551893553E-01  6.40144031452E-02  3.23015595877E-02  1.38466366010E-02 -4.08086019379E-03
  1.0055354E+03  2.30249305008E-01 -1.36336515997E-01  7.09322741703E-02  3.61012016005E-02  1.55081527153E-02 -4.57336078537E-03
  5.7394387E+02  1.35272607954E-01 -5.70364226350E-02  2.73034428250E-02  1.34855031538E-02  5.74826531149E-03 -1.69063975712E-03
  3.3555893E+02  3.83369274953E-02  1.41661429391E-01 -1.06603836213E-01 -5.88930183209E-02 -2.57942828292E-02  7.62465172590E-03
  2.0344160E+02  4.21009061784E-03  3.46942226270E-01 -3.00524782353E-01 -1.74656958236E-01 -7.74943345228E-02  2.29810997301E-02
  1.2691635E+02  6.84983314122E-05  3.77838997755E-01 -4.07241765398E-01 -2.47438807285E-01 -1.10848773986E-01  3.28861114595E-02
  7.9359993E+01  1.75356201818E-04  2.31844034482E-01 -2.47057790514E-01 -1.63176274610E-01 -7.55944867643E-02  2.26066594282E-02
  4.7803711E+01 -2.30659685623E-04  5.80916677786E-02  2.93958760777E-01  2.70182829211E-01  1.34481543000E-01 -4.07050970569E-02
  2.9780005E+01  1.67254618343E-04  1.40227442053E-03  6.44699645562E-01  7.65582149751E-01  4.07818445284E-01 -1.24428069258E-01
  1.8271802E+01 -1.71288444757E-04  1.68556684662E-03  3.84735076901E-01  5.07162331739E-01  2.65566858209E-01 -8.09486161544E-02
  1.1249627E+01  1.57404377281E-04 -1.06724947608E-03  8.18884312913E-02 -2.77691064975E-01 -1.91458578186E-01  5.97229406921E-02
  6.9501429E+00 -1.28783133029E-04  5.14977877683E-04  8.47812095791E-03 -7.33775397080E-01 -6.38402668852E-01  2.14787241391E-01
  4.2935494E+00  1.01941372528E-04 -3.87501887715E-04  4.82258843921E-04 -4.66235683454E-01 -6.06526506401E-01  2.20100099643E-01
  2.5603157E+00 -7.16326863041E-05  2.08815241065E-04  3.11089548693E-04 -9.78886706926E-02  7.89443283106E-02 -4.72398306541E-02
  1.5006061E+00  4.84395363790E-05 -1.05517565996E-04 -2.35452232051E-04 -3.60168353749E-03  6.72710095879E-01 -3.16249061017E-01
  8.5208386E-01 -3.12424503137E-05  5.87262225713E-05  2.89109710374E-05 -1.68213871598E-03  5.56110572500E-01 -3.47408092153E-01
  4.6593475E-01  1.85700996968E-05 -2.58762561926E-05 -3.73333559022E-05  1.47429156210E-04  1.52430228023E-01 -1.27503796630E-01
  2.2835045E-01 -1.15994878012E-05  1.24996579285E-05  9.48589831071E-06 -1.51640670501E-04  1.04619203360E-02  2.30807068988E-01
  1.1429192E-01  8.36002597764E-06 -7.13065547176E-06 -1.18725927843E-06  9.48704996440E-05  2.94853378288E-03  5.08421201011E-01
  5.7390836E-02 -5.17800291875E-06  3.31857380720E-06  1.55407769904E-06 -8.24857471933E-06  1.90026787795E-03  4.17944021432E-01
  2.8637438E-02  1.96316509959E-06 -1.06763651856E-06  8.42943870958E-07  1.21504505660E-05  4.44152672440E-04  9.17014242107E-02
  Pt  s 
  2.2835045E-01  9.99986320353E-01
  Pt  s 
  5.7390836E-02  9.99996561863E-01
  Pt  s 
  2.8637438E-02  9.99998284400E-01
  Pt  p 
  5.6847512E+07  2.40664767688E-08 -1.23395612171E-08  6.10208668908E-09 -2.40364409268E-09
  1.6555699E+07  1.63281374696E-07 -8.37477104827E-08  4.13547497812E-08 -1.62577826424E-08
  5.2359572E+06  7.42788961412E-07 -3.81438739747E-07  1.88679962493E-07 -7.43204926634E-08
  1.7839641E+06  2.98375125485E-06 -1.53393363704E-06  7.57845509754E-07 -2.97957065607E-07
  6.4482116E+05  1.14154648759E-05 -5.88026648629E-06  2.91075611468E-06 -1.14671246255E-06
  2.4514211E+05  4.26134603167E-05 -2.19902040493E-05  1.08743999827E-05 -4.27655480515E-06
  9.7475601E+04  1.56315817106E-04 -8.08686497903E-05  4.00658875413E-05 -1.57855128084E-05
  4.0432196E+04  5.59151859225E-04 -2.90004193043E-04  1.43595698788E-04 -5.64952943928E-05
  1.7491403E+04  1.92010849407E-03 -9.99722078015E-04  4.95988951267E-04 -1.95448570873E-04
  7.8991940E+03  6.19611726252E-03 -3.24443399426E-03  1.61024839197E-03 -6.33910843748E-04
  3.7228512E+03  1.84164848218E-02 -9.74391285950E-03  4.85255419338E-03 -1.91368469874E-03
  1.8261078E+03  4.92825637546E-02 -2.65533036441E-02  1.32696062732E-02 -5.23180895390E-03
  9.2840132E+02  1.14514415160E-01 -6.36057115175E-02  3.20551015016E-02 -1.26755408379E-02
  4.8658729E+02  2.17720062870E-01 -1.26150502119E-01  6.41856184792E-02 -2.54023229433E-02
  2.6166269E+02  3.08856254056E-01 -1.86483355430E-01  9.61849625420E-02 -3.82559570670E-02
  1.4358357E+02  2.77657856513E-01 -1.37481510291E-01  6.47996498634E-02 -2.50493519623E-02
  7.9905847E+01  1.25975471325E-01  1.22732210217E-01 -1.02502863165E-01  4.43117127913E-02
  4.5234049E+01  1.87636824291E-02  4.38090374209E-01 -3.51451021429E-01  1.54688664460E-01
  2.6101909E+01 -8.37245158172E-04  4.10958821743E-01 -3.24214114754E-01  1.37680171297E-01
  1.5033503E+01 -2.22813010946E-03  1.51129971447E-01  1.46847089732E-01 -1.00139905199E-01
  8.4691343E+00 -1.66353156536E-03  1.84097166133E-02  5.55702091872E-01 -3.47370410769E-01
  4.7845135E+00 -1.63290762925E-03  1.13706051277E-03  4.22545991684E-01 -2.98781190167E-01
  2.6400203E+00 -1.28711955693E-03  1.17778866909E-04  1.03272320530E-01  1.60312868411E-01
  1.4379999E+00 -1.25552155119E-03  8.28081647440E-06  5.83980312360E-03  5.16821236624E-01
  7.6620194E-01 -9.78749807144E-04  1.58799068142E-05  9.33049876789E-04  4.13854044265E-01
  3.9734304E-01 -1.08007976938E-03  3.57963585006E-05 -3.23805209657E-04  1.38897445001E-01
  1.8131035E-01 -8.16770371143E-04  3.09932456104E-05 -5.11746037341E-05  1.60949716749E-02
  8.4697942E-02 -9.21707278035E-04  3.38444256995E-05 -2.01203505969E-04  4.41475433887E-04
  3.9577815E-02 -1.91517233542E-04  8.62759555797E-06 -1.25882347740E-05  3.39702249426E-04
  1.8381289E-02 -1.12754148363E-03  4.23143100971E-05 -1.93158428756E-04 -4.56803441597E-05
  Pt  p 
  1.8131035E-01  9.99981897396E-01
  Pt  p 
  8.4697942E-02  9.99991543347E-01
  Pt  p 
  3.9577815E-02  9.99996048328E-01
  Pt  p 
  1.8381289E-02  9.99998164702E-01
  Pt  d 
  6.8782903E+04  2.75040134882E-06 -1.41384099872E-06  4.08941958347E-07
  1.6486230E+04  3.84138419781E-05 -1.96831385122E-05  5.70384698510E-06
  5.4733773E+03  3.16127348257E-04 -1.62705500226E-04  4.71062818497E-05
  2.1736928E+03  1.86579524978E-03 -9.61129930200E-04  2.78651983722E-04
  9.7062154E+02  8.52122057100E-03 -4.42209655237E-03  1.28242565041E-03
  4.7004055E+02  3.07139177257E-02 -1.60556443633E-02  4.66605546025E-03
  2.4073543E+02  8.76889299504E-02 -4.66471609982E-02  1.35872332182E-02
  1.2856850E+02  1.92706695608E-01 -1.03650560415E-01  3.02699367079E-02
  7.0502724E+01  3.08098041213E-01 -1.62740376237E-01  4.73456945487E-02
  3.9458468E+01  3.25799394253E-01 -1.42474117019E-01  3.95761084282E-02
  2.2233244E+01  1.90965071648E-01  6.38872492098E-02 -3.05709097003E-02
  1.2415785E+01  5.13947970606E-02  3.39513244338E-01 -1.21775430338E-01
  6.8533848E+00  4.68403491443E-03  4.28518616732E-01 -1.53021917522E-01
  3.7296816E+00  4.09858499874E-04  2.49502188095E-01 -3.24430883677E-02
  1.9597861E+00 -9.95086812042E-05  5.82456151580E-02  2.10798763129E-01
  9.9159256E-01 -4.52325454150E-05  3.99008689074E-03  3.73992733559E-01
  4.8067665E-01 -6.31063594042E-05  6.84319692764E-04  3.60216503537E-01
  2.2109331E-01 -2.17121833765E-05  9.35157679444E-05  2.24018715407E-01
  9.4413319E-02 -2.35227568757E-05  6.49422068738E-05  6.84695047590E-02
  Pt  d 
  9.9159256E-01  9.99861423487E-01
  Pt  d 
  4.8067665E-01  9.99932816473E-01
  Pt  d 
  2.2109331E-01  9.99969096155E-01
  Pt  d 
  9.4413319E-02  9.99986802751E-01
  Pt  f 
  1.5152867E+03  8.15094443881E-05
  5.1293440E+02  9.26750302729E-04
  2.1862924E+02  5.80185248507E-03
  1.0494393E+02  2.45421110881E-02
  5.3685680E+01  7.29058782531E-02
  2.8511821E+01  1.63716316579E-01
  1.5399494E+01  2.66427952039E-01
  8.2234678E+00  3.23880621880E-01
  4.2572104E+00  2.86755599148E-01
  2.0640420E+00  1.59354082703E-01
  8.8882536E-01  3.88152058191E-02
  3.5215489E-01  1.76617434829E-03
  Pt  f 
  2.0640420E+00  9.99629280274E-01
  Pt  f 
  8.8882536E-01  9.99840301265E-01
  Pt  f 
  3.5215489E-01  9.99936716443E-01
end
basis "Au_dyall_relpvqz(fi/sf/sc)" SPHERICAL
  Au  s 
  6.2091032E+07  4.56769375647E-06 -1.76952906205E-06  8.47144709488E-07 -4.23107084900E-07  1.82694178643E-07 -5.38797323627E-08
  1.6531020E+07  2.99533505747E-05 -1.16053377128E-05  5.55608405112E-06 -2.77497031821E-06  1.19821617222E-06 -3.53376524364E-07
  5.6666227E+06  9.66411928491E-05 -3.74643640458E-05  1.79376912079E-05 -8.95927728533E-06  3.86856248115E-06 -1.14090695785E-06
  2.1625688E+06  2.81466921332E-04 -1.09191676812E-04  5.22870271004E-05 -2.61157684736E-05  1.12768071444E-05 -3.32575735385E-06
  9.0428832E+05  7.12944807326E-04 -2.76898908012E-04  1.32618701841E-04 -6.62442810246E-05  2.86043271731E-05 -8.43592034610E-06
  4.0047108E+05  1.72904887200E-03 -6.72746324146E-04  3.22313049974E-04 -1.61003745900E-04  6.95238732106E-05 -2.05041607042E-05
  1.8613020E+05  3.93883725018E-03 -1.53711303773E-03  7.36796704193E-04 -3.68115890733E-04  1.58959857672E-04 -4.68802736986E-05
  8.9401027E+04  8.72187148105E-03 -3.42092252051E-03  1.64129685386E-03 -8.20144921620E-04  3.54182455284E-04 -1.04458292686E-04
  4.4116867E+04  1.84964777673E-02 -7.31823182281E-03  3.51650244223E-03 -1.75798615259E-03  7.59241018651E-04 -2.23919039333E-04
  2.2257868E+04  3.76270795499E-02 -1.51170088634E-02  7.28435305692E-03 -3.64375761585E-03  1.57398431210E-03 -4.64234286678E-04
  1.1466692E+04  7.19647265302E-02 -2.96941528057E-02  1.43776354936E-02 -7.20142444782E-03  3.11155478450E-03 -9.17738376608E-04
  6.0232727E+03  1.26718708439E-01 -5.47693699371E-02  2.67494038647E-02 -1.34245932078E-02  5.80372521109E-03 -1.71201082893E-03
  3.2250230E+03  1.95864754770E-01 -9.15007693753E-02  4.53491245492E-02 -2.28473560512E-02  9.88543808085E-03 -2.91629307410E-03
  1.7623507E+03  2.46301233421E-01 -1.29644343304E-01  6.58103943229E-02 -3.33419276598E-02  1.44486040566E-02 -4.26394153095E-03
  9.8638894E+02  2.22912287733E-01 -1.32013690227E-01  6.88451677520E-02 -3.51495941378E-02  1.52541905789E-02 -4.50192517399E-03
  5.6980004E+02  1.22722305350E-01 -4.47734405044E-02  2.00681683005E-02 -9.74330321592E-03  4.18740667539E-03 -1.23552775178E-03
  3.4743912E+02  3.42532320733E-02  1.29728888166E-01 -9.75923326334E-02  5.41410910980E-02 -2.40061510504E-02  7.11514718464E-03
  2.1859443E+02  5.93629795326E-03  3.15694817018E-01 -2.70435675286E-01  1.57035753272E-01 -7.02993143814E-02  2.08504079727E-02
  1.3725327E+02 -3.89964908917E-04  3.90779830305E-01 -4.11367515520E-01  2.50098159187E-01 -1.13340493850E-01  3.37100969752E-02
  8.4862064E+01  5.28801643222E-04  2.49311556242E-01 -2.79191508270E-01  1.82890739619E-01 -8.49523124379E-02  2.53432608781E-02
  5.2068308E+01 -4.82387460589E-04  6.46951144909E-02  2.29267665444E-01 -2.05848542122E-01  1.02094460380E-01 -3.07922241001E-02
  3.2962045E+01  3.46555231347E-04  5.07232377636E-03  6.10837544169E-01 -7.07346775238E-01  3.80538431684E-01 -1.16507813027E-01
  2.0564227E+01 -2.76782852025E-04  7.61091949414E-04  4.46846667746E-01 -5.96300743804E-01  3.18368275545E-01 -9.70186879568E-02
  1.2354184E+01  2.09519405054E-04 -3.33658891549E-04  1.18405003250E-01  1.64052755780E-01 -1.21602876459E-01  3.74410339802E-02
  7.5641217E+00 -1.57444180476E-04  2.70600243628E-05  5.87723745918E-03  7.66289572333E-01 -6.53538109314E-01  2.19833789351E-01
  4.5739925E+00  1.17455947150E-04 -1.03505750517E-04  3.12033381679E-03  5.05400724828E-01 -6.69139545960E-01  2.43562457630E-01
  2.7396490E+00 -7.80425644077E-05  5.30585764573E-05 -9.60325652434E-04  1.02307313692E-01  9.68170357233E-02 -5.60212808304E-02
  1.5458697E+00  4.92004352014E-05 -2.32977954342E-05  3.76371976248E-04  6.53388651384E-03  7.17630117402E-01 -3.45780023959E-01
  8.5989884E-01 -3.29807582562E-05  2.11426227350E-05 -2.81291375008E-04  4.99993272962E-04  5.40116662224E-01 -3.42413456805E-01
  4.5826151E-01  2.22846947581E-05 -1.20944606309E-05  1.17461216524E-04  3.09347988570E-04  1.23477416503E-01 -1.02858583028E-01
  2.4308744E-01 -1.51579474477E-05  8.36947805918E-06 -6.51680538658E-05 -6.67798140615E-05  6.32575029372E-03  2.31986767070E-01
  1.2152573E-01  9.79577054186E-06 -5.50376690453E-06  3.30046001679E-05  8.65702442027E-06  3.83097015841E-03  4.98859242415E-01
  6.0893308E-02 -5.77700292243E-06  3.03031878734E-06 -1.18456393123E-05 -3.53255204776E-05  1.60456038781E-03  4.22945816110E-01
  3.0185296E-02  2.13425503195E-06 -1.18194439113E-06  4.00003562760E-06 -2.36892067586E-06  5.23344762415E-04  9.70979759154E-02
  Au  s 
  2.4308744E-01  9.99985437536E-01
  Au  s 
  6.0893308E-02  9.99996352040E-01
  Au  s 
  3.0185296E-02  9.99998191672E-01
  Au  p 
  5.7553485E+07  2.49075468411E-08 -1.28017965490E-08  6.35761750004E-09 -2.53806262548E-09
  1.6912486E+07  1.68786142173E-07 -8.67799776017E-08  4.30354623342E-08 -1.71449684861E-08
  5.3778068E+06  7.64100953859E-07 -3.93336976122E-07  1.95392831949E-07 -7.80011637117E-08
  1.8396873E+06  3.04937555922E-06 -1.57147810243E-06  7.79723814642E-07 -3.10663364446E-07
  6.6701259E+05  1.15877954545E-05 -5.98375009762E-06  2.97461284165E-06 -1.18765783580E-06
  2.5415158E+05  4.29695294915E-05 -2.22290598997E-05  1.10397971325E-05 -4.39975421666E-06
  1.0122199E+05  1.56645700599E-04 -8.12454501891E-05  4.04253616588E-05 -1.61418268231E-05
  4.2034735E+04  5.57251747537E-04 -2.89762744108E-04  1.44096148172E-04 -5.74522473107E-05
  1.8196646E+04  1.90597136311E-03 -9.94954702791E-04  4.95755522409E-04 -1.97990623297E-04
  8.2174487E+03  6.13837903758E-03 -3.22252970136E-03  1.60630709833E-03 -6.40846126820E-04
  3.8703916E+03  1.82361289274E-02 -9.67289477300E-03  4.83797935582E-03 -1.93367397171E-03
  1.8971509E+03  4.87848406554E-02 -2.63466703313E-02  1.32230047855E-02 -5.28345996264E-03
  9.6423721E+02  1.13357539295E-01 -6.30920877213E-02  3.19316015534E-02 -1.27973558064E-02
  5.0542065E+02  2.15836560572E-01 -1.25260236901E-01  6.39999698045E-02 -2.56692221554E-02
  2.7186129E+02  3.07480660733E-01 -1.85916644760E-01  9.62915159120E-02 -3.88191100452E-02
  1.4924477E+02  2.78630804269E-01 -1.39203113261E-01  6.61043642695E-02 -2.59096233892E-02
  8.3140463E+01  1.28156787492E-01  1.17690530923E-01 -9.97398062937E-02  4.37841035924E-02
  4.7131483E+01  1.96726302007E-02  4.33924433177E-01 -3.49722020093E-01  1.56227745696E-01
  2.7229115E+01 -8.59313917014E-04  4.14510157680E-01 -3.29720733544E-01  1.42229379491E-01
  1.5675902E+01 -2.27092240066E-03  1.55384471997E-01  1.39822632757E-01 -9.82785172498E-02
  8.8298688E+00 -1.73178519221E-03  1.89396659779E-02  5.58495128090E-01 -3.56269495890E-01
  4.9910401E+00 -1.66994735246E-03  1.22211175097E-03  4.25479609762E-01 -3.06373850414E-01
  2.7579796E+00 -1.33157888911E-03  5.38962250541E-05  1.02833248850E-01  1.71981826983E-01
  1.5021522E+00 -1.29345667458E-03  3.29367596211E-05  5.87219333238E-03  5.25106115417E-01
  8.0099970E-01 -1.00713113608E-03 -3.33603460879E-06  8.76571862905E-04  4.06912914170E-01
  4.1615897E-01 -1.11606275982E-03  4.36220865366E-05 -2.91427884100E-04  1.33256315803E-01
  1.8857106E-01 -8.58060507499E-04  2.79385351469E-05 -7.27884919122E-05  1.51504312494E-02
  8.7555118E-02 -9.42694288562E-04  3.57844949119E-05 -1.97289548200E-04  2.74562805564E-04
  4.0633898E-02 -2.18164638756E-04  8.50476005632E-06 -2.11079398211E-05  3.48146323530E-04
  1.8755275E-02 -1.14937663388E-03  4.23525763109E-05 -1.96964491080E-04 -5.02219549302E-05
  Au  p 
  1.8857106E-01  9.99981172488E-01
  Au  p 
  8.7555118E-02  9.99991258077E-01
  Au  p 
  4.0633898E-02  9.99995942884E-01
  Au  p 
  1.8755275E-02  9.99998127361E-01
  Au  d 
  7.3085195E+04  2.61596793803E-06 -1.35428959594E-06  4.03970973618E-07
  1.7483465E+04  3.64884411536E-05 -1.88347271336E-05  5.62980524379E-06
  5.7912193E+03  3.00838437189E-04 -1.55950472789E-04  4.65660340159E-05
  2.2955079E+03  1.78058791826E-03 -9.23920243929E-04  2.76289183871E-04
  1.0234377E+03  8.16425452896E-03 -4.26692175725E-03  1.27626135782E-03
  4.9506436E+02  2.95875791635E-02 -1.55765825386E-02  4.66928632490E-03
  2.5336705E+02  8.50377107734E-02 -4.55430263169E-02  1.36826503728E-02
  1.3525691E+02  1.88619203699E-01 -1.02207701541E-01  3.07934986963E-02
  7.4166438E+01  3.05077330823E-01 -1.62570519664E-01  4.87989059507E-02
  4.1510011E+01  3.27802988971E-01 -1.46451368265E-01  4.20999257112E-02
  2.3402974E+01  1.96187290131E-01  5.59854561092E-02 -2.91517313476E-02
  1.3090124E+01  5.43227838450E-02  3.34649681351E-01 -1.24609513775E-01
  7.2436307E+00  5.12154127044E-03  4.31167683877E-01 -1.60031134937E-01
  3.9591472E+00  4.13411046533E-04  2.53869495056E-01 -3.60311132555E-02
  2.0937190E+00 -1.06416797479E-04  6.00898435474E-02  2.15319630201E-01
  1.0655856E+00 -4.88255121191E-05  4.21179402526E-03  3.78386347517E-01
  5.1928944E-01 -6.48928673870E-05  6.19237590589E-04  3.58437655562E-01
  2.3993836E-01 -2.23721449825E-05  6.30208149731E-05  2.18635563188E-01
  1.0271158E-01 -2.47796467985E-05  4.88890998593E-05  6.50217158499E-02
  Au  d 
  1.0655856E+00  9.99851085506E-01
  Au  d 
  5.1928944E-01  9.99927420289E-01
  Au  d 
  2.3993836E-01  9.99966462195E-01
  Au  d 
  1.0271158E-01  9.99985642835E-01
  Au  f 
  1.5984529E+03  7.87247948070E-05
  5.4023670E+02  9.00521728447E-04
  2.3015033E+02  5.66686540800E-03
  1.1044826E+02  2.41471648444E-02
  5.6535919E+01  7.22229575771E-02
  3.0055120E+01  1.63143146458E-01
  1.6265242E+01  2.66823052878E-01
  8.7169377E+00  3.24910513743E-01
  4.5407487E+00  2.85866501924E-01
  2.2220809E+00  1.55881964394E-01
  9.6965516E-01  3.70908011778E-02
  3.8700265E-01  1.76597662287E-03
  Au  f 
  2.2220809E+00  9.99600914635E-01
  Au  f 
  9.6965516E-01  9.99825782616E-01
  Au  f 
  3.8700265E-01  9.99930454920E-01
end
basis "Hg_dyall_relpvqz(fi/sf/sc)" SPHERICAL
  Hg  s 
  6.1267281E+07  4.89727681321E-06 -1.90617984445E-06  9.14060543505E-07 -4.58030742791E-07  2.00372152717E-07 -5.81809017390E-08
  1.6310458E+07  3.20785182282E-05 -1.24873487450E-05  5.98822714412E-06 -3.00062848512E-06  1.31267454121E-06 -3.81155721165E-07
  5.5888882E+06  1.03380188443E-04 -4.02676213140E-05  1.93114826788E-05 -9.67721772195E-06  4.23346291419E-06 -1.22924546396E-06
  2.1322062E+06  3.00493211340E-04 -1.17127133083E-04  5.61805591366E-05 -2.81526206661E-05  1.23160171133E-05 -3.57616821074E-06
  8.9157691E+05  7.59460473528E-04 -2.96392223120E-04  1.42188140691E-04 -7.12588641081E-05  3.11739282324E-05 -9.05178583443E-06
  3.9470916E+05  1.83940933432E-03 -7.19151881223E-04  3.45131617721E-04 -1.72968375482E-04  7.56716518554E-05 -2.19727879595E-05
  1.8340343E+05  4.17773829722E-03 -1.63851280763E-03  7.86707510291E-04 -3.94356132236E-04  1.72529041536E-04 -5.00964218086E-05
  8.8169505E+04  9.19819229929E-03 -3.62604967598E-03  1.74278617638E-03 -8.73724403799E-04  3.82279539304E-04 -1.11004878968E-04
  4.3607826E+04  1.93680550847E-02 -7.70447992407E-03  3.70850546300E-03 -1.86018167181E-03  8.13942273253E-04 -2.36345341549E-04
  2.2055705E+04  3.91779971748E-02 -1.58284541391E-02  7.64179264879E-03 -3.83523956181E-03  1.67848804500E-03 -4.87419277889E-04
  1.1378794E+04  7.46042355032E-02 -3.09782586734E-02  1.50283008576E-02 -7.55309544366E-03  3.30648952926E-03 -9.60179812948E-04
  5.9792975E+03  1.30553424461E-01 -5.68247803300E-02  2.78181061383E-02 -1.40085202076E-02  6.13602477838E-03 -1.78213716273E-03
  3.2039033E+03  1.99226977770E-01 -9.38634582503E-02  4.66344762288E-02 -2.35802944174E-02  1.03375593351E-02 -3.00263653032E-03
  1.7558335E+03  2.45463082810E-01 -1.30151640009E-01  6.62663403749E-02 -3.36901886631E-02  1.47929161679E-02 -4.29846199946E-03
  9.8777100E+02  2.17135145370E-01 -1.28348652979E-01  6.69546446119E-02 -3.43060311228E-02  1.50845241993E-02 -4.38300252680E-03
  5.7291490E+02  1.18011923525E-01 -3.59604567937E-02  1.46853736620E-02 -6.86032724627E-03  2.95817145140E-03 -8.59039340076E-04
  3.4598363E+02  3.21936882982E-02  1.47049670987E-01 -1.11923311550E-01  6.24161914879E-02 -2.80604850616E-02  8.19224787762E-03
  2.1766112E+02  4.50491834833E-03  3.22769726695E-01 -2.80231306368E-01  1.64203249282E-01 -7.45999197606E-02  2.17926515591E-02
  1.3815017E+02 -9.02171050105E-05  3.76748176906E-01 -4.03706529206E-01  2.46695561728E-01 -1.13382596322E-01  3.32254221642E-02
  8.6097605E+01  2.90249182188E-04  2.41467010814E-01 -2.59448213846E-01  1.71628951307E-01 -8.10761531484E-02  2.38348160115E-02
  5.1764283E+01 -3.13750181856E-04  6.12859158335E-02  2.74181448371E-01 -2.54490127669E-01  1.29426911431E-01 -3.85480686323E-02
  3.2705893E+01  2.46135966643E-04  1.48744880733E-03  6.19637356567E-01 -7.33721127648E-01  4.02505898449E-01 -1.21659186833E-01
  2.0500673E+01 -2.36786668981E-04  1.98458758434E-03  4.02930961316E-01 -5.42214427907E-01  2.91473560293E-01 -8.73913016186E-02
  1.2823154E+01  1.99611997944E-04 -1.13691751371E-03  1.04380024222E-01  1.78286224218E-01 -1.26383034959E-01  3.78760630861E-02
  7.9445394E+00 -1.48767491641E-04  4.97221439754E-04  1.06434229733E-02  7.43814303459E-01 -6.53136166095E-01  2.18238579319E-01
  4.8429888E+00  1.09393658108E-04 -3.61930642776E-04  1.18482734274E-03  5.29214558207E-01 -6.90038510863E-01  2.47846280635E-01
  2.8256759E+00 -7.69209343377E-05  1.92887215296E-04  3.43912766741E-06  1.06730317611E-01  8.71413119945E-02 -5.36234290594E-02
  1.6482318E+00  5.52662120665E-05 -1.03518515709E-04 -8.45765468338E-05  3.47778318757E-03  7.13241781928E-01 -3.40565536093E-01
  9.3337927E-01 -3.83913573441E-05  6.28078554393E-05 -4.94720829352E-05  1.67928654980E-03  5.43664396485E-01 -3.38372424840E-01
  5.1439267E-01  2.56059676318E-05 -3.18983766877E-05 -8.97734795461E-07 -1.61622461235E-04  1.36491422567E-01 -1.15400915021E-01
  2.7275001E-01 -1.63138464041E-05  1.64716773991E-05 -7.39872981733E-06  1.65105381592E-04  8.74830417538E-03  2.09541502643E-01
  1.3613989E-01  1.01266130012E-05 -8.08790128995E-06  4.53243653011E-06 -5.53996940739E-05  8.98224824872E-04  4.92943052366E-01
  6.7007247E-02 -5.83077370999E-06  3.76010951750E-06 -3.00898982584E-06  2.20989376067E-05 -1.11207047274E-04  4.45274661017E-01
  3.2531065E-02  2.17874541760E-06 -1.16067791041E-06  1.21825836580E-06 -5.37111061297E-06  2.81625957098E-05  1.07361631466E-01
  Hg  s 
  2.7275001E-01  9.99983660611E-01
  Hg  s 
  6.7007247E-02  9.99995985772E-01
  Hg  s 
  3.2531065E-02  9.99998051143E-01
  Hg  p 
  5.7764817E+07  2.60156215645E-08 -1.34024635765E-08  6.68397642626E-09 -2.70927398645E-09
  1.7149744E+07  1.75711965276E-07 -9.05610133785E-08  4.50978688294E-08 -1.82357570177E-08
  5.4938711E+06  7.89387845872E-07 -4.07305744177E-07  2.03183657090E-07 -8.23529719704E-08
  1.8909622E+06  3.12241530386E-06 -1.61306595508E-06  8.03702203129E-07 -3.25013803268E-07
  6.8905422E+05  1.17568000075E-05 -6.08541573070E-06  3.03792155693E-06 -1.23151047486E-06
  2.6361307E+05  4.32112920613E-05 -2.24099585938E-05  1.11762866891E-05 -4.52093514131E-06
  1.0532244E+05  1.56231667053E-04 -8.12290554696E-05  4.05886479641E-05 -1.64550525336E-05
  4.3837690E+04  5.52039891220E-04 -2.87789308950E-04  1.43718081967E-04 -5.81626009225E-05
  1.9002845E+04  1.87904663802E-03 -9.83362592488E-04  4.92065855321E-04 -1.99521053975E-04
  8.5854638E+03  6.03577642785E-03 -3.17673489381E-03  1.59016958113E-03 -6.43959803645E-04
  4.0429294E+03  1.79144398859E-02 -9.52473249666E-03  4.78405440016E-03 -1.94133609974E-03
  1.9805871E+03  4.79575979761E-02 -2.59560907779E-02  1.30812325113E-02 -5.30554754727E-03
  1.0058710E+03  1.11694617984E-01 -6.22728932730E-02  3.16472081112E-02 -1.28774255332E-02
  5.2681901E+02  2.13579777121E-01 -1.24116709414E-01  6.36704114137E-02 -2.59211202051E-02
  2.8316741E+02  3.06220743285E-01 -1.85375961856E-01  9.64033127520E-02 -3.94650712635E-02
  1.5538887E+02  2.80353390409E-01 -1.41631663063E-01  6.78187870738E-02 -2.69932635929E-02
  8.6509262E+01  1.31016629524E-01  1.13129607052E-01 -9.73407359674E-02  4.34462956824E-02
  4.8910607E+01  2.04700728960E-02  4.34798095162E-01 -3.52278053789E-01  1.60064362788E-01
  2.8143988E+01 -9.51999792530E-04  4.18543406190E-01 -3.33807567913E-01  1.46075604014E-01
  1.6121991E+01 -2.33442695194E-03  1.54967199751E-01  1.46506315661E-01 -1.03880433369E-01
  9.0743138E+00 -1.77661704659E-03  1.80708258292E-02  5.64457117398E-01 -3.69782483969E-01
  5.1421602E+00 -1.70383575070E-03  1.31353624876E-03  4.18614344877E-01 -3.06045367739E-01
  2.8542627E+00 -1.36312152126E-03 -5.12310930486E-05  9.88386870119E-02  1.91564863928E-01
  1.5539857E+00 -1.33432444370E-03  7.43056186130E-05  5.78177906779E-03  5.38237485212E-01
  8.2679139E-01 -1.04507440199E-03 -2.76700811641E-05  7.22485971998E-04  3.98019891089E-01
  4.2727530E-01 -1.14922453599E-03  5.48956948762E-05 -2.72315831747E-04  1.19504807225E-01
  1.9368537E-01 -8.83742244793E-04  2.39164469645E-05 -1.01618949154E-04  1.23962418925E-02
  8.9521723E-02 -9.70574134015E-04  3.82898142574E-05 -1.96701439125E-04  4.34172111690E-04
  4.1486501E-02 -2.26155970930E-04  7.60978132385E-06 -2.62101228768E-05  2.39455651707E-04
  1.9125199E-02 -1.17807111780E-03  4.25754717856E-05 -2.02055864353E-04 -1.85036893572E-05
  Hg  p 
  1.9368537E-01  9.99980661875E-01
  Hg  p 
  8.9521723E-02  9.99991061724E-01
  Hg  p 
  4.1486501E-02  9.99995857756E-01
  Hg  p 
  1.9125199E-02  9.99998090426E-01
  Hg  d 
  7.7042701E+04  2.52737401600E-06 -1.31747521149E-06  4.09553040876E-07
  1.8395217E+04  3.52193130646E-05 -1.83141512912E-05  5.70044080172E-06
  6.0764814E+03  2.91397783661E-04 -1.52125479662E-04  4.73275789217E-05
  2.4017579E+03  1.73284830165E-03 -9.05713369079E-04  2.82083193113E-04
  1.0682154E+03  7.98383533110E-03 -4.20214410941E-03  1.30949640080E-03
  5.1573536E+02  2.90791910743E-02 -1.54195407320E-02  4.81448515085E-03
  2.6355653E+02  8.39987809693E-02 -4.53013582471E-02  1.41810014649E-02
  1.4054286E+02  1.87268991504E-01 -1.02225782440E-01  3.20845306626E-02
  7.7018490E+01  3.04335633634E-01 -1.63429291679E-01  5.11262447791E-02
  4.3100618E+01  3.28477966970E-01 -1.48277012298E-01  4.43631249278E-02
  2.4306623E+01  1.97746114180E-01  5.45145323018E-02 -3.02075379759E-02
  1.3606207E+01  5.51418120923E-02  3.35138698601E-01 -1.30877501110E-01
  7.5428878E+00  5.21773810034E-03  4.32760374261E-01 -1.68393483314E-01
  4.1359425E+00  3.93526803355E-04  2.52568910511E-01 -3.46651463116E-02
  2.1981943E+00 -1.12893233228E-04  5.90406947233E-02  2.29143375497E-01
  1.1235290E+00 -4.45994605080E-05  3.94085833816E-03  3.91750207095E-01
  5.4978744E-01 -6.45231522081E-05  2.99858740920E-04  3.55945212046E-01
  2.5518713E-01 -1.84794652543E-05 -3.70953354585E-05  1.99650186545E-01
  1.0975038E-01 -2.55225331301E-05 -3.37600479440E-06  4.86090761295E-02
  Hg  d 
  1.1235290E+00  9.99842990160E-01
  Hg  d 
  5.4978744E-01  9.99923158229E-01
  Hg  d 
  2.5518713E-01  9.99964330903E-01
  Hg  d 
  1.0975038E-01  9.99984658968E-01
  Hg  f 
  1.7841137E+03  7.11361899396E-05
  6.0117765E+02  7.23985599729E-04
  2.5602262E+02  5.04564418670E-03
  1.2288125E+02  2.05414933002E-02
  6.3119951E+01  6.66692388455E-02
  3.3734474E+01  1.44249438810E-01
  1.8482452E+01  2.61291447741E-01
  1.0148368E+01  2.86001374544E-01
  5.5325072E+00  3.30969316668E-01
  2.3819196E+00  1.89664547586E-01
  1.0518378E+00  2.16843218705E-02
  4.2255517E-01  6.15736409141E-03
  Hg  f 
  2.3819196E+00  9.99572228781E-01
  Hg  f 
  1.0518378E+00  9.99811021707E-01
  Hg  f 
  4.2255517E-01  9.99924066902E-01
end
