# $Id$
basis "Hf_dyall_relpvqz(fi/sf/fw)" SPHERICAL
  Hf  s
  6.4780934E+07  3.04924106308E-04 -1.16497049609E-04  5.51797612336E-05 -2.69537621852E-05  1.06200771603E-05 -2.93165512157E-06
  1.7238745E+07  6.79355386703E-04 -2.59913772235E-04  1.23123021454E-04 -6.01408778494E-05  2.36966353444E-05 -6.54146486376E-06
  5.9049101E+06  1.24980829625E-03 -4.78831307103E-04  2.26896945551E-04 -1.10847224276E-04  4.36760165730E-05 -1.20566087360E-05
  2.2500889E+06  2.12922207177E-03 -8.18074713901E-04  3.87760842318E-04 -1.89416889837E-04  7.46383157924E-05 -2.06039919888E-05
  9.3617372E+05  3.54901785332E-03 -1.36833050578E-03  6.49124232029E-04 -3.17193970951E-04  1.24988563118E-04 -3.45021521684E-05
  4.1074959E+05  5.84190014128E-03 -2.26426901830E-03  1.07496001930E-03 -5.25209008300E-04  2.06981100410E-04 -5.71363616118E-05
  1.8832684E+05  9.67316248821E-03 -3.77504442560E-03  1.79523525700E-03 -8.77622614866E-04  3.45863920374E-04 -9.54691273599E-05
  8.9151826E+04  1.61814825551E-02 -6.37466942412E-03  3.03618809715E-03 -1.48428054745E-03  5.85092300261E-04 -1.61516865952E-04
  4.3376582E+04  2.74999292005E-02 -1.09731928450E-02  5.24072056506E-03 -2.56420185108E-03  1.01084998096E-03 -2.79042627958E-04
  2.1589482E+04  4.72145767119E-02 -1.91913985729E-02  9.19279496285E-03 -4.49970940509E-03  1.77447944376E-03 -4.89876009019E-04
  1.0973964E+04  8.05017093190E-02 -3.36771245606E-02  1.62149412104E-02 -7.94740097202E-03  3.13370822429E-03 -8.64998187922E-04
  5.6912802E+03  1.32047621298E-01 -5.78870753408E-02  2.80885961746E-02 -1.37900757939E-02  5.44159093669E-03 -1.50231163195E-03
  3.0108524E+03  1.98103552698E-01 -9.39369612649E-02  4.62245877622E-02 -2.27796027158E-02  8.99201146157E-03 -2.48240612582E-03
  1.6250891E+03  2.51160433579E-01 -1.34931665054E-01  6.79274377213E-02 -3.36534976503E-02  1.33125263826E-02 -3.67683332573E-03
  8.9539499E+02  2.38164764226E-01 -1.50129510458E-01  7.80575064625E-02 -3.89964608992E-02  1.54322010159E-02 -4.26120780486E-03
  5.0398335E+02  1.41006924487E-01 -7.72851068230E-02  3.94740999403E-02 -1.96241080589E-02  7.80328054661E-03 -2.15855443162E-03
  2.9035504E+02  3.95153758919E-02  1.21921235058E-01 -8.97177506040E-02  4.84327800737E-02 -1.96218929054E-02  5.44195956065E-03
  1.7631995E+02  3.54675536988E-03  3.23618081193E-01 -2.72273599862E-01  1.53440287109E-01 -6.22248603536E-02  1.72285707722E-02
  1.1270525E+02  2.09482454396E-04  3.64706806821E-01 -3.78064989151E-01  2.23361942460E-01 -9.23607944071E-02  2.56859547730E-02
  7.1888352E+01 -5.67341501126E-05  2.68909726541E-01 -3.14489616035E-01  1.97668474120E-01 -8.21057659039E-02  2.27835386857E-02
  4.3923147E+01 -9.22447776815E-05  8.50002604905E-02  1.33531123477E-01 -1.10512454606E-01  4.71294073961E-02 -1.30875220688E-02
  2.7242184E+01 -3.70164328090E-06  6.27332047516E-03  6.31818471838E-01 -6.79128517869E-01  3.26917460001E-01 -9.28184281931E-02
  1.6505663E+01 -3.31355650012E-05  1.37623864219E-03  4.92140173777E-01 -6.62366907058E-01  3.19938056619E-01 -9.04984976564E-02
  9.7969434E+00  1.56943755462E-05 -6.06329459415E-04  1.25832550785E-01  1.51113252037E-01 -1.04382682108E-01  3.00648734618E-02
  5.6926478E+00 -9.50675553240E-06  1.34087012407E-04  9.45663377528E-03  7.84014931622E-01 -5.75277752060E-01  1.74221504780E-01
  3.2758044E+00  5.49956416080E-06 -1.63088872730E-04  1.40346416743E-03  5.03928664343E-01 -5.68495496738E-01  1.84853963767E-01
  1.7889818E+00 -4.42194616030E-06  8.25730520653E-05 -8.07796534916E-05  8.18180113174E-02  6.96197489901E-02 -3.03456575886E-02
  1.0176071E+00  2.05166482013E-06 -4.93499150877E-05  1.17366142515E-05  6.09383793572E-05  6.22610578370E-01 -2.49043199078E-01
  5.6797939E-01 -1.74051708666E-06  3.27071107507E-05 -6.64640329875E-05  1.90182702096E-03  5.37189672461E-01 -3.18444774436E-01
  3.1190344E-01  6.87409959149E-07 -1.62838041486E-05  1.16382806479E-05 -3.62765306847E-04  1.50624372676E-01 -1.84542149969E-01
  1.5932415E-01 -4.41644040627E-07  8.01568479186E-06 -9.08768587052E-06  2.12149068345E-04  9.55577084634E-03  1.78106109124E-01
  8.0715616E-02  1.67842444332E-07 -4.11084403746E-06  5.12466585440E-06 -1.07369481299E-04  2.96325458643E-03  5.29481995347E-01
  4.1077918E-02 -9.08389119689E-08  1.58359497067E-06 -1.01332418636E-06  2.48412830416E-05  1.85741002153E-03  4.55752963185E-01
  2.0835747E-02  1.12307560196E-08 -4.10813578100E-07  5.71032621489E-07 -1.14974027514E-05  4.16013407209E-04  9.38410403595E-02
  Hf  s
  1.5932415E-01  1.00000000000E+00
  Hf  s
  4.1077918E-02  1.00000000000E+00
  Hf  s
  2.0835747E-02  1.00000000000E+00
  Hf  p
  5.1923029E+07  2.80776983320E-06 -1.40251072566E-06  6.75348114020E-07 -2.38491027750E-07
  1.4040388E+07  1.05659310255E-05 -5.27936241821E-06  2.53570964404E-06 -8.93399875755E-07
  4.2135165E+06  2.66523738702E-05 -1.33561971668E-05  6.43389963848E-06 -2.27207931175E-06
  1.3773759E+06  6.22550926644E-05 -3.11947836169E-05  1.49914833622E-05 -5.28247693414E-06
  4.8194765E+05  1.41526377903E-04 -7.12097383358E-05  3.43276055818E-05 -1.21240691359E-05
  1.7859320E+05  3.21057336316E-04 -1.61810303746E-04  7.78627387424E-05 -2.74461007801E-05
  6.9640759E+04  7.41031720006E-04 -3.75502108726E-04  1.81231044767E-04 -6.40170743872E-05
  2.8521024E+04  1.76767713297E-03 -8.99350720703E-04  4.33722164799E-04 -1.52978640341E-04
  1.2268789E+04  4.40287813826E-03 -2.25615073314E-03  1.09116503727E-03 -3.85544580354E-04
  5.5412739E+03  1.12813625877E-02 -5.82863882231E-03  2.82122072946E-03 -9.95985684657E-04
  2.6212071E+03  2.86843109159E-02 -1.50235379817E-02  7.30028715838E-03 -2.58161821604E-03
  1.2927642E+03  6.87777498499E-02 -3.68296941406E-02  1.79768263104E-02 -6.35757764328E-03
  6.6114348E+02  1.46169306986E-01 -8.10098290485E-02  3.98895949173E-02 -1.41447877528E-02
  3.4833832E+02  2.54457883350E-01 -1.47697535717E-01  7.35353366729E-02 -2.61083008584E-02
  1.8814571E+02  3.23910743931E-01 -1.93879137875E-01  9.74477664835E-02 -3.47197021143E-02
  1.0339769E+02  2.51145837264E-01 -9.71043613875E-02  3.90046241786E-02 -1.30322834063E-02
  5.7466612E+01  9.25718454173E-02  2.03758323284E-01 -1.53210130100E-01  5.85701259453E-02
  3.2612497E+01  1.08518176485E-02  4.71820630754E-01 -3.74447105905E-01  1.47073808499E-01
  1.8775041E+01  8.09388479102E-04  3.56327868245E-01 -2.45890973528E-01  8.87441324927E-02
  1.0762009E+01 -2.98096121987E-04  1.03993366084E-01  2.51145642899E-01 -1.34848504415E-01
  6.0430677E+00  6.10502325269E-05  9.90948882799E-03  5.58660915386E-01 -3.06637238050E-01
  3.3661019E+00 -9.20579331034E-05  9.61558179323E-04  3.59818447317E-01 -2.11975721325E-01
  1.8111233E+00  4.26778428906E-05  4.90405854282E-06  7.66764803733E-02  1.65670742600E-01
  9.6723467E-01 -2.57859620289E-05  3.66783465129E-05  3.44525653036E-03  4.69876928319E-01
  5.1314039E-01  1.58830927979E-05 -3.05449747460E-05  1.06558989971E-03  4.08467407378E-01
  2.6998329E-01 -8.26329650196E-06  1.38631822126E-05 -2.91244871897E-04  1.54059637062E-01
  1.2801326E-01  4.17816599247E-06 -7.29261809180E-06  1.22851453057E-04  2.12247643580E-02
  6.2429645E-02 -2.26555913779E-06  3.95032873005E-06 -7.78262117188E-05  8.58680590623E-04
  3.0288827E-02  1.03163185235E-06 -1.79793313080E-06  3.28196543963E-05  6.57981810873E-04
  1.4607384E-02 -2.88460053212E-07  5.04214191226E-07 -9.28488210522E-06 -1.23126872570E-04
  Hf  p
  1.2801326E-01  1.00000000000E+00
  Hf  p
  6.2429645E-02  1.00000000000E+00
  Hf  p
  3.0288827E-02  1.00000000000E+00
  Hf  p
  1.4607384E-02  1.00000000000E+00
  Hf  d
  4.7932975E+04  1.63460240636E-05 -8.00747281991E-06  1.60083823752E-06
  1.1632815E+04  1.06821954033E-04 -5.23250759284E-05  1.04334035014E-05
  3.9247206E+03  5.93454329811E-04 -2.91991192995E-04  5.83838638463E-05
  1.5820406E+03  2.85456061852E-03 -1.40705451303E-03  2.80929557523E-04
  7.1497572E+02  1.16019099201E-02 -5.76472534145E-03  1.15397980045E-03
  3.4923989E+02  3.86197993034E-02 -1.93365762258E-02  3.87009587827E-03
  1.7991310E+02  1.03588746645E-01 -5.28393067746E-02  1.06181817588E-02
  9.6415585E+01  2.14138022140E-01 -1.10017146226E-01  2.20953255040E-02
  5.2908824E+01  3.21839376312E-01 -1.61183155947E-01  3.23344768152E-02
  2.9588123E+01  3.15632507774E-01 -1.22659276761E-01  2.30686909764E-02
  1.6608483E+01  1.68168394048E-01  9.67004203051E-02 -2.67313979470E-02
  9.1942898E+00  3.98714603155E-02  3.55134241136E-01 -8.49902907472E-02
  5.0022545E+00  3.37513245751E-03  4.14535942607E-01 -9.66329137768E-02
  2.6528481E+00  5.29777948117E-04  2.36474068640E-01 -2.26817188973E-02
  1.3396017E+00  5.92472037002E-05  5.57467678477E-02  1.40730689270E-01
  6.2908545E-01  3.18077299742E-05  3.64089907607E-03  3.03252050822E-01
  2.8196997E-01 -6.62116939276E-06  4.30815071056E-04  3.74850063409E-01
  1.2054260E-01  2.38754204543E-06 -3.64119806533E-05  3.16427551169E-01
  4.8354729E-02 -1.25025939095E-06  4.23245158439E-05  1.50343478863E-01
  Hf  d
  6.2908545E-01  1.00000000000E+00
  Hf  d
  2.8196997E-01  1.00000000000E+00
  Hf  d
  1.2054260E-01  1.00000000000E+00
  Hf  d
  4.8354729E-02  1.00000000000E+00
  Hf  f
  9.8605349E+02  1.46356759865E-04
  3.3709097E+02  1.42675124091E-03
  1.4392596E+02  8.23299754178E-03
  6.9004994E+01  3.17178646365E-02
  3.4971760E+01  8.75000062558E-02
  1.8367110E+01  1.81308485731E-01
  9.7118702E+00  2.72692963641E-01
  5.0133492E+00  3.15280982872E-01
  2.4539427E+00  2.81317852795E-01
  1.0876844E+00  1.77293014772E-01
  4.0757909E-01  5.32500912363E-02
  1.4970359E-01  1.41603239532E-03
  Hf  f
  1.0876844E+00  1.00000000000E+00
  Hf  f
  4.0757909E-01  1.00000000000E+00
  Hf  f
  1.4970359E-01  1.00000000000E+00
end
basis "Ta_dyall_relpvqz(fi/sf/fw)" SPHERICAL
  Ta  s
  6.4638514E+07  3.26070305358E-04 -1.25136675168E-04  5.93872848657E-05 -2.91024957979E-05 -1.16501656871E-05 -3.29627771822E-06
  1.7191660E+07  7.25411845189E-04 -2.78806599025E-04  1.32343170449E-04 -6.48496801378E-05 -2.59605268859E-05 -7.34523063461E-06
  5.8821453E+06  1.33269074683E-03 -5.12883287333E-04  2.43489051144E-04 -1.19340785988E-04 -4.77754074648E-05 -1.35174706561E-05
  2.2386972E+06  2.26589328574E-03 -8.74720256715E-04  4.15499329252E-04 -2.03602498247E-04 -8.15101635483E-05 -2.30623119305E-05
  9.3109986E+05  3.76446378564E-03 -1.45813564826E-03  6.92979724749E-04 -3.39747109952E-04 -1.36019590262E-04 -3.84847237204E-05
  4.0882372E+05  6.17187352946E-03 -2.40438940570E-03  1.14408883906E-03 -5.60715259844E-04 -2.24504795350E-04 -6.35194627948E-05
  1.8764755E+05  1.01848422931E-02 -3.99473926446E-03  1.90314508871E-03 -9.33529028192E-04 -3.73793097857E-04 -1.05754161027E-04
  8.8873082E+04  1.69941235708E-02 -6.73284959549E-03  3.21457978777E-03 -1.57635739046E-03 -6.31347341425E-04 -1.78634750867E-04
  4.3219270E+04  2.88325094442E-02 -1.15720499183E-02  5.53731644106E-03 -2.71861359374E-03 -1.08886432374E-03 -3.08095517278E-04
  2.1466929E+04  4.95241509239E-02 -2.02657153810E-02  9.73303181894E-03 -4.77881687879E-03 -1.91491245306E-03 -5.41864498193E-04
  1.0863421E+04  8.46596944961E-02 -3.56872701086E-02  1.72218235270E-02 -8.47075804756E-03 -3.39334287851E-03 -9.60024407975E-04
  5.5960817E+03  1.39010841447E-01 -6.15376359024E-02  2.99611698208E-02 -1.47577553419E-02 -5.91715375836E-03 -1.67434397680E-03
  2.9373561E+03  2.07233580647E-01 -9.95999615370E-02  4.91764789763E-02 -2.43249076019E-02 -9.75398090255E-03 -2.75991954942E-03
  1.5726624E+03  2.57651875692E-01 -1.41044428949E-01  7.14118087143E-02 -3.55229541455E-02 -1.42873114898E-02 -4.04519753690E-03
  8.5889297E+02  2.33979317453E-01 -1.49603151139E-01  7.80909660934E-02 -3.91881515268E-02 -1.57471407760E-02 -4.45622655240E-03
  4.7870086E+02  1.26001792827E-01 -5.54068394588E-02  2.67685879479E-02 -1.30989904956E-02 -5.32762463339E-03 -1.51363207199E-03
  2.7574448E+02  2.87742213971E-02  1.64044057510E-01 -1.22653058852E-01  6.66666237236E-02  2.75775986138E-02  7.84715077553E-03
  1.6964466E+02  3.08687886333E-03  3.25870248832E-01 -2.81765816578E-01  1.61074906244E-01  6.61826028078E-02  1.87682039064E-02
  1.1261962E+02 -7.52579878294E-04  3.33677261586E-01 -3.57229925101E-01  2.11958884948E-01  8.97738321199E-02  2.56427649772E-02
  7.2371181E+01  5.12601270772E-04  2.66944260928E-01 -2.98123282604E-01  1.89970030408E-01  7.97808590758E-02  2.26663226705E-02
  4.2325898E+01 -4.43710506314E-04  7.56946839639E-02  2.07467348727E-01 -1.79472957080E-01 -7.90568362783E-02 -2.25892678463E-02
  2.6578434E+01  2.74082467478E-04 -4.98439076371E-04  6.41804945761E-01 -7.18396230252E-01 -3.56657328698E-01 -1.04145255844E-01
  1.6211799E+01 -2.04797624745E-04  3.19989981469E-03  4.39977804732E-01 -5.92499366910E-01 -2.85902222384E-01 -8.26950428244E-02
  9.7428880E+00  1.24113343909E-04 -1.68689642975E-03  1.02999365007E-01  2.27703593341E-01  1.44279623640E-01  4.23394064258E-02
  5.6927686E+00 -7.93206588448E-05  7.79667803084E-04  8.48581720449E-03  7.91920274550E-01  6.19668315884E-01  1.94967443901E-01
  3.2966756E+00  5.05873873140E-05 -5.77411915370E-04  7.84762565823E-04  4.57438409437E-01  5.37194274707E-01  1.81078958023E-01
  1.9110337E+00 -3.50030184027E-05  3.66195679761E-04  1.70875398860E-04  6.82760516990E-02 -7.15435085727E-02 -3.21604315001E-02
  1.1247795E+00  2.09099610563E-05 -2.20657094686E-04 -1.59994506544E-04  6.59497010888E-03 -6.00270662482E-01 -2.50535834434E-01
  6.3622230E-01 -1.17764895637E-05  1.22518889857E-04  2.57118702943E-05 -6.27976144697E-04 -5.53771607241E-01 -3.25638740473E-01
  3.6230173E-01  5.20320120665E-06 -5.54047844824E-05 -3.66353944376E-05  8.15411380960E-04 -1.74355011559E-01 -1.83769907659E-01
  1.6667233E-01 -2.24679953837E-06  2.29688623923E-05  1.13427022338E-05 -2.62001612647E-04 -1.94514313533E-02  1.84123416404E-01
  8.6724950E-02  1.20836603005E-06 -1.30639344681E-05 -5.72230362594E-06  1.39182474585E-04  1.22009419994E-03  5.21391054173E-01
  4.4339877E-02 -5.26640474882E-07  5.30822722575E-06  3.73563894044E-06 -8.04952989662E-05 -3.61202109121E-03  4.45802050543E-01
  2.2403507E-02  1.14945651358E-07 -1.30069097254E-06 -4.69190513303E-07  1.23851106772E-05 -6.19417413620E-05  9.46679334656E-02
  Ta  s
  1.6667233E-01  1.00000000000E+00
  Ta  s
  4.4339877E-02  1.00000000000E+00
  Ta  s
  2.2403507E-02  1.00000000000E+00
  Ta  p
  5.2419849E+07  2.92087630105E-06 -1.46288421388E-06  7.07289794377E-07 -2.55435021365E-07
  1.4285350E+07  1.10093965920E-05 -5.51602468813E-06  2.66046977916E-06 -9.58696412346E-07
  4.3127118E+06  2.76925421635E-05 -1.39151392600E-05  6.73052057615E-06 -2.43073756559E-06
  1.4163009E+06  6.45016370531E-05 -3.24102960103E-05  1.56410232199E-05 -5.63685876657E-06
  4.9732819E+05  1.46128047884E-04 -7.37272138262E-05  3.56867574020E-05 -1.28900515979E-05
  1.8488054E+05  3.29861824334E-04 -1.66714107794E-04  8.05595116445E-05 -2.90433248991E-05
  7.2301995E+04  7.57024324791E-04 -3.84677592441E-04  1.86424717535E-04 -6.73466960649E-05
  2.9664024E+04  1.79558753681E-03 -9.16168847530E-04  4.43694798766E-04 -1.60060150130E-04
  1.2764385E+04  4.44740677565E-03 -2.28557536099E-03  1.10999606532E-03 -4.01110156430E-04
  5.7608252E+03  1.13381245256E-02 -5.87535071751E-03  2.85590058922E-03 -1.03120067301E-03
  2.7223146E+03  2.87106968539E-02 -1.50817272383E-02  7.35934249705E-03 -2.66170933845E-03
  1.3416600E+03  6.86288861403E-02 -3.68551293427E-02  1.80658470131E-02 -6.53478256837E-03
  6.8597086E+02  1.45586934983E-01 -8.08996301513E-02  4.00021759057E-02 -1.45079274513E-02
  3.6145308E+02  2.53446033284E-01 -1.47451483663E-01  7.37232829822E-02 -2.67734949137E-02
  1.9527396E+02  3.23424566173E-01 -1.93982863457E-01  9.78960255447E-02 -3.56746140323E-02
  1.0735336E+02  2.52095158236E-01 -9.86014102613E-02  3.99999290656E-02 -1.36865885190E-02
  5.9724273E+01  9.37564229751E-02  2.01225857005E-01 -1.52535721530E-01  5.97460894742E-02
  3.3913452E+01  1.12422013918E-02  4.71238244178E-01 -3.75799056446E-01  1.51168309005E-01
  1.9529268E+01  7.77642025256E-04  3.58172278878E-01 -2.48740217397E-01  9.19761809908E-02
  1.1201366E+01 -2.71270107552E-04  1.05231771508E-01  2.50099917080E-01 -1.38152684650E-01
  6.2926421E+00  4.45109729493E-05  1.01302755802E-02  5.61074467056E-01 -3.17380965042E-01
  3.5130231E+00 -8.24341197423E-05  9.18787252952E-04  3.59442783446E-01 -2.18525694549E-01
  1.9027204E+00  3.77027730009E-05  1.23681947966E-05  7.59126802531E-02  1.77553735053E-01
  1.0203565E+00 -2.21501717538E-05  2.14848081462E-05  3.64342420269E-03  4.83412353965E-01
  5.4290210E-01  1.37206515103E-05 -2.59054939407E-05  9.01311230785E-04  4.01875686172E-01
  2.8497737E-01 -6.86366537243E-06  9.33978124001E-06 -2.07703318218E-04  1.44108986165E-01
  1.3419367E-01  3.47441682624E-06 -5.55299581943E-06  8.45245302046E-05  1.88777534696E-02
  6.5096558E-02 -1.88695333465E-06  2.90864770887E-06 -5.55125601543E-05  8.41248458294E-04
  3.1636489E-02  8.70794545395E-07 -1.34355944062E-06  2.32106789956E-05  5.04244781484E-04
  1.5290393E-02 -2.44646150640E-07  3.79423047809E-07 -6.61267212561E-06 -1.03859583443E-04
  Ta  p
  1.3419367E-01  1.00000000000E+00
  Ta  p
  6.5096558E-02  1.00000000000E+00
  Ta  p
  3.1636489E-02  1.00000000000E+00
  Ta  p
  1.5290393E-02  1.00000000000E+00
  Ta  d
  5.0409736E+04  1.63888845571E-05 -8.08773246622E-06  1.79298099596E-06
  1.2221890E+04  1.06107531408E-04 -5.23653277881E-05  1.16083881829E-05
  4.1163339E+03  5.85512750084E-04 -2.90235118426E-04  6.43907193132E-05
  1.6559855E+03  2.80922613171E-03 -1.39511451839E-03  3.09546546638E-04
  7.4718049E+02  1.14189838060E-02 -5.71632165192E-03  1.27009623156E-03
  3.6459596E+02  3.80770754517E-02 -1.92077900903E-02  4.27183030893E-03
  1.8772941E+02  1.02404024344E-01 -5.26234975633E-02  1.17392646811E-02
  1.0059430E+02  2.12540677159E-01 -1.10048782943E-01  2.45669646283E-02
  5.5213666E+01  3.21034368635E-01 -1.62145568031E-01  3.60937126130E-02
  3.0885766E+01  3.16787840411E-01 -1.24727381348E-01  2.61180359471E-02
  1.7343109E+01  1.70109887404E-01  9.49186104233E-02 -2.97263521649E-02
  9.6073363E+00  4.07337725875E-02  3.55611132403E-01 -9.48358418526E-02
  5.2355996E+00  3.45995555822E-03  4.16176449791E-01 -1.09006115930E-01
  2.7855958E+00  5.31265646663E-04  2.35731716796E-01 -2.22800770037E-02
  1.4134921E+00  4.59806829975E-05  5.41972879851E-02  1.60301887303E-01
  6.7975565E-01  2.98413403893E-05  3.31845748297E-03  3.25421032648E-01
  3.1299064E-01 -8.99398214146E-06  5.19936331274E-04  3.74707511417E-01
  1.3717444E-01  2.28764328431E-06 -3.27923141743E-05  2.88570021318E-01
  5.6247070E-02 -1.51291570458E-06  5.60514313758E-05  1.19625983127E-01
  Ta  d
  6.7975565E-01  1.00000000000E+00
  Ta  d
  3.1299064E-01  1.00000000000E+00
  Ta  d
  1.3717444E-01  1.00000000000E+00
  Ta  d
  5.6247070E-02  1.00000000000E+00
  Ta  f
  1.0869211E+03  1.30439718662E-04
  3.7092503E+02  1.28037092443E-03
  1.5835812E+02  7.46320784681E-03
  7.5984092E+01  2.93558555434E-02
  3.8612612E+01  8.24021204089E-02
  2.0337262E+01  1.74891424780E-01
  1.0812057E+01  2.69662014671E-01
  5.6262001E+00  3.17513102072E-01
  2.7897356E+00  2.85173266341E-01
  1.2637906E+00  1.76039524798E-01
  4.9140560E-01  5.06107371024E-02
  1.8408649E-01  1.62962659604E-03
  Ta  f
  1.2637906E+00  1.00000000000E+00
  Ta  f
  4.9140560E-01  1.00000000000E+00
  Ta  f
  1.8408649E-01  1.00000000000E+00
end
basis "W_dyall_relpvqz(fi/sf/fw)" SPHERICAL
  W   s
  6.4137274E+07  3.49334143284E-04 -1.34687030336E-04  6.40486137695E-05 -3.14905872423E-05  1.27959795757E-05 -3.67916662228E-06
  1.7067624E+07  7.75133085095E-04 -2.99246984828E-04  1.42293369763E-04 -6.99495787166E-05  2.84216315250E-05 -8.17187534757E-06
  5.8454686E+06  1.41936753541E-03 -5.48879065974E-04  2.61157123357E-04 -1.28433212529E-04  5.21924075808E-05 -1.50066938859E-05
  2.2274049E+06  2.40509513925E-03 -9.32539018184E-04  4.43637192674E-04 -2.18074221689E-04  8.86059195035E-05 -2.54760162719E-05
  9.2735944E+05  3.98551448227E-03 -1.55172942823E-03  7.39299725901E-04 -3.63716642659E-04  1.47828073077E-04 -4.25046580863E-05
  4.0726404E+05  6.52308890416E-03 -2.55263159123E-03  1.21622039232E-03 -5.97904883259E-04  2.42948557680E-04 -6.98517882608E-05
  1.8676732E+05  1.07584093538E-02 -4.24388789169E-03  2.02738377957E-03 -9.97988594417E-04  4.05698430866E-04 -1.16644751748E-04
  8.8268163E+04  1.79523377496E-02 -7.14883138300E-03  3.41775169940E-03 -1.68117652503E-03  6.83254735419E-04 -1.96437503995E-04
  4.2812203E+04  3.04139613873E-02 -1.22883299093E-02  5.89727773551E-03 -2.90564856736E-03  1.18154289817E-03 -3.39724048643E-04
  2.1231782E+04  5.19571585408E-02 -2.13984023847E-02  1.02942898454E-02 -5.07111577469E-03  2.06210083867E-03 -5.92981518124E-04
  1.0750646E+04  8.80184093836E-02 -3.74074774279E-02  1.81083197723E-02 -8.93904255426E-03  3.63677335658E-03 -1.04574915468E-03
  5.5500686E+03  1.43005015190E-01 -6.38545967317E-02  3.11563989758E-02 -1.53994956247E-02  6.26658752972E-03 -1.80200956762E-03
  2.9201293E+03  2.10788824759E-01 -1.02413192518E-01  5.07502432343E-02 -2.51907206749E-02  1.02560600639E-02 -2.94905101700E-03
  1.5655731E+03  2.58375028317E-01 -1.43030017837E-01  7.26310307047E-02 -3.62526740415E-02  1.47890084147E-02 -4.25467246430E-03
  8.5493986E+02  2.29367521760E-01 -1.47416194748E-01  7.72613570902E-02 -3.89078593048E-02  1.58929096190E-02 -4.57151546786E-03
  4.7528922E+02  1.19065207489E-01 -4.23277725405E-02  1.85981596159E-02 -8.93153939415E-03  3.63981824984E-03 -1.04966326827E-03
  2.6897852E+02  2.53147150362E-02  2.02612255313E-01 -1.53151437711E-01  8.40808687835E-02 -3.51413198999E-02  1.01529998143E-02
  1.5894220E+02  1.51727442492E-03  3.93239273834E-01 -3.58347576828E-01  2.07477800722E-01 -8.73121822983E-02  2.52041917035E-02
  1.0297127E+02 -4.87548584110E-04  2.81187140568E-01 -3.16794189585E-01  1.91778411470E-01 -8.24578999967E-02  2.39704286050E-02
  7.2276650E+01  3.64784922698E-04  2.06844825832E-01 -2.27880673844E-01  1.46571271703E-01 -6.29104345581E-02  1.81311303361E-02
  4.4994511E+01 -3.65192926686E-04  7.47822342299E-02  1.77055266440E-01 -1.52316978633E-01  6.86572227142E-02 -1.99191925500E-02
  2.8432570E+01  1.74930808310E-04  3.02983267633E-03  6.28950794870E-01 -6.96627690190E-01  3.48657135644E-01 -1.03520456107E-01
  1.7374987E+01 -1.22100549932E-04  2.00737709832E-03  4.68661684170E-01 -6.29570506471E-01  3.13665873852E-01 -9.25292903787E-02
  1.0330107E+01  7.57461161826E-05 -9.73891814082E-04  1.17061629014E-01  1.80919857385E-01 -1.24810637790E-01  3.73911753367E-02
  6.0943725E+00 -4.38590390041E-05  3.54031144720E-04  7.63211064892E-03  7.81192365293E-01 -6.06281400499E-01  1.94034973178E-01
  3.5592554E+00  2.57160690149E-05 -2.88488380331E-04  1.84354501521E-03  4.90379752211E-01 -5.90032486266E-01  2.03159627509E-01
  1.9991832E+00 -1.67192918230E-05  1.55596058440E-04 -3.63576664479E-04  8.19274584284E-02  9.71681330937E-02 -4.43628411844E-02
  1.1333452E+00  9.41582481425E-06 -9.12536278977E-05  1.57152568493E-04  1.52982815078E-03  6.67997631353E-01 -2.95184137451E-01
  6.3294538E-01 -6.19596397302E-06  5.80566756028E-05 -1.59574620396E-04  1.44634129700E-03  5.21275256082E-01 -3.34061205368E-01
  3.4800010E-01  3.20037058945E-06 -3.14158312318E-05  6.38640440065E-05 -2.04158525937E-04  1.30555740029E-01 -1.46030392583E-01
  1.8739735E-01 -1.74357820330E-06  1.59811478387E-05 -3.59490606991E-05  1.51914981639E-04  9.25346809263E-03  1.93563339989E-01
  9.5457425E-02  7.36334680368E-07 -7.39533803192E-06  1.72213541868E-05 -7.79042515753E-05  3.45031820887E-03  5.10809896247E-01
  4.8435729E-02 -3.09837903603E-07  2.73635637276E-06 -5.15388432341E-06  4.99237259258E-06  2.03891470078E-03  4.55234393894E-01
  2.4280403E-02  6.13169023212E-08 -6.82296552675E-07  1.69636473460E-06 -9.11082377175E-06  4.98981211478E-04  1.01994281433E-01
  W   s
  1.8739735E-01  1.00000000000E+00
  W   s
  4.8435729E-02  1.00000000000E+00
  W   s
  2.4280403E-02  1.00000000000E+00
  W   p
  5.3609439E+07  2.92842492124E-06 -1.47041161763E-06  7.13972252231E-07 -2.63206371206E-07
  1.4855009E+07  1.11751100688E-05 -5.61378754150E-06  2.71906454457E-06 -1.00007283035E-06
  4.5358814E+06  2.79875782366E-05 -1.41010431800E-05  6.84954856571E-06 -2.52508402737E-06
  1.5033066E+06  6.47740192642E-05 -3.26325390079E-05  1.58148247266E-05 -5.81736922707E-06
  5.3180668E+05  1.45767745159E-04 -7.37396497860E-05  3.58452146477E-05 -1.32161494563E-05
  1.9879132E+05  3.26856853555E-04 -1.65620237458E-04  8.03678985430E-05 -2.95734213539E-05
  7.8022969E+04  7.44308490512E-04 -3.79194198176E-04  1.84553741554E-04 -6.80558786010E-05
  3.2080496E+04  1.74740621430E-03 -8.93827227876E-04  4.34685908477E-04 -1.60052152089E-04
  1.3819183E+04  4.27840492420E-03 -2.20425513020E-03  1.07510387880E-03 -3.96579430554E-04
  6.2371520E+03  1.08053602033E-02 -5.61224552082E-03  2.73926069758E-03 -1.00952435153E-03
  2.9445083E+03  2.72422174418E-02 -1.43386812877E-02  7.02623906669E-03 -2.59407861942E-03
  1.4486417E+03  6.52300605511E-02 -3.50707200818E-02  1.72576036383E-02 -6.37120631847E-03
  7.3915063E+02  1.39489168016E-01 -7.75344768773E-02  3.84873681365E-02 -1.42484864672E-02
  3.8872466E+02  2.46441241276E-01 -1.43276269571E-01  7.18746120403E-02 -2.66384668749E-02
  2.0966698E+02  3.22241696869E-01 -1.93911552182E-01  9.83524234548E-02 -3.65989432401E-02
  1.1518899E+02  2.60956071398E-01 -1.11252964912E-01  4.77602249523E-02 -1.69295611756E-02
  6.4054716E+01  1.02994964571E-01  1.79382519955E-01 -1.38378976790E-01  5.54229175647E-02
  3.6303223E+01  1.34145951850E-02  4.65375556608E-01 -3.71020689898E-01  1.52432228636E-01
  2.0885271E+01  9.31477559639E-04  3.74255519998E-01 -2.71127465339E-01  1.04156452893E-01
  1.1965242E+01 -3.10559747758E-04  1.16156835839E-01  2.26003274147E-01 -1.30027312726E-01
  6.7137508E+00  7.55133478834E-05  1.16301938995E-02  5.62439780467E-01 -3.25248318514E-01
  3.7556932E+00 -1.07735268411E-04  9.96054569940E-04  3.74024669584E-01 -2.36412101015E-01
  2.0459508E+00  5.34892242102E-05 -3.07480820756E-06  8.20945208330E-02  1.71673946091E-01
  1.1024597E+00 -3.12956183293E-05  2.69961638455E-05  4.19590822567E-03  4.91153668117E-01
  5.8644331E-01  1.90598376560E-05 -3.45594456177E-05  9.22782118440E-04  4.06319308536E-01
  3.0657991E-01 -9.41600507778E-06  1.16726152451E-05 -1.93575621911E-04  1.42659913526E-01
  1.4414257E-01  4.74192581289E-06 -7.29927019513E-06  8.42721620520E-05  1.82914703322E-02
  6.9532302E-02 -2.54618868878E-06  3.73177712550E-06 -5.36623028574E-05  8.42959654929E-04
  3.3533384E-02  1.16730012388E-06 -1.71444822283E-06  2.22827561523E-05  4.31217451801E-04
  1.6049279E-02 -3.28150388045E-07  4.84719042423E-07 -6.36310552588E-06 -9.01061931491E-05
  W   p
  1.4414257E-01  1.00000000000E+00
  W   p
  6.9532302E-02  1.00000000000E+00
  W   p
  3.3533384E-02  1.00000000000E+00
  W   p
  1.6049279E-02  1.00000000000E+00
  W   d
  5.3980043E+04  1.59804000864E-05 -7.94342927783E-06  1.90073476688E-06
  1.3082378E+04  1.02162349671E-04 -5.08071570673E-05  1.21714985538E-05
  4.3946436E+03  5.59452663976E-04 -2.79374439830E-04  6.69190589638E-05
  1.7627043E+03  2.67824154591E-03 -1.34015010284E-03  3.21274089398E-04
  7.9340011E+02  1.09082458883E-02 -5.50089424200E-03  1.31983149022E-03
  3.8654776E+02  3.65515032430E-02 -1.85739257035E-02  4.46305588453E-03
  1.9886348E+02  9.89835092110E-02 -5.12224676024E-02  1.23402717931E-02
  1.0652881E+02  2.07635440144E-01 -1.08377062832E-01  2.61470606124E-02
  5.8479281E+01  3.17993243647E-01 -1.62208244068E-01  3.90003012009E-02
  3.2717024E+01  3.20168198855E-01 -1.30035250017E-01  2.96008850766E-02
  1.8383016E+01  1.76519989505E-01  8.53545047502E-02 -2.99099260265E-02
  1.0199655E+01  4.37908678826E-02  3.50520094999E-01 -1.01567844465E-01
  5.5717106E+00  3.84090837214E-03  4.19924996078E-01 -1.20066556104E-01
  2.9784222E+00  5.48759641717E-04  2.41115651279E-01 -2.60273033963E-02
  1.5234874E+00  3.83346269836E-05  5.60046723307E-02  1.71592545763E-01
  7.4464814E-01  2.87996209943E-05  3.49005055820E-03  3.39366952125E-01
  3.4869929E-01 -1.12316648535E-05  5.82302031492E-04  3.73410368308E-01
  1.5511823E-01  2.05755386122E-06 -8.37889931568E-06  2.71074322668E-01
  6.4363559E-02 -1.78496538709E-06  6.44480443248E-05  1.03128398924E-01
  W   d
  7.4464814E-01  1.00000000000E+00
  W   d
  3.4869929E-01  1.00000000000E+00
  W   d
  1.5511823E-01  1.00000000000E+00
  W   d
  6.4363559E-02  1.00000000000E+00
  W   f
  1.1794059E+03  1.20377947563E-04
  4.0180093E+02  1.18698014793E-03
  1.7150947E+02  6.96905767489E-03
  8.2325947E+01  2.78343038525E-02
  4.1919708E+01  7.91645264857E-02
  2.2128322E+01  1.70819981192E-01
  1.1814399E+01  2.67956536850E-01
  6.1885346E+00  3.19263278571E-01
  3.1019283E+00  2.87155806179E-01
  1.4303266E+00  1.73460780176E-01
  5.7199483E-01  4.78856439650E-02
  2.1756792E-01  1.71244031601E-03
  W   f
  1.4303266E+00  1.00000000000E+00
  W   f
  5.7199483E-01  1.00000000000E+00
  W   f
  2.1756792E-01  1.00000000000E+00
end
basis "Re_dyall_relpvqz(fi/sf/fw)" SPHERICAL
  Re  s
  6.3602863E+07  3.74235350622E-04 -1.44943603922E-04  6.90515327923E-05 -3.40618600063E-05  1.40348165577E-05 -4.07847525667E-06
  1.6921117E+07  8.28767308858E-04 -3.21455397416E-04  1.53161816549E-04 -7.55482043509E-05  3.11281120872E-05 -9.04580257253E-06
  5.7932776E+06  1.51412724623E-03 -5.88164531277E-04  2.80324040204E-04 -1.38301671676E-04  5.69889081217E-05 -1.65607103053E-05
  2.2073748E+06  2.55701575220E-03 -9.96333530190E-04  4.75024271950E-04 -2.34318768464E-04  9.65486716104E-05 -2.80570854185E-05
  9.2043510E+05  4.21374097502E-03 -1.64813266374E-03  7.86449128711E-04 -3.88120488786E-04  1.59947751009E-04 -4.64794962438E-05
  4.0582412E+05  6.83865692904E-03 -2.69044302258E-03  1.28493660977E-03 -6.33952583001E-04  2.61236762640E-04 -7.59152140060E-05
  1.8735143E+05  1.11587353916E-02 -4.42317212082E-03  2.11618111400E-03 -1.04491151704E-03  4.30696101194E-04 -1.25152186602E-04
  8.9310692E+04  1.83892536077E-02 -7.36496665885E-03  3.52981957923E-03 -1.74259207489E-03  7.18251732157E-04 -2.08726879179E-04
  4.3735454E+04  3.07644402581E-02 -1.24934496285E-02  6.00510059923E-03 -2.96801187313E-03  1.22375394041E-03 -3.55615629990E-04
  2.1880960E+04  5.20298259148E-02 -2.15522004301E-02  1.03934942805E-02 -5.13807317919E-03  2.11873116487E-03 -6.15775116982E-04
  1.1150683E+04  8.76064435878E-02 -3.74093250372E-02  1.81395763611E-02 -8.98303948803E-03  3.70528728682E-03 -1.07672371898E-03
  5.7779379E+03  1.41916763422E-01 -6.36538157603E-02  3.11273683204E-02 -1.54395131450E-02  6.37122858086E-03 -1.85178984313E-03
  3.0461933E+03  2.08851434323E-01 -1.01678555775E-01  5.04606273527E-02 -2.51316250605E-02  1.03780053871E-02 -3.01608051093E-03
  1.6371339E+03  2.55669330195E-01 -1.41424401209E-01  7.19023538946E-02 -3.60113348353E-02  1.48980682434E-02 -4.33236962736E-03
  8.9861614E+02  2.28055464039E-01 -1.45632916237E-01  7.63158516667E-02 -3.85406308090E-02  1.59629915652E-02 -4.63999472005E-03
  5.0453219E+02  1.21699997289E-01 -4.85805566192E-02  2.23422564843E-02 -1.08641867099E-02  4.48714758582E-03 -1.30911085247E-03
  2.9161892E+02  2.86439404607E-02  1.70722179732E-01 -1.28327278707E-01  7.04512271171E-02 -2.98375961125E-02  8.71914406748E-03
  1.7695324E+02  2.49385628640E-03  3.54793062824E-01 -3.14180734660E-01  1.81340252826E-01 -7.73628490820E-02  2.25638234792E-02
  1.1350002E+02 -3.68928619873E-04  3.43006276211E-01 -3.73656481533E-01  2.25404333552E-01 -9.76956186870E-02  2.86731216366E-02
  7.3662056E+01  2.55406802235E-04  2.26342211293E-01 -2.52171217479E-01  1.63411332372E-01 -7.18785862040E-02  2.09859780167E-02
  4.5394705E+01 -3.07978016884E-04  6.58816699385E-02  2.22319795843E-01 -1.93936328398E-01  9.02761950128E-02 -2.65650745341E-02
  2.8576605E+01  1.50042298463E-04  3.15693355080E-03  6.30220091896E-01 -7.15827179432E-01  3.64974806961E-01 -1.09769164526E-01
  1.7570727E+01 -1.23218588641E-04  1.49972733744E-03  4.42358163280E-01 -5.90495645482E-01  2.97753820293E-01 -8.87056275657E-02
  1.0510149E+01  7.53054372712E-05 -7.87336343011E-04  1.07731347134E-01  2.05874337652E-01 -1.40807015337E-01  4.24771810247E-02
  6.2968071E+00 -4.82115499709E-05  2.74183175378E-04  6.65203659683E-03  7.70669056526E-01 -6.16652000290E-01  2.01248782773E-01
  3.7233958E+00  2.90955376360E-05 -2.45945571832E-04  2.03544821221E-03  4.84267988129E-01 -5.95677809964E-01  2.08331320981E-01
  2.1230480E+00 -1.91954210319E-05  1.35077270982E-04 -4.96289322947E-04  8.41924734610E-02  9.36083167177E-02 -4.45645156414E-02
  1.2298564E+00  1.13586738253E-05 -8.04729794312E-05  2.38866466305E-04  2.02800668365E-03  6.49910433418E-01 -2.94672676234E-01
  7.0283439E-01 -7.31975849520E-06  5.17664003159E-05 -2.12116442371E-04  1.46684084540E-03  5.29605492440E-01 -3.28629534125E-01
  3.9525820E-01  3.69372616179E-06 -2.68377869400E-05  8.68883839551E-05 -1.35683245348E-04  1.52697451337E-01 -1.62179363782E-01
  2.1736198E-01 -1.86126495849E-06  1.26599641770E-05 -4.51713309897E-05  1.29260006847E-04  1.33738326595E-02  1.60250393348E-01
  1.0873344E-01  6.99217673216E-07 -5.30170067981E-06  1.92378190829E-05 -6.00724916536E-05  3.69695966367E-03  4.98184480843E-01
  5.4219252E-02 -2.86552384441E-07  1.82469872098E-06 -5.43362189584E-06 -5.69705782155E-06  2.17768624079E-03  4.81864538498E-01
  2.6753492E-02  5.51302979292E-08 -4.79514151818E-07  1.89777490033E-06 -8.56669434434E-06  6.03670549175E-04  1.21217660108E-01
  Re  s
  2.1736198E-01  1.00000000000E+00
  Re  s
  5.4219252E-02  1.00000000000E+00
  Re  s
  2.6753492E-02  1.00000000000E+00
  Re  p
  5.4160834E+07  3.01115331271E-06 -1.51577978425E-06  7.39143421597E-07 -2.77657926813E-07
  1.5165049E+07  1.15703381504E-05 -5.82760094258E-06  2.83493993265E-06 -1.06234542912E-06
  4.6670369E+06  2.88664647513E-05 -1.45819187495E-05  7.11338004521E-06 -2.67207260571E-06
  1.5567308E+06  6.65414431297E-05 -3.36115881539E-05  1.63604746280E-05 -6.13152968869E-06
  5.5339332E+05  1.49149426406E-04 -7.56488194879E-05  3.69306531592E-05 -1.38745857258E-05
  2.0765636E+05  3.32687549077E-04 -1.69020510859E-04  8.23758987663E-05 -3.08839001488E-05
  8.1779948E+04  7.52434835208E-04 -3.84348270374E-04  1.87867518315E-04 -7.05921469883E-05
  3.3712742E+04  1.75306379447E-03 -8.99100925788E-04  4.39155657262E-04 -1.64748489013E-04
  1.4542625E+04  4.25720584887E-03 -2.19922798449E-03  1.07730892312E-03 -4.04934627294E-04
  6.5663390E+03  1.06707055668E-02 -5.55696766234E-03  2.72407934044E-03 -1.02288506146E-03
  3.0993698E+03  2.67588213425E-02 -1.41200064753E-02  6.94911970766E-03 -2.61432167844E-03
  1.5241592E+03  6.39278676031E-02 -3.44449813775E-02  1.70219259438E-02 -6.40288836642E-03
  7.7730718E+02  1.36868501250E-01 -7.62075488619E-02  3.79878115377E-02 -1.43307525478E-02
  4.0861284E+02  2.43103988456E-01 -1.41488137452E-01  7.12641401446E-02 -2.69107742134E-02
  2.2029035E+02  3.21278644036E-01 -1.93758839557E-01  9.87126892986E-02 -3.74372136754E-02
  1.2100149E+02  2.64746234196E-01 -1.16583081702E-01  5.11406742563E-02 -1.85492447947E-02
  6.7294151E+01  1.07328424727E-01  1.69648372699E-01 -1.32649611944E-01  5.42283607890E-02
  3.8146585E+01  1.45593908087E-02  4.61245492231E-01 -3.68836338024E-01  1.54604807930E-01
  2.1973906E+01  1.00761960667E-03  3.80780116887E-01 -2.81379805099E-01  1.10897920384E-01
  1.2614658E+01 -3.20142069963E-04  1.22308044324E-01  2.11628130149E-01 -1.25810865548E-01
  7.0848573E+00  8.13295621299E-05  1.27409144574E-02  5.63620896068E-01 -3.33971680331E-01
  3.9633385E+00 -1.12170103210E-04  1.00072781281E-03  3.84594297151E-01 -2.49247290083E-01
  2.1436701E+00  5.56569540819E-05  4.73604001017E-07  8.40131609169E-02  1.84251946572E-01
  1.1527070E+00 -3.20807678955E-05  1.58018746760E-05  3.46802768273E-03  5.08066497502E-01
  6.0997280E-01  1.96558436333E-05 -3.39103600088E-05  1.15544772295E-03  3.98275939603E-01
  3.1665140E-01 -9.60504505352E-06  9.72801972971E-06 -3.03988119848E-04  1.29653808455E-01
  1.4838013E-01  4.88238451991E-06 -6.84346895398E-06  1.41470951801E-04  1.54185006576E-02
  7.1046076E-02 -2.62509039185E-06  3.45144538788E-06 -8.30894617161E-05  8.34700465437E-04
  3.4179114E-02  1.21626055564E-06 -1.60244931352E-06  3.63737184660E-05  2.83523438471E-04
  1.6355002E-02 -3.44620491092E-07  4.57154657544E-07 -1.03954531607E-05 -5.87321737403E-05
  Re  p
  1.4838013E-01  1.00000000000E+00
  Re  p
  7.1046076E-02  1.00000000000E+00
  Re  p
  3.4179114E-02  1.00000000000E+00
  Re  p
  1.6355002E-02  1.00000000000E+00
  Re  d
  5.6798749E+04  1.60177142073E-05 -8.02237126310E-06  2.03931904589E-06
  1.3709774E+04  1.02033589922E-04 -5.11260568209E-05  1.30207611034E-05
  4.5917735E+03  5.55525534701E-04 -2.79534724529E-04  7.11454684325E-05
  1.8382681E+03  2.65017066449E-03 -1.33617191442E-03  3.40501621710E-04
  8.2623507E+02  1.07897862344E-02 -5.48286403373E-03  1.39797247698E-03
  4.0204410E+02  3.62307468370E-02 -1.85511470240E-02  4.73855455705E-03
  2.0660807E+02  9.84167757421E-02 -5.13200475105E-02  1.31405915426E-02
  1.1058796E+02  2.07080505442E-01 -1.08929312185E-01  2.79418066809E-02
  6.0695894E+01  3.17758839976E-01 -1.63419226032E-01  4.17561216117E-02
  3.3977162E+01  3.20308511487E-01 -1.31164989571E-01  3.17094677964E-02
  1.9115601E+01  1.77243603913E-01  8.47410252271E-02 -3.20049749547E-02
  1.0628427E+01  4.43693611021E-02  3.50620063920E-01 -1.08521160455E-01
  5.8247645E+00  3.92434001241E-03  4.20704351883E-01 -1.28927648425E-01
  3.1281558E+00  5.45694556766E-04  2.40133016575E-01 -2.52563772768E-02
  1.6095628E+00  2.79477793957E-05  5.49336981580E-02  1.86659452634E-01
  7.9562027E-01  2.66359612686E-05  3.37511370245E-03  3.52339715628E-01
  3.7717488E-01 -1.32712560214E-05  6.26105278607E-04  3.68906288885E-01
  1.6992564E-01  1.70679793962E-06  1.61312280052E-05  2.53093831398E-01
  7.1382388E-02 -2.00944353822E-06  7.03015167340E-05  8.89188314804E-02
  Re  d
  7.9562027E-01  1.00000000000E+00
  Re  d
  3.7717488E-01  1.00000000000E+00
  Re  d
  1.6992564E-01  1.00000000000E+00
  Re  d
  7.1382388E-02  1.00000000000E+00
  Re  f
  1.2664595E+03  1.13594466537E-04
  4.3075057E+02  1.12347080571E-03
  1.8381750E+02  6.63287000750E-03
  8.8247740E+01  2.68046109562E-02
  4.5004851E+01  7.70333484098E-02
  2.3800741E+01  1.68216524199E-01
  1.2752196E+01  2.67117255056E-01
  6.7179368E+00  3.20725933138E-01
  3.3992518E+00  2.87937349984E-01
  1.5912492E+00  1.70169479903E-01
  6.5110611E-01  4.52811682605E-02
  2.5079181E-01  1.74738736138E-03
  Re  f
  1.5912492E+00  1.00000000000E+00
  Re  f
  6.5110611E-01  1.00000000000E+00
  Re  f
  2.5079181E-01  1.00000000000E+00
end
basis "Os_dyall_relpvqz(fi/sf/fw)" SPHERICAL
  Os  s
  6.2722200E+07  4.02038654780E-04 -1.56428879272E-04  7.46574159935E-05 -3.69493958492E-05  1.54236203117E-05 -4.51322245425E-06
  1.6691888E+07  8.88086799206E-04 -3.46072115225E-04  1.65194267093E-04 -8.17579664065E-05  3.41270760313E-05 -9.98620698384E-06
  5.7202814E+06  1.61662827387E-03 -6.30907479648E-04  3.01234411830E-04 -1.49106784683E-04  6.22446564623E-05 -1.82138604361E-05
  2.1834202E+06  2.71775548648E-03 -1.06409655749E-03  5.08291282477E-04 -2.51586196539E-04  1.05018421889E-04 -3.07303040506E-05
  9.1279212E+05  4.45778960717E-03 -1.75199952691E-03  8.37511562042E-04 -4.14663956791E-04  1.73122303452E-04 -5.06581286001E-05
  4.0364118E+05  7.19570740395E-03 -2.84553721661E-03  1.36168013510E-03 -6.74155556093E-04  2.81431686147E-04 -8.23512838459E-05
  1.8701900E+05  1.16704305550E-02 -4.64984204800E-03  2.22870895431E-03 -1.10402993245E-03  4.61030407076E-04 -1.34903929041E-04
  8.9455107E+04  1.91412226189E-02 -7.70965071437E-03  3.70262981418E-03 -1.83437349099E-03  7.65976253123E-04 -2.24143807071E-04
  4.3872107E+04  3.19764802697E-02 -1.30605805089E-02  6.29002077626E-03 -3.11891340109E-03  1.30279649664E-03 -3.81221071767E-04
  2.1918233E+04  5.41322752161E-02 -2.25713079330E-02  1.09091839852E-02 -5.41188296168E-03  2.26054831378E-03 -6.61509831637E-04
  1.1126912E+04  9.12217192802E-02 -3.92320816751E-02  1.90672964414E-02 -9.47445795305E-03  3.95955909183E-03 -1.15869006243E-03
  5.7370167E+03  1.47425216785E-01 -6.67218506588E-02  3.27190229844E-02 -1.62918069993E-02  6.81092602923E-03 -1.99334253573E-03
  3.0101895E+03  2.15009756390E-01 -1.05834425414E-01  5.26913538192E-02 -2.63355817856E-02  1.10216552819E-02 -3.22590329493E-03
  1.6122153E+03  2.57773594606E-01 -1.44581108247E-01  7.37856454268E-02 -3.71097409716E-02  1.55506217981E-02 -4.55304603395E-03
  8.8402523E+02  2.21475096009E-01 -1.41653886533E-01  7.44204238592E-02 -3.76894284336E-02  1.58245188590E-02 -4.63312215887E-03
  4.9770697E+02  1.11315155213E-01 -3.41325419226E-02  1.34421636995E-02 -6.26358396209E-03  2.56593704126E-03 -7.51141413674E-04
  2.9301159E+02  2.41463930564E-02  1.79733185108E-01 -1.35821082757E-01  7.51253522509E-02 -3.21708798547E-02  9.45754513429E-03
  1.8041573E+02  3.02868314840E-03  3.50957038248E-01 -3.14747642493E-01  1.82356626450E-01 -7.90950489689E-02  2.32633329674E-02
  1.1535774E+02 -8.96459648538E-04  3.51527822855E-01 -3.82639813711E-01  2.33003743966E-01 -1.02006172760E-01  3.01022482651E-02
  7.4326545E+01  6.63488229554E-04  2.09821597952E-01 -2.39353880895E-01  1.55283790539E-01 -7.00605843699E-02  2.06903303873E-02
  4.8177892E+01 -5.84732189999E-04  6.00417284254E-02  2.07266678464E-01 -1.77135856075E-01  8.43599057223E-02 -2.51161526881E-02
  3.0325505E+01  2.89411341519E-04  8.11321920206E-03  6.21079854826E-01 -7.03378220214E-01  3.61505125538E-01 -1.09383833893E-01
  1.8603500E+01 -2.00517129521E-04 -2.66281746933E-04  4.67022658207E-01 -6.21401468818E-01  3.21622163584E-01 -9.70021283299E-02
  1.0987773E+01  1.20025291813E-04  1.85729184108E-04  1.15070381129E-01  1.88294654310E-01 -1.37715606955E-01  4.23966004510E-02
  6.5657297E+00 -7.92568735474E-05 -3.27074160693E-04  5.96754334859E-03  7.85531522704E-01 -6.30764024113E-01  2.07460824362E-01
  3.8995318E+00  5.50739707290E-05  1.26505768161E-04  2.47257177842E-03  4.66126270694E-01 -6.20745981688E-01  2.22117730431E-01
  2.4498452E+00 -3.33582028212E-05 -8.81628602781E-05 -6.75158740143E-04  9.08873425445E-02  9.62324169900E-02 -4.79583554329E-02
  1.3087804E+00  1.48742552886E-05  4.78795001061E-05  2.13025270621E-04  1.28659104471E-02  6.81232624026E-01 -3.16216864527E-01
  7.4086736E-01 -9.72010493096E-06 -2.47211902785E-05 -2.00625135077E-04 -2.81191731936E-03  5.26354721800E-01 -3.31334262620E-01
  4.1717813E-01  4.76542474641E-06  1.42496858117E-05  7.63912072857E-05  1.83425414151E-03  1.47585131951E-01 -1.42757228522E-01
  2.1545647E-01 -2.30787997748E-06 -6.42433575246E-06 -3.88024081966E-05 -7.18208057972E-04  1.29351195439E-02  1.93125113023E-01
  1.0893299E-01  1.00374046190E-06  2.85338835408E-06  1.85408533500E-05  3.12852533120E-04  2.85922660797E-03  5.05019471106E-01
  5.4644572E-02 -4.21421546109E-07 -1.29166911759E-06 -5.24068160712E-06 -1.52170332717E-04  2.22864170370E-03  4.52227723358E-01
  2.7088194E-02  9.15871600279E-08  2.20098978166E-07  1.90217295721E-06  2.58604593015E-05  4.85349375387E-04  1.04941564782E-01
  Os  s
  2.1545647E-01  1.00000000000E+00
  Os  s
  5.4644572E-02  1.00000000000E+00
  Os  s
  2.7088194E-02  1.00000000000E+00
  Os  p
  5.4702433E+07  3.06592449698E-06 -1.54709359159E-06  7.57659873122E-07 -2.89500555771E-07
  1.5522873E+07  1.19118712785E-05 -6.01510474883E-06  2.93896670873E-06 -1.12048200100E-06
  4.8207137E+06  2.96304458963E-05 -1.50059275596E-05  7.35168776198E-06 -2.80900937234E-06
  1.6193828E+06  6.80167665597E-05 -3.44460658784E-05  1.68402037873E-05 -6.42113638195E-06
  5.7883979E+05  1.51751184613E-04 -7.71644909430E-05  3.78328110842E-05 -1.44576804024E-05
  2.1811521E+05  3.36807843114E-04 -1.71555826305E-04  8.39776337915E-05 -3.20319334952E-05
  8.6153341E+04  7.57368269526E-04 -3.87854810702E-04  1.90401826693E-04 -7.27753037657E-05
  3.5582204E+04  1.75177069380E-03 -9.00754065086E-04  4.41883304544E-04 -1.68651121829E-04
  1.5362997E+04  4.21922703944E-03 -2.18524368993E-03  1.07513336020E-03 -4.11086548358E-04
  6.9371626E+03  1.04957172244E-02 -5.47975441943E-03  2.69790337019E-03 -1.03063136365E-03
  3.2728678E+03  2.61808936832E-02 -1.38483124056E-02  6.84514264947E-03 -2.61970563127E-03
  1.6084259E+03  6.24136661555E-02 -3.36963562862E-02  1.67224954402E-02 -6.39929922422E-03
  8.1975505E+02  1.33852897785E-01 -7.46385947321E-02  3.73623589266E-02 -1.43384621626E-02
  4.3071237E+02  2.39153756468E-01 -1.39299830628E-01  7.04395701195E-02 -2.70605027096E-02
  2.3213252E+02  3.19826493882E-01 -1.93274338228E-01  9.89096279581E-02 -3.81638922459E-02
  1.2753106E+02  2.68903829927E-01 -1.22722132305E-01  5.50617347774E-02 -2.04253242954E-02
  7.0997917E+01  1.12659879355E-01  1.56868888336E-01 -1.24709772034E-01  5.19990246229E-02
  4.0276118E+01  1.62221050441E-02  4.54723189811E-01 -3.64470455290E-01  1.55517996244E-01
  2.3241097E+01  1.07349672280E-03  3.89426541228E-01 -2.94519311244E-01  1.19263408434E-01
  1.3373491E+01 -3.02245967485E-04  1.30827653285E-01  1.90792965788E-01 -1.18206704510E-01
  7.5326897E+00  7.44276905696E-05  1.43893833646E-02  5.59791025975E-01 -3.37786180290E-01
  4.2412212E+00 -1.13648209111E-04  1.04721009626E-03  3.96779407448E-01 -2.66807035607E-01
  2.3304019E+00  5.68736118178E-05  1.20731121747E-05  9.22289786836E-02  1.67019403944E-01
  1.2640445E+00 -3.18803947614E-05  6.61515497750E-06  5.10555350445E-03  5.05355361237E-01
  6.7308110E-01  1.94504758897E-05 -3.52180638222E-05  9.78158898226E-04  4.09863873414E-01
  3.5016338E-01 -8.99847110698E-06  7.34801678950E-06 -1.61525501222E-04  1.39659569343E-01
  1.6250069E-01  4.46463337549E-06 -6.24944019061E-06  8.10761739038E-05  1.69564577227E-02
  7.7109863E-02 -2.34548171151E-06  2.96414673547E-06 -4.88795554723E-05  6.63684856699E-04
  3.6580168E-02  1.07505407118E-06 -1.36119281073E-06  2.02362685741E-05  3.47500850524E-04
  1.7236010E-02 -3.05729059145E-07  3.90798860748E-07 -5.85429684988E-06 -7.63023598699E-05
  Os  p
  1.6250069E-01  1.00000000000E+00
  Os  p
  7.7109863E-02  1.00000000000E+00
  Os  p
  3.6580168E-02  1.00000000000E+00
  Os  p
  1.7236010E-02  1.00000000000E+00
  Os  d
  6.1024283E+04  1.55488188910E-05 -7.84371791277E-06  2.09583835171E-06
  1.4692679E+04  9.81246608648E-05 -4.95445402717E-05  1.32692876753E-05
  4.9051336E+03  5.30065355707E-04 -2.68690490742E-04  7.18909999113E-05
  1.9579044E+03  2.52101670310E-03 -1.28063021170E-03  3.43168944186E-04
  8.7787916E+02  1.02812292326E-02 -5.26268600563E-03  1.41073675720E-03
  4.2643111E+02  3.47069601857E-02 -1.79006061823E-02  4.80806171238E-03
  2.1887206E+02  9.50126772000E-02 -4.98884971123E-02  1.34308223032E-02
  1.1705532E+02  2.02223529364E-01 -1.07218457299E-01  2.89273906178E-02
  6.4219292E+01  3.14746623488E-01 -1.63451561334E-01  4.39269375510E-02
  3.5937939E+01  3.23565244278E-01 -1.36338474749E-01  3.48366696740E-02
  2.0225084E+01  1.83583817347E-01  7.53617784740E-02 -3.11459899570E-02
  1.1261071E+01  4.75086040958E-02  3.45548925149E-01 -1.13191564998E-01
  6.1854487E+00  4.33899032187E-03  4.24250280592E-01 -1.37907617555E-01
  3.3371404E+00  5.60565881149E-04  2.45180771744E-01 -2.90894740400E-02
  1.7304695E+00  2.20279006140E-05  5.68609285459E-02  1.94308160305E-01
  8.6341140E-01  2.52425377095E-05  3.66395559840E-03  3.60672808982E-01
  4.1297429E-01 -1.53180394189E-05  6.65441067017E-04  3.66657618537E-01
  1.8754267E-01  1.27217952132E-06  4.99349793811E-05  2.42562906617E-01
  7.9256192E-02 -2.25087986289E-06  7.43794553736E-05  8.09129449757E-02
  Os  d
  8.6341140E-01  1.00000000000E+00
  Os  d
  4.1297429E-01  1.00000000000E+00
  Os  d
  1.8754267E-01  1.00000000000E+00
  Os  d
  7.9256192E-02  1.00000000000E+00
  Os  f
  1.3510434E+03  1.08610329873E-04
  4.5876705E+02  1.07645370214E-03
  1.9570155E+02  6.38464273628E-03
  9.3951720E+01  2.60521692668E-02
  4.7970864E+01  7.55356313936E-02
  2.5408059E+01  1.66489212769E-01
  1.3653935E+01  2.66814081486E-01
  7.2290199E+00  3.22021122210E-01
  3.6887249E+00  2.88007050422E-01
  1.7495829E+00  1.66613697506E-01
  7.2991987E-01  4.29033949453E-02
  2.8417474E-01  1.76335353532E-03
  Os  f
  1.7495829E+00  1.00000000000E+00
  Os  f
  7.2991987E-01  1.00000000000E+00
  Os  f
  2.8417474E-01  1.00000000000E+00
end
basis "Ir_dyall_relpvqz(fi/sf/fw)" SPHERICAL
  Ir  s
  6.2632457E+07  4.28523196030E-04 -1.67522778598E-04  8.00957522682E-05 -3.97734810714E-05 -1.68042383763E-05 -4.93858534040E-06
  1.6668377E+07  9.44723276527E-04 -3.69874047973E-04  1.76882992202E-04 -8.78347925672E-05 -3.71107717353E-05 -1.09065399359E-05
  5.7097097E+06  1.71663168321E-03 -6.73149632814E-04  3.21975456091E-04 -1.59909128140E-04 -6.75632821394E-05 -1.98560399239E-05
  2.1773440E+06  2.88100545937E-03 -1.13336802145E-03  5.42416543622E-04 -2.69371047529E-04 -1.13817853861E-04 -3.34502609798E-05
  9.0923239E+05  4.71721908696E-03 -1.86322617152E-03  8.92231182662E-04 -4.43258281301E-04 -1.87295827122E-04 -5.50434655247E-05
  4.0171747E+05  7.59308547888E-03 -3.01761769097E-03  1.44689761183E-03 -7.18717849129E-04 -3.03721189255E-04 -8.92615329532E-05
  1.8624645E+05  1.22430800581E-02 -4.90469423595E-03  2.35484110260E-03 -1.17054410387E-03 -4.94689814947E-04 -1.45380405968E-04
  8.9430094E+04  1.98540928798E-02 -8.04078210292E-03  3.86973305328E-03 -1.92338940443E-03 -8.13010044965E-04 -2.38945295193E-04
  4.4243040E+04  3.25728424067E-02 -1.33843750009E-02  6.45689865409E-03 -3.21304299545E-03 -1.35831996877E-03 -3.99201772480E-04
  2.2422615E+04  5.37612260270E-02 -2.25428481915E-02  1.09193303779E-02 -5.43449333019E-03 -2.29797048797E-03 -6.75407503064E-04
  1.1615563E+04  8.78837159499E-02 -3.79833780251E-02  1.84883548540E-02 -9.22009514196E-03 -3.89957307542E-03 -1.14605626655E-03
  6.1392268E+03  1.38184108692E-01 -6.26242934311E-02  3.07567365789E-02 -1.53571392209E-02 -6.49898383546E-03 -1.91029193586E-03
  3.3077591E+03  1.99114823528E-01 -9.74454780982E-02  4.84934033762E-02 -2.43252248512E-02 -1.03016991311E-02 -3.02807769873E-03
  1.8165542E+03  2.43574445622E-01 -1.33992753680E-01  6.82532284225E-02 -3.43711314406E-02 -1.45776767240E-02 -4.28687132910E-03
  1.0177194E+03  2.25126977892E-01 -1.41671177119E-01  7.40736867132E-02 -3.76766530767E-02 -1.60075286600E-02 -4.70727864947E-03
  5.8277457E+02  1.32743801477E-01 -6.52614131666E-02  3.24892098905E-02 -1.60869855983E-02 -6.81234179955E-03 -2.00504035383E-03
  3.4258918E+02  3.91583618289E-02  1.22414646455E-01 -9.27620122533E-02  5.08131940111E-02  2.20232611365E-02  6.50380180618E-03
  2.0843540E+02  4.32691958502E-03  3.32651469740E-01 -2.83020454289E-01  1.63648088135E-01  7.16310582625E-02  2.11567965116E-02
  1.2897151E+02  3.64045227349E-05  3.95549441575E-01 -4.23398022967E-01  2.54744574802E-01  1.12819084675E-01  3.34247568677E-02
  7.9127728E+01 -2.49548651495E-05  2.53301936043E-01 -2.74506113647E-01  1.80640444508E-01  8.21268128153E-02  2.43837811253E-02
  4.6130893E+01 -1.28636859863E-04  6.26178906278E-02  2.92306578248E-01 -2.70430913100E-01 -1.32014022355E-01 -3.96361774843E-02
  2.8962076E+01  3.16267170934E-05 -1.99999775135E-03  6.24578430838E-01 -7.29426536083E-01 -3.85459837110E-01 -1.17578122171E-01
  1.8419384E+01 -6.83336863935E-05  3.84137911353E-03  3.62796518686E-01 -5.12241847910E-01 -2.62859834116E-01 -7.90668712171E-02
  1.2319509E+01  3.65329709324E-05 -2.12143593548E-03  1.14612141837E-01  1.30158983042E-01  8.81698353983E-02  2.61819093134E-02
  7.2638879E+00 -1.97176641132E-05  7.26868363208E-04  1.85560822773E-02  7.61823814447E-01  6.19464531475E-01  2.04789745701E-01
  4.2595464E+00  9.26820457342E-06 -4.55889382573E-04 -6.89601829611E-04  5.61324919320E-01  6.80295632953E-01  2.42420253991E-01
  2.3131504E+00 -7.02954454788E-06  2.62761389719E-04  9.73938681087E-04  9.82050490468E-02 -8.52552066492E-02 -4.80512660937E-02
  1.3863194E+00  4.14553537600E-06 -1.78265045862E-04 -7.05665090175E-04 -3.54194506567E-03 -6.65680350385E-01 -3.09916362939E-01
  8.0618429E-01 -2.79390895003E-06  1.05041522468E-04  3.08033441639E-04  3.61799767913E-03 -5.13981314659E-01 -3.23197834509E-01
  4.6660701E-01  1.19651335360E-06 -4.79155100409E-05 -1.68245029347E-04 -8.34375618400E-04 -1.69059873411E-01 -1.43570688334E-01
  2.2410950E-01 -5.37413776789E-07  1.91880849248E-05  6.17773797631E-05  3.72171810719E-04 -1.66945242003E-02  1.89682109805E-01
  1.1629622E-01  2.06409303222E-07 -1.00381000027E-05 -2.98460116365E-05 -1.93932900440E-04 -1.32125852902E-03  4.86306801376E-01
  5.8734264E-02 -1.12338952429E-07  3.70389146973E-06  1.37739343342E-05  4.30784914935E-05 -2.67691615098E-03  4.54984755115E-01
  2.9002058E-02  1.05904437130E-08 -9.05530991127E-07 -2.43333520307E-06 -2.05672128254E-05 -4.34252621313E-04  1.14764585635E-01
  Ir  s
  2.2410950E-01  1.00000000000E+00
  Ir  s
  5.8734264E-02  1.00000000000E+00
  Ir  s
  2.9002058E-02  1.00000000000E+00
  Ir  p
  5.6087813E+07  3.06923120232E-06 -1.55239148870E-06  7.63435259232E-07 -2.96307368574E-07
  1.6153892E+07  1.20831240927E-05 -6.11713700044E-06  3.00220568125E-06 -1.16280380656E-06
  5.0677109E+06  2.99489896630E-05 -1.52047607631E-05  7.48035136137E-06 -2.90323193902E-06
  1.7164343E+06  6.83501724901E-05 -3.47025957775E-05  1.70415624245E-05 -6.60131234419E-06
  6.1777787E+05  1.51503461833E-04 -7.72270833192E-05  3.80228340412E-05 -1.47595307074E-05
  2.3405955E+05  3.34036565599E-04 -1.70562798947E-04  8.38623058763E-05 -3.24964678303E-05
  9.2800345E+04  7.45730808863E-04 -3.82812597666E-04  1.88723358756E-04 -7.32735919167E-05
  3.8418330E+04  1.70830049930E-03 -8.80479385602E-04  4.33828444372E-04 -1.68204535425E-04
  1.6614372E+04  4.06592370241E-03 -2.11078113210E-03  1.04295374378E-03 -4.05100453398E-04
  7.5084764E+03  1.00085932987E-02 -5.23666501242E-03  2.58926314231E-03 -1.00479193779E-03
  3.5413341E+03  2.48218074093E-02 -1.31539779277E-02  6.52950417032E-03 -2.53855110706E-03
  1.7382606E+03  5.91738111197E-02 -3.19804930002E-02  1.59346475076E-02 -6.19406820095E-03
  8.8452069E+02  1.27736468103E-01 -7.12406747539E-02  3.58007219499E-02 -1.39567030089E-02
  4.6403513E+02  2.31393226006E-01 -1.34646218303E-01  6.83225394293E-02 -2.66593665737E-02
  2.4974630E+02  3.17098389119E-01 -1.91973393735E-01  9.86856652775E-02 -3.86886778546E-02
  1.3710068E+02  2.77208001281E-01 -1.34263738270E-01  6.23379961402E-02 -2.36856694351E-02
  7.6326436E+01  1.23246850903E-01  1.32703405490E-01 -1.08956195420E-01  4.63202018666E-02
  4.3285764E+01  1.95710769087E-02  4.41730165701E-01 -3.53663547343E-01  1.53305034455E-01
  2.5017090E+01  1.25459267426E-03  4.05366692522E-01 -3.17279607811E-01  1.32406895211E-01
  1.4417902E+01 -2.77923966873E-04  1.47005914998E-01  1.53764007368E-01 -1.01758143815E-01
  8.1248927E+00  6.56188143264E-05  1.75399683529E-02  5.53331754596E-01 -3.38535370586E-01
  4.5904468E+00 -1.16146382464E-04  1.14643904196E-03  4.19152280423E-01 -2.90748972253E-01
  2.5389400E+00  5.82670582137E-05  3.30587577834E-05  1.04651026585E-01  1.43768827609E-01
  1.3883217E+00 -3.24584755045E-05 -1.99997641975E-06  6.46430824810E-03  5.01201061441E-01
  7.4380647E-01  1.98875979885E-05 -3.86880359385E-05  1.10746876015E-03  4.22466877419E-01
  3.8824218E-01 -8.68566388575E-06  5.79612406439E-06 -1.48760071106E-04  1.52384687783E-01
  1.7730746E-01  4.18678182135E-06 -6.23715741147E-06  8.44555333817E-05  1.90654635536E-02
  8.3178046E-02 -2.16268518685E-06  2.81446029156E-06 -4.92880394635E-05  3.21184210698E-04
  3.8896432E-02  9.87503813710E-07 -1.28887289956E-06  2.03076329915E-05  4.80359183947E-04
  1.8072660E-02 -2.83072867898E-07  3.74002276972E-07 -5.93939916445E-06 -1.13533136321E-04
  Ir  p
  1.7730746E-01  1.00000000000E+00
  Ir  p
  8.3178046E-02  1.00000000000E+00
  Ir  p
  3.8896432E-02  1.00000000000E+00
  Ir  p
  1.8072660E-02  1.00000000000E+00
  Ir  d
  6.4611894E+04  1.54087416851E-05 -7.82980029121E-06  2.18233145583E-06
  1.5520560E+04  9.65748874243E-05 -4.91272709823E-05  1.37285856484E-05
  5.1673228E+03  5.18368809898E-04 -2.64705619485E-04  7.38853481317E-05
  2.0574349E+03  2.45800977773E-03 -1.25794422976E-03  3.51711174501E-04
  9.2067122E+02  1.00273858341E-02 -5.17070974927E-03  1.44608097358E-03
  4.4658166E+02  3.39425436642E-02 -1.76355955408E-02  4.94250449182E-03
  2.2900269E+02  9.33007288097E-02 -4.93441786616E-02  1.38605562402E-02
  1.2241111E+02  1.99753046700E-01 -1.06723389400E-01  3.00489724641E-02
  6.7154203E+01  3.13128070301E-01 -1.64023181231E-01  4.60008060981E-02
  3.7589144E+01  3.24984720479E-01 -1.39209194622E-01  3.71693391043E-02
  2.1169241E+01  1.86805267858E-01  7.09311653047E-02 -3.14375563964E-02
  1.1804259E+01  4.92404203571E-02  3.43560220741E-01 -1.18105725715E-01
  6.5005834E+00  4.57232064488E-03  4.26184002534E-01 -1.45648264773E-01
  3.5230532E+00  5.65078650196E-04  2.46555707133E-01 -3.01360283593E-02
  1.8394438E+00  1.40194308855E-05  5.72044317159E-02  2.03735666395E-01
  9.2489216E-01  2.36835469729E-05  3.80500708151E-03  3.68083621077E-01
  4.4573515E-01 -1.73195143590E-05  6.91636063325E-04  3.63007927745E-01
  2.0390409E-01  8.68963764753E-07  8.06941224036E-05  2.32050165897E-01
  8.6705035E-02 -2.46206211935E-06  7.63545611086E-05  7.37485111219E-02
  Ir  d
  9.2489216E-01  1.00000000000E+00
  Ir  d
  4.4573515E-01  1.00000000000E+00
  Ir  d
  2.0390409E-01  1.00000000000E+00
  Ir  d
  8.6705035E-02  1.00000000000E+00
  Ir  f
  1.4337109E+03  1.04905548413E-04
  4.8606544E+02  1.04111312410E-03
  2.0726353E+02  6.19830872884E-03
  9.9496776E+01  2.54920387850E-02
  5.0854312E+01  7.44607525710E-02
  2.6973264E+01  1.65330964744E-01
  1.4533542E+01  2.66844068356E-01
  7.7292504E+00  3.23201628844E-01
  3.9738344E+00  2.87617858913E-01
  1.9067697E+00  1.62979977677E-01
  8.0900327E-01  4.07536783897E-02
  3.1790680E-01  1.77052452229E-03
  Ir  f
  1.9067697E+00  1.00000000000E+00
  Ir  f
  8.0900327E-01  1.00000000000E+00
  Ir  f
  3.1790680E-01  1.00000000000E+00
end
basis "Pt_dyall_relpvqz(fi/sf/fw)" SPHERICAL
  Pt  s
  6.2378099E+07  4.57298832760E-04 -1.79608119528E-04  8.60234955208E-05  4.28586033583E-05  1.83129103371E-05 -5.39533719209E-06
  1.6610117E+07  1.00538381402E-03 -3.95476183602E-04  1.89449391340E-04  9.43878632496E-05  4.03300607865E-05 -1.18818442639E-05
  5.6965785E+06  1.82016581709E-03 -7.17132846813E-04  3.43625076545E-04  1.71226228879E-04  7.31666179724E-05 -2.15565682015E-05
  2.1756024E+06  3.04330953146E-03 -1.20299462352E-03  5.76712409689E-04  2.87361489905E-04  1.22787508564E-04 -3.61745166747E-05
  9.0970019E+05  4.96734666467E-03 -1.97163072831E-03  9.45892848237E-04  4.71471857243E-04  2.01488485863E-04 -5.93642255625E-05
  4.0237922E+05  7.96365670333E-03 -3.18093752602E-03  1.52775958371E-03  7.61451425558E-04  3.25393790792E-04 -9.58620224404E-05
  1.8686049E+05  1.27810896927E-02 -5.14707287835E-03  2.47602454717E-03  1.23484627451E-03  5.27836420395E-04 -1.55517673371E-04
  8.9836786E+04  2.06661706621E-02 -8.41628480334E-03  4.05733712630E-03  2.02356584037E-03  8.64932112296E-04 -2.54811112716E-04
  4.4412747E+04  3.39088437830E-02 -1.40162429448E-02  6.77601213660E-03  3.38297492289E-03  1.44659363457E-03 -4.26242494279E-04
  2.2441780E+04  5.60069313182E-02 -2.36394042517E-02  1.14718823431E-02  5.72979011139E-03  2.45006888026E-03 -7.21829773485E-04
  1.1580965E+04  9.13686086820E-02 -3.97819986597E-02  1.94112424276E-02  9.71235151598E-03  4.15513118826E-03 -1.22436836696E-03
  6.1019949E+03  1.42763341102E-01 -6.52650610496E-02  3.21270213884E-02  1.61008063023E-02  6.89011344708E-03 -2.03005481178E-03
  3.2811068E+03  2.03680336274E-01 -1.00715249704E-01  5.02845932409E-02  2.53083354548E-02  1.08424324138E-02 -3.19561943624E-03
  1.7987943E+03  2.45480805709E-01 -1.36631724181E-01  6.98106755516E-02  3.53053040373E-02  1.51419897276E-02 -4.46286665303E-03
  1.0055354E+03  2.21219763312E-01 -1.39766196756E-01  7.33178331029E-02  3.73927208669E-02  1.60746381019E-02 -4.74124002048E-03
  5.7394387E+02  1.24698481066E-01 -5.25789516635E-02  2.46110216002E-02  1.20542303653E-02  5.12574121417E-03 -1.50626813891E-03
  3.3555893E+02  3.37195985256E-02  1.49519015046E-01 -1.13493118235E-01 -6.28338004442E-02 -2.75339546940E-02  8.13959050540E-03
  2.0344160E+02  3.08778611937E-03  3.50795209249E-01 -3.07364452790E-01 -1.79106540981E-01 -7.95188272049E-02  2.35841587525E-02
  1.2691635E+02 -1.72782854411E-05  3.76017056642E-01 -4.09859447829E-01 -2.49489762469E-01 -1.11808586269E-01  3.31722758842E-02
  7.9359993E+01 -3.21974612315E-05  2.28820430437E-01 -2.44740848683E-01 -1.61891416185E-01 -7.50554618346E-02  2.24494651856E-02
  4.7803711E+01 -1.20415054140E-04  5.67393615392E-02  2.97786129253E-01  2.74296255387E-01  1.36622456270E-01 -4.13575929793E-02
  2.9780005E+01  1.77538589320E-05  1.26914788191E-03  6.44650358751E-01  7.67611680246E-01  4.09092474445E-01 -1.24824440793E-01
  1.8271802E+01 -4.72613086597E-05  1.59079156765E-03  3.83520220036E-01  5.06250215103E-01  2.65048275901E-01 -8.07892060069E-02
  1.1249627E+01  3.01509866799E-05 -1.02739382018E-03  8.13510696779E-02 -2.78873428965E-01 -1.92309962401E-01  5.99938163880E-02
  6.9501429E+00 -2.26583276416E-05  4.67450267395E-04  8.48992041105E-03 -7.33825923305E-01 -6.38902383908E-01  2.14982774020E-01
  4.2935494E+00  1.32175399963E-05 -3.58871136605E-04  4.11362137878E-04 -4.65896272808E-01 -6.06441317840E-01  2.20080822758E-01
  2.5603157E+00 -8.83820562101E-06  1.84920554682E-04  3.51299412255E-04 -9.77480607568E-02  7.91781492761E-02 -4.73456896109E-02
  1.5006061E+00  3.73698059171E-06 -9.10932570465E-05 -2.66988395369E-04 -3.60120281749E-03  6.72748980106E-01 -3.16295323202E-01
  8.5208386E-01 -2.41207839289E-06  4.87463417975E-05  4.84549978069E-05 -1.67072216858E-03  5.56056357827E-01 -3.47408990402E-01
  4.6593475E-01  8.09363992577E-07 -2.02703778413E-05 -5.01859571300E-05  1.42078897918E-04  1.52402958793E-01 -1.27491601228E-01
  2.2835045E-01 -4.59737411439E-07  8.84338130280E-06  1.72979294779E-05 -1.47482182510E-04  1.04609798581E-02  2.30814044374E-01
  1.1429192E-01  1.78365418588E-07 -4.61754898646E-06 -7.01109022396E-06  9.20843038968E-05  2.94689563807E-03  5.08422744866E-01
  5.7390836E-02 -9.43394517176E-08  1.70232722437E-06  5.14550146533E-06 -6.41231155068E-06  1.90086313568E-03  4.17941424157E-01
  2.8637438E-02  1.30867569437E-08 -4.76955183664E-07 -5.49371082036E-07  1.15065607964E-05  4.43914272620E-04  9.17005265829E-02
  Pt  s
  2.2835045E-01  1.00000000000E+00
  Pt  s
  5.7390836E-02  1.00000000000E+00
  Pt  s
  2.8637438E-02  1.00000000000E+00
  Pt  p
  5.6847512E+07  3.13501223516E-06 -1.58938906672E-06  7.85010918019E-07 -3.09128891167E-07
  1.6555699E+07  1.24383085156E-05 -6.31279910050E-06  3.11158908323E-06 -1.22268614539E-06
  5.2359572E+06  3.07382433298E-05 -1.56435194265E-05  7.72944015380E-06 -3.04365521076E-06
  1.7839641E+06  6.99538408693E-05 -3.56069146947E-05  1.75611765139E-05 -6.90150897555E-06
  6.4482116E+05  1.54485903684E-04 -7.89395296709E-05  3.90338874150E-05 -1.53729737314E-05
  2.4514211E+05  3.38974081046E-04 -1.73520878117E-04  8.56851278233E-05 -3.36856721933E-05
  9.7475601E+04  7.52242159667E-04 -3.87096715343E-04  1.91661782440E-04 -7.55002836547E-05
  4.0432196E+04  1.71266655975E-03 -8.84957141442E-04  4.37919167113E-04 -1.72260764455E-04
  1.7491403E+04  4.05168971969E-03 -2.10860610017E-03  1.04641399655E-03 -4.12379616127E-04
  7.8991940E+03  9.90860338172E-03 -5.19746518646E-03  2.58100763856E-03 -1.01616852944E-03
  3.7228512E+03  2.44317764235E-02 -1.29780835658E-02  6.47025464524E-03 -2.55229809612E-03
  1.8261078E+03  5.80946075483E-02 -3.14640490783E-02  1.57440717300E-02 -6.20908566877E-03
  9.2840132E+02  1.25555656617E-01 -7.01381363224E-02  3.53958015723E-02 -1.40007509975E-02
  4.8658729E+02  2.28513451506E-01 -1.33124226054E-01  6.78242653041E-02 -2.68500431162E-02
  2.6166269E+02  3.15838152398E-01 -1.91487858021E-01  9.88578805630E-02 -3.93271988034E-02
  1.4358357E+02  2.80123678529E-01 -1.38289209534E-01  6.50089451925E-02 -2.51095305242E-02
  7.9905847E+01  1.27424208333E-01  1.24859654227E-01 -1.04392173813E-01  4.51407727177E-02
  4.5234049E+01  2.08626643342E-02  4.39460720686E-01 -3.53334061002E-01  1.55587783955E-01
  2.6101909E+01  1.29985907470E-03  4.10278593697E-01 -3.23995759753E-01  1.37564136450E-01
  1.5033503E+01 -2.73377889821E-04  1.50576566511E-01  1.47939665484E-01 -1.00752408793E-01
  8.4691343E+00  6.50639285430E-05  1.82245380306E-02  5.56265295311E-01 -3.47809820905E-01
  4.7845135E+00 -1.17254844683E-04  1.09187515372E-03  4.22598732701E-01 -2.98831175812E-01
  2.6400203E+00  5.94018734054E-05  4.86346643938E-05  1.03420486116E-01  1.60393241295E-01
  1.4379999E+00 -3.22220769534E-05 -2.60159110297E-05  6.02637235923E-03  5.16819706539E-01
  7.6620194E-01  2.00345570165E-05 -3.13399805034E-05  1.10500773162E-03  4.13803075085E-01
  3.9734304E-01 -8.68678473322E-06  7.10478947320E-07 -1.49807373577E-04  1.38856466720E-01
  1.8131035E-01  4.25137662236E-06 -4.23930106042E-06  8.84195642008E-05  1.60694309291E-02
  8.4697942E-02 -2.20286652937E-06  1.75497391279E-06 -5.03380651870E-05  4.15851586870E-04
  3.9577815E-02  1.01218740055E-06 -8.05114615194E-07  2.10598901188E-05  3.33754036659E-04
  1.8381289E-02 -2.91126543385E-07  2.35960971961E-07 -6.15762131512E-06 -7.74579262304E-05
  Pt  p
  1.8131035E-01  1.00000000000E+00
  Pt  p
  8.4697942E-02  1.00000000000E+00
  Pt  p
  3.9577815E-02  1.00000000000E+00
  Pt  p
  1.8381289E-02  1.00000000000E+00
  Pt  d
  6.8782903E+04  1.51411045065E-05 -7.74856173311E-06  2.23943978980E-06
  1.6486230E+04  9.41754966007E-05 -4.82617303568E-05  1.39881701997E-05
  5.4733773E+03  5.01869459226E-04 -2.58135371830E-04  7.47184890906E-05
  2.1736928E+03  2.37145203074E-03 -1.22255410509E-03  3.54516076369E-04
  9.7062154E+02  9.68013106586E-03 -5.02764720309E-03  1.45820843236E-03
  4.7004055E+02  3.28946941645E-02 -1.72140662373E-02  5.00370662860E-03
  2.4073543E+02  9.09544173082E-02 -4.84376111569E-02  1.41113601833E-02
  1.2856850E+02  1.96368217276E-01 -1.05709887895E-01  3.08756747225E-02
  7.0502724E+01  3.10903944359E-01 -1.64302162916E-01  4.78041195486E-02
  3.9458468E+01  3.26979554594E-01 -1.42876378524E-01  3.96733348653E-02
  2.2233244E+01  1.91248872748E-01  6.44747183391E-02 -3.08038888375E-02
  1.2415785E+01  5.16344871478E-02  3.40100396645E-01 -1.22002524654E-01
  6.8533848E+00  4.91278107980E-03  4.28735236155E-01 -1.53117965959E-01
  3.7296816E+00  5.72632631151E-04  2.49514647595E-01 -3.23977304995E-02
  1.9597861E+00  8.43390922693E-06  5.82777684642E-02  2.10868231913E-01
  9.9159256E-01  2.20518594624E-05  4.02059924817E-03  3.74030901231E-01
  4.8067665E-01 -1.88598733458E-05  7.08270992757E-04  3.60230915375E-01
  2.2109331E-01  5.09099918618E-07  1.04308537099E-04  2.24023391149E-01
  9.4413319E-02 -2.60082541428E-06  7.60579950758E-05  6.84738296460E-02
  Pt  d
  9.9159256E-01  1.00000000000E+00
  Pt  d
  4.8067665E-01  1.00000000000E+00
  Pt  d
  2.2109331E-01  1.00000000000E+00
  Pt  d
  9.4413319E-02  1.00000000000E+00
  Pt  f
  1.5152867E+03  1.02080618233E-04
  5.1293440E+02  1.01376621167E-03
  2.1862924E+02  6.05432000166E-03
  1.0494393E+02  2.50646676352E-02
  5.3685680E+01  7.36808367203E-02
  2.8511821E+01  1.64577494137E-01
  1.5399494E+01  2.67093980482E-01
  8.2234678E+00  3.24258821583E-01
  4.2572104E+00  2.86902517761E-01
  2.0640420E+00  1.59397222598E-01
  8.8882536E-01  3.88297192607E-02
  3.5215489E-01  1.77321139079E-03
  Pt  f
  2.0640420E+00  1.00000000000E+00
  Pt  f
  8.8882536E-01  1.00000000000E+00
  Pt  f
  3.5215489E-01  1.00000000000E+00
end
basis "Au_dyall_relpvqz(fi/sf/fw)" SPHERICAL
  Au  s
  6.2091032E+07  4.88424053866E-04 -1.92742514492E-04  9.24678736515E-05 -4.62202211431E-05  1.99579736394E-05 -5.88656135429E-06
  1.6531020E+07  1.07179958985E-03 -4.23611519181E-04  2.03269033567E-04 -1.01606978426E-04  4.38739185767E-05 -1.29405088769E-05
  5.6666227E+06  1.93663586121E-03 -7.66686541271E-04  3.67981301319E-04 -1.83961476189E-04  7.94386872750E-05 -2.34303436427E-05
  2.1625688E+06  3.23055559727E-03 -1.28325107189E-03  6.16238672677E-04 -3.08075313515E-04  1.33032454362E-04 -3.92374712857E-05
  9.0428832E+05  5.25316115709E-03 -2.09551696618E-03  1.00701550123E-03 -5.03569104271E-04  2.17475747089E-04 -6.41439064902E-05
  4.0047108E+05  8.38621297672E-03 -3.36718451306E-03  1.62007829654E-03 -8.10172464496E-04  3.49885993836E-04 -1.03197478732E-04
  1.8613020E+05  1.34349453973E-02 -5.43982458461E-03  2.62144677726E-03 -1.31162275282E-03  5.66581989065E-04 -1.67118449619E-04
  8.9401027E+04  2.17145517613E-02 -8.89495888924E-03  4.29626415433E-03 -2.15002606315E-03  9.28797418186E-04 -2.73960395129E-04
  4.4116867E+04  3.55566415016E-02 -1.47893726221E-02  7.16362625739E-03 -3.58802983523E-03  1.55024362516E-03 -4.57248471911E-04
  2.2257868E+04  5.85163474545E-02 -2.48712160308E-02  1.20956180472E-02 -6.06164236336E-03  2.61928164199E-03 -7.72570661024E-04
  1.1466692E+04  9.52059768358E-02 -4.17738604734E-02  2.04315037421E-02 -1.02589474132E-02  4.43529068958E-03 -1.30826405227E-03
  6.0232727E+03  1.48417411446E-01 -6.84905149258E-02  3.38091664559E-02 -1.70099811910E-02  7.35816230185E-03 -2.17070934556E-03
  3.2250230E+03  2.09997533232E-01 -1.05033156592E-01  5.26034072775E-02 -2.65701232654E-02  1.15041454780E-02 -3.39422313884E-03
  1.7623507E+03  2.47287241493E-01 -1.39546081845E-01  7.15494785587E-02 -3.63311096044E-02  1.57530013102E-02 -4.64935852595E-03
  9.8638894E+02  2.13167203652E-01 -1.34683028446E-01  7.07771840536E-02 -3.62008966506E-02  1.57192818812E-02 -4.63965295032E-03
  5.6980004E+02  1.12430926284E-01 -3.99212250078E-02  1.70415411098E-02 -8.11252376509E-03  3.46926997854E-03 -1.02293711068E-03
  3.4743912E+02  2.99021942254E-02  1.36961606757E-01 -1.03947114130E-01  5.77893170474E-02 -2.56359511568E-02  7.59891012782E-03
  2.1859443E+02  4.67243678655E-03  3.19920666700E-01 -2.77287861127E-01  1.61453580276E-01 -7.23239712850E-02  2.14532122951E-02
  1.3725327E+02 -4.32803214016E-04  3.89446043140E-01 -4.14732593796E-01  2.52641981785E-01 -1.14542867574E-01  3.40703890633E-02
  8.4862064E+01  2.85169380505E-04  2.46046695848E-01 -2.77137743472E-01  1.81841677195E-01 -8.45154651470E-02  2.52150572591E-02
  5.2068308E+01 -3.36771717700E-04  6.31284473100E-02  2.33298698217E-01 -2.09885335804E-01  1.04178195842E-01 -3.14253586822E-02
  3.2962045E+01  1.61062754559E-04  4.90220455064E-03  6.11265173137E-01 -7.09887333686E-01  3.82114286547E-01 -1.16999595877E-01
  2.0564227E+01 -1.44780499538E-04  6.48839645489E-04  4.45562477616E-01 -5.95641042906E-01  3.18010629498E-01 -9.69081057387E-02
  1.2354184E+01  8.43922705618E-05 -2.84396998953E-04  1.17724476620E-01  1.65403659498E-01 -1.22535072416E-01  3.77342186686E-02
  7.5641217E+00 -5.81916388774E-05 -3.08683387627E-05  5.84523923092E-03  7.66484358850E-01 -6.54169161574E-01  2.20075882048E-01
  4.5739925E+00  3.51001971556E-05 -6.56271360660E-05  3.06566119304E-03  5.05001699234E-01 -6.69064264320E-01  2.43550741050E-01
  2.7396490E+00 -2.06193219033E-05  2.00910705220E-05 -9.31106130044E-04  1.02163258882E-01  9.70864362411E-02 -5.61450755973E-02
  1.5458697E+00  9.57434811839E-06 -3.56414318259E-06  3.52936774714E-04  6.52765692628E-03  7.17662336267E-01 -3.45828135285E-01
  8.5989884E-01 -5.55522209177E-06  6.31234525541E-06 -2.66444933351E-04  4.90716779345E-04  5.40057563385E-01 -3.42411042896E-01
  4.5826151E-01  2.53855788047E-06 -1.87853656962E-06  1.06303383818E-04  3.12913337609E-04  1.23452596746E-01 -1.02846617393E-01
  2.4308744E-01 -1.42544779514E-06  9.41362564209E-07 -5.76952442120E-05 -7.00549902517E-05  6.32488154222E-03  2.31993714619E-01
  1.2152573E-01  5.87865842890E-07 -6.46339188112E-07  2.77439314026E-05  1.08445002508E-05  3.82983913825E-03  4.98860736093E-01
  6.0893308E-02 -2.59207773495E-07  3.73186969851E-08 -8.71777703572E-06 -3.68541396792E-05  1.60503472990E-03  4.22943181630E-01
  3.0185296E-02  5.10099666812E-08 -8.72332964422E-08  2.80670325949E-06 -1.80501842423E-06  5.23072590994E-04  9.70970310170E-02
  Au  s
  2.4308744E-01  1.00000000000E+00
  Au  s
  6.0893308E-02  1.00000000000E+00
  Au  s
  3.0185296E-02  1.00000000000E+00
  Au  p
  5.7553485E+07  3.20856347002E-06 -1.63042926554E-06  8.08709652369E-07 -3.22754850260E-07
  1.6912486E+07  1.28663283933E-05 -6.54616032014E-06  3.24047486271E-06 -1.29037728314E-06
  5.3778068E+06  3.17713124236E-05 -1.62082483619E-05  8.04250149481E-06 -3.20955452296E-06
  1.8396873E+06  7.21332230931E-05 -3.68078378920E-05  1.82316688552E-05 -7.26098402939E-06
  6.6701259E+05  1.58857277556E-04 -8.13708053717E-05  4.04073947957E-05 -1.61281209123E-05
  2.5415158E+05  3.47478662841E-04 -1.78319651381E-04  8.84345976647E-05 -3.52325024633E-05
  1.0122199E+05  7.68007293934E-04 -3.96184959825E-04  1.97000116705E-04 -7.86481873522E-05
  4.2034735E+04  1.73918436790E-03 -9.00930820660E-04  4.47749663765E-04 -1.78489567448E-04
  1.8196646E+04  4.08872425348E-03 -2.13330512880E-03  1.06323121979E-03 -4.24654701289E-04
  8.2174487E+03  9.94080988362E-03 -5.22788789225E-03  2.60738917816E-03 -1.04033653272E-03
  3.8703916E+03  2.44000270190E-02 -1.29947182039E-02  6.50665106054E-03 -2.60129847707E-03
  1.8971509E+03  5.78159323168E-02 -3.13898692342E-02  1.57750938169E-02 -6.30494573531E-03
  9.6423721E+02  1.24683217199E-01 -6.98031815095E-02  3.53782011695E-02 -1.41831078083E-02
  5.0542065E+02  2.26946894362E-01 -1.32443799598E-01  6.77634209890E-02 -2.71867564100E-02
  2.7186129E+02  3.14726016501E-01 -1.91110600896E-01  9.90772195966E-02 -3.99509211531E-02
  1.4924477E+02  2.81212500729E-01 -1.40090275562E-01  6.63538550991E-02 -2.59858912262E-02
  8.3140463E+01  1.29631495133E-01  1.19870826219E-01 -1.01684788391E-01  4.46498100454E-02
  4.7131483E+01  2.18145955049E-02  4.35374948541E-01 -3.51698110938E-01  1.57185066189E-01
  2.7229115E+01  1.34124414112E-03  4.13829416219E-01 -3.29526689230E-01  1.42123117518E-01
  1.5675902E+01 -2.51845792319E-04  1.54802098220E-01  1.40964433122E-01 -9.89278804982E-02
  8.8298688E+00  4.99145666985E-05  1.87476722650E-02  5.59090466699E-01 -3.56744366356E-01
  4.9910401E+00 -1.08608896159E-04  1.17605375987E-03  4.25530275865E-01 -3.06422906672E-01
  2.7579796E+00  5.47441856539E-05 -1.54335214914E-05  1.02985438978E-01  1.72071741161E-01
  1.5021522E+00 -2.87210487335E-05 -1.82462700737E-06  6.06647850488E-03  5.25102327672E-01
  8.0099970E-01  1.84557558337E-05 -5.05781489908E-05  1.05421906625E-03  4.06859342968E-01
  4.1615897E-01 -7.71438159273E-06  8.07318983854E-06 -1.10122668678E-04  1.33213890386E-01
  1.8857106E-01  3.76649044549E-06 -7.94152548889E-06  7.45428485234E-05  1.51238247844E-02
  8.7555118E-02 -1.93301645823E-06  3.66821479277E-06 -4.18326320996E-05  2.48307323814E-04
  4.0633898E-02  8.87257848255E-07 -1.67981929105E-06  1.71912844913E-05  3.41479994275E-04
  1.8755275E-02 -2.56397033774E-07  4.89893542384E-07 -5.05805146227E-06 -8.26002746135E-05
  Au  p
  1.8857106E-01  1.00000000000E+00
  Au  p
  8.7555118E-02  1.00000000000E+00
  Au  p
  4.0633898E-02  1.00000000000E+00
  Au  p
  1.8755275E-02  1.00000000000E+00
  Au  d
  7.3085195E+04  1.49106200604E-05 -7.68406554842E-06  2.29020685980E-06
  1.7483465E+04  9.20346642211E-05 -4.75128657908E-05  1.42046904294E-05
  5.7912193E+03  4.86464869647E-04 -2.51997759508E-04  7.52272594477E-05
  2.2955079E+03  2.28728354521E-03 -1.18776979502E-03  3.55266219039E-04
  1.0234377E+03  9.32994195498E-03 -4.88024567894E-03  1.45988768333E-03
  4.9506436E+02  3.17946114195E-02 -1.67569647689E-02  5.02417419618E-03
  2.5336705E+02  8.83699971061E-02 -4.73816830559E-02  1.42378392919E-02
  1.3525691E+02  1.92400136011E-01 -1.04349672667E-01  3.14435853177E-02
  7.4166438E+01  3.08019373033E-01 -1.64223152895E-01  4.92995653661E-02
  4.1510011E+01  3.29070764199E-01 -1.46909432737E-01  4.22168506954E-02
  2.3402974E+01  1.96489135656E-01  5.65842387590E-02 -2.93991652958E-02
  1.3090124E+01  5.45685206929E-02  3.35272316362E-01 -1.24859176943E-01
  7.2436307E+00  5.35851934862E-03  4.31402700551E-01 -1.60139654554E-01
  3.9591472E+00  5.83768907440E-04  2.53881129651E-01 -3.59809711146E-02
  2.0937190E+00  6.53838651515E-06  6.01230195772E-02  2.15396066691E-01
  1.0655856E+00  2.23519722675E-05  4.24386706213E-03  3.78427638963E-01
  5.1928944E-01 -1.80055857211E-05  6.44945035639E-04  3.58452992839E-01
  2.3993836E-01  1.33051044358E-06  7.45248010259E-05  2.18640586374E-01
  1.0271158E-01 -2.33140565487E-06  6.09320090139E-05  6.50265155294E-02
  Au  d
  1.0655856E+00  1.00000000000E+00
  Au  d
  5.1928944E-01  1.00000000000E+00
  Au  d
  2.3993836E-01  1.00000000000E+00
  Au  d
  1.0271158E-01  1.00000000000E+00
  Au  f
  1.5984529E+03  9.95773703198E-05
  5.4023670E+02  9.89311772649E-04
  2.3015033E+02  5.92599649629E-03
  1.1044826E+02  2.46885584858E-02
  5.6535919E+01  7.30328459397E-02
  3.0055120E+01  1.64050533004E-01
  1.6265242E+01  2.67529999817E-01
  8.7169377E+00  3.25313003262E-01
  4.5407487E+00  2.86020931364E-01
  2.2220809E+00  1.55926917131E-01
  9.6965516E-01  3.71064870955E-02
  3.8700265E-01  1.77383855460E-03
  Au  f
  2.2220809E+00  1.00000000000E+00
  Au  f
  9.6965516E-01  1.00000000000E+00
  Au  f
  3.8700265E-01  1.00000000000E+00
end
basis "Hg_dyall_relpvqz(fi/sf/fw)" SPHERICAL
  Hg  s
  6.1267281E+07  5.24048853870E-04 -2.07786278761E-04  9.98492529638E-05 -5.00739134302E-05  2.19060623473E-05 -6.36139846237E-06
  1.6310458E+07  1.14785249449E-03 -4.55847215840E-04  2.19102073162E-04 -1.09882051347E-04  4.80707224968E-05 -1.39594867613E-05
  5.5888882E+06  2.06979617843E-03 -8.23369483405E-04  3.95838508583E-04 -1.98538754149E-04  8.68595813315E-05 -2.52235951118E-05
  2.1322062E+06  3.44386039657E-03 -1.37475962310E-03  6.61309199611E-04 -3.31699226981E-04  1.45117272407E-04 -4.21413300413E-05
  8.9157691E+05  5.58650193332E-03 -2.23982917162E-03  1.07816589245E-03 -5.40925868298E-04  2.36676687072E-04 -6.87297098317E-05
  3.9470916E+05  8.90123842834E-03 -3.59302362980E-03  1.73184174721E-03 -8.68940483314E-04  3.80203717758E-04 -1.10408867575E-04
  1.8340343E+05  1.42150752887E-02 -5.78804606536E-03  2.79414231194E-03 -1.40268119161E-03  6.13861161275E-04 -1.78264746143E-04
  8.8169505E+04  2.28476394243E-02 -9.41528359913E-03  4.55641310035E-03 -2.28788057942E-03  1.00133918546E-03 -2.90797646403E-04
  4.3607826E+04  3.71648994389E-02 -1.55582484085E-02  7.55025550255E-03 -3.79463574717E-03  1.66122987115E-03 -4.82442222912E-04
  2.2055705E+04  6.08259051626E-02 -2.60332361344E-02  1.26877255862E-02 -6.38046917145E-03  2.79354318314E-03 -8.11285820376E-04
  1.1378794E+04  9.85204110034E-02 -4.35667201504E-02  2.13526292342E-02 -1.07573142740E-02  4.71180915121E-03 -1.36837268994E-03
  5.9792975E+03  1.52554944833E-01 -7.10174920058E-02  3.51437857321E-02 -1.77407635917E-02  7.77508507440E-03 -2.25829742576E-03
  3.2039033E+03  2.12995367882E-01 -1.07631493075E-01  5.40547405123E-02 -2.74058506727E-02  1.20229909947E-02 -3.49255444687E-03
  1.7558335E+03  2.45626985635E-01 -1.39871276451E-01  7.19567896371E-02 -3.66692132017E-02  1.61106506532E-02 -4.68186156223E-03
  9.8777100E+02  2.06910049839E-01 -1.30589565638E-01  6.86365022851E-02 -3.52347344673E-02  1.55043434076E-02 -4.50569970889E-03
  5.7291490E+02  1.07690300824E-01 -3.05905334365E-02  1.12487174347E-02 -4.99347225947E-03  2.12361739043E-03 -6.15698888075E-04
  3.4598363E+02  2.79860896938E-02  1.54631438109E-01 -1.18855762276E-01  6.64420924787E-02 -2.98866740668E-02  8.72622792547E-03
  2.1766112E+02  3.30233130488E-03  3.26532931550E-01 -2.86937358124E-01  1.68613549052E-01 -7.66564871020E-02  2.23959889340E-02
  1.3815017E+02 -1.13907569751E-04  3.75160241145E-01 -4.06859769878E-01  2.49118190554E-01 -1.14545166593E-01  3.35688582620E-02
  8.6097605E+01  3.83387768762E-05  2.38156867847E-01 -2.57008112992E-01  1.70273681909E-01 -8.04893629621E-02  2.36646403596E-02
  5.1764283E+01 -1.53075753754E-04  5.97717062963E-02  2.78299822441E-01 -2.58872071375E-01  1.31754016557E-01 -3.92467921556E-02
  3.2705893E+01  3.77299569880E-05  1.32676180468E-03  6.19744656212E-01 -7.35998417814E-01  4.03975200789E-01 -1.22113334033E-01
  2.0500673E+01 -6.37228131913E-05  1.87588127754E-03  4.01666586184E-01 -5.41446120808E-01  2.91027186950E-01 -8.72539928983E-02
  1.2823154E+01  3.44632437800E-05 -1.08882951603E-03  1.03709013513E-01  1.79648890924E-01 -1.27322545778E-01  3.81666020758E-02
  7.9445394E+00 -2.42359929749E-05  4.45309920114E-04  1.06296937534E-02  7.44013117634E-01 -6.53823856595E-01  2.18501516514E-01
  4.8429888E+00  1.24025409067E-05 -3.30785038460E-04  1.11361612112E-03  5.28815940045E-01 -6.89955577971E-01  2.47831392105E-01
  2.8256759E+00 -8.27079280784E-06  1.66318347624E-04  4.06490337100E-05  1.06561149237E-01  8.74293708335E-02 -5.37550508807E-02
  1.6482318E+00  3.66589183371E-06 -8.60961347741E-05 -1.16989952491E-04  3.47749650493E-03  7.13276787443E-01 -3.40615933945E-01
  9.3337927E-01 -2.47993139014E-06  4.95687380418E-05 -2.82737235033E-05  1.66643259061E-03  5.43600912808E-01 -3.38371017896E-01
  5.1439267E-01  9.73144867182E-07 -2.34536361796E-05 -1.66177858830E-05 -1.54378063109E-04  1.36461701512E-01 -1.15387558395E-01
  2.7275001E-01 -5.63293923384E-07  1.07903905893E-05  2.39886612068E-06  1.59436297513E-04  8.74772908566E-03  2.09548854251E-01
  1.3613989E-01  1.83311489883E-07 -4.70274651638E-06 -1.68915822527E-06 -5.21605766305E-05  8.96454681920E-04  4.92945268942E-01
  6.7007247E-02 -9.57946452093E-08  1.72651250694E-06  5.55991151244E-07  2.00900587137E-05 -1.10500038944E-04  4.45271797527E-01
  3.2531065E-02  9.33495276738E-09 -4.20304001497E-07 -1.54343829880E-07 -4.64050149981E-06  2.78091600696E-05  1.07360583380E-01
  Hg  s
  2.7275001E-01  1.00000000000E+00
  Hg  s
  6.7007247E-02  1.00000000000E+00
  Hg  s
  3.2531065E-02  1.00000000000E+00
  Hg  p
  5.7764817E+07  3.30120894013E-06 -1.68135467294E-06  8.37511285666E-07 -3.39386342889E-07
  1.7149744E+07  1.33561088802E-05 -6.81210962871E-06  3.38618782173E-06 -1.36858204218E-06
  5.4938711E+06  3.28891697865E-05 -1.68186082923E-05  8.38066870287E-06 -3.39573708673E-06
  1.8909622E+06  7.43861565065E-05 -3.80518213314E-05  1.89265965709E-05 -7.65059929943E-06
  6.8905422E+05  1.63130500495E-04 -8.37604332679E-05  4.17702390946E-05 -1.69274145091E-05
  2.6361307E+05  3.55239316859E-04 -1.82755219838E-04  9.10137644763E-05 -3.68035258364E-05
  1.0532244E+05  7.81108145864E-04 -4.03914909558E-04  2.01695345312E-04 -8.17548638329E-05
  4.3837690E+04  1.75818776844E-03 -9.13046833142E-04  4.55677357270E-04 -1.84377775147E-04
  1.9002845E+04  4.10492582962E-03 -2.14701917361E-03  1.07461930848E-03 -4.35766048544E-04
  8.5854638E+03  9.91339704352E-03 -5.22664624254E-03  2.61778489165E-03 -1.06020534961E-03
  4.0429294E+03  2.42031947475E-02 -1.29209862516E-02  6.49730125327E-03 -2.63728412058E-03
  1.9805871E+03  5.71861793152E-02 -3.11183552582E-02  1.57042562825E-02 -6.37123622146E-03
  1.0058710E+03  1.23307121901E-01 -6.91604588481E-02  3.51987759333E-02 -1.43272792311E-02
  5.2681901E+02  2.25040381618E-01 -1.31527476573E-01  6.75676101322E-02 -2.75162031224E-02
  2.8316741E+02  3.13768481103E-01 -1.90784914150E-01  9.93161697316E-02 -4.06670452824E-02
  1.5538887E+02  2.83069582493E-01 -1.42622317142E-01  6.81235597380E-02 -2.70923517893E-02
  8.6509262E+01  1.32527829171E-01  1.15371759826E-01 -9.93506693965E-02  4.43552814358E-02
  4.8910607E+01  2.26777086560E-02  4.36331017111E-01 -3.54359203656E-01  1.61089542837E-01
  2.8143988E+01  1.33181461064E-03  4.17840039983E-01 -3.33604756084E-01  1.45961383540E-01
  1.6121991E+01 -2.46212621340E-04  1.54366737556E-01  1.47704071184E-01 -1.04574800581E-01
  9.0743138E+00  4.96490714093E-05  1.78756603550E-02  5.65063894759E-01 -3.70285918838E-01
  5.1421602E+00 -1.09617401806E-04  1.27001503266E-03  4.18658807169E-01 -3.06083836417E-01
  2.8542627E+00  5.70947864405E-05 -1.22233746666E-04  9.89974464180E-02  1.91662584179E-01
  1.5539857E+00 -2.90343599999E-05  4.04494790962E-05  5.98375150925E-03  5.38231274404E-01
  8.2679139E-01  1.87475300275E-05 -7.61155900288E-05  9.07906551894E-04  3.97961839285E-01
  4.2727530E-01 -7.79660750448E-06  1.96752084345E-05 -8.43803083588E-05  1.19461712370E-01
  1.9368537E-01  3.79387762933E-06 -1.24504413406E-05  5.10994931029E-05  1.23688580308E-02
  8.9521723E-02 -1.95867145350E-06  6.30673258311E-06 -3.56026873800E-05  4.07231981093E-04
  4.1486501E-02  9.00766187304E-07 -2.86151273417E-06  1.37372417212E-05  2.32453348265E-04
  1.9125199E-02 -2.61010550645E-07  8.33108839156E-07 -4.08873756488E-06 -5.16915332972E-05
  Hg  p
  1.9368537E-01  1.00000000000E+00
  Hg  p
  8.9521723E-02  1.00000000000E+00
  Hg  p
  4.1486501E-02  1.00000000000E+00
  Hg  p
  1.9125199E-02  1.00000000000E+00
  Hg  d
  7.7042701E+04  1.48414936751E-05 -7.70124712916E-06  2.39149162111E-06
  1.8395217E+04  9.10635004730E-05 -4.73574363786E-05  1.47446026880E-05
  6.0764814E+03  4.78871199621E-04 -2.49810514871E-04  7.76963773638E-05
  2.4017579E+03  2.24652631383E-03 -1.17513700385E-03  3.66079437582E-04
  1.0682154E+03  9.16990698028E-03 -4.83056091280E-03  1.50551548058E-03
  5.1573536E+02  3.13348416841E-02 -1.66345503397E-02  5.19500755605E-03
  2.6355653E+02  8.74215949480E-02 -4.72028454504E-02  1.47793161611E-02
  1.4054286E+02  1.91174111903E-01 -1.04454620842E-01  3.27893305704E-02
  7.7018490E+01  3.07390411037E-01 -1.65158654858E-01  5.16724912444E-02
  4.3100618E+01  3.29801683216E-01 -1.48763950155E-01  4.44923514187E-02
  2.4306623E+01  1.98060553510E-01  5.51366640350E-02 -3.04770303236E-02
  1.3606207E+01  5.53941618077E-02  3.35791014328E-01 -1.31152471221E-01
  7.5428878E+00  5.46232742115E-03  4.33005777378E-01 -1.68512352282E-01
  4.1359425E+00  5.69788672406E-04  2.52578680142E-01 -3.46065944804E-02
  2.1981943E+00  4.22230181972E-06  5.90752532655E-02  2.29228092118E-01
  1.1235290E+00  2.96565433525E-05  3.97450356144E-03  3.91794720684E-01
  5.4978744E-01 -1.54556224603E-05  3.26915182132E-04  3.55960727582E-01
  2.5518713E-01  6.30033558967E-06 -2.49672650414E-05  1.99655234414E-01
  1.0975038E-01 -1.75596687601E-06  9.43915656644E-06  4.86144746215E-02
  Hg  d
  1.1235290E+00  1.00000000000E+00
  Hg  d
  5.4978744E-01  1.00000000000E+00
  Hg  d
  2.5518713E-01  1.00000000000E+00
  Hg  d
  1.0975038E-01  1.00000000000E+00
  Hg  f
  1.7841137E+03  9.14476165659E-05
  6.0117765E+02  8.03590651101E-04
  2.5602262E+02  5.29882308208E-03
  1.2288125E+02  2.10572936098E-02
  6.3119951E+01  6.75046853611E-02
  3.3734474E+01  1.45164520822E-01
  1.8482452E+01  2.62099104795E-01
  1.0148368E+01  2.86410804913E-01
  5.5325072E+00  3.31203450973E-01
  2.3819196E+00  1.89719537252E-01
  1.0518378E+00  2.16977818321E-02
  4.2255517E-01  6.16767622100E-03
  Hg  f
  2.3819196E+00  1.00000000000E+00
  Hg  f
  1.0518378E+00  1.00000000000E+00
  Hg  f
  4.2255517E-01  1.00000000000E+00
end
