# $Id$
basis "Hf_dyall_relpvqz(fi/sf/lc)" SPHERICAL
  Hf  s 
  6.4780934E+07  1.15732594175E-04 -4.35331707694E-05  2.05862685447E-05 -1.00484908749E-05  3.95935182609E-06 -1.09286086908E-06
  1.7238745E+07  2.76512316172E-04 -1.04343993952E-04  4.93679711343E-05 -2.41001524233E-05  9.49640845720E-06 -2.62121886033E-06
  5.9049101E+06  5.58314670574E-04 -2.11422391205E-04  1.00084729751E-04 -4.88652223052E-05  1.92550386914E-05 -5.31480556611E-06
  2.2500889E+06  1.03473907657E-03 -3.93945138436E-04  1.86646986163E-04 -9.11460651575E-05  3.59181839548E-05 -9.91434787371E-06
  9.3617372E+05  1.89968216953E-03 -7.27755732683E-04  3.45136919108E-04 -1.68581651932E-04  6.64339456008E-05 -1.83373439137E-05
  4.1074959E+05  3.45148034305E-03 -1.33300878484E-03  6.32982344716E-04 -3.09268868472E-04  1.21891457814E-04 -3.36459695104E-05
  1.8832684E+05  6.32109449375E-03 -2.46412780476E-03  1.17178272854E-03 -5.72723467381E-04  2.25722759399E-04 -6.23054671163E-05
  8.9151826E+04  1.16397428132E-02 -4.58902165162E-03  2.18614376099E-03 -1.06893322558E-03  4.21382505479E-04 -1.16319146750E-04
  4.3376582E+04  2.15411162404E-02 -8.61104328174E-03  4.11112340640E-03 -2.01125419560E-03  7.92813512893E-04 -2.18840738819E-04
  2.1589482E+04  3.96593446858E-02 -1.61525276584E-02  7.73525433028E-03 -3.78687945420E-03  1.49331069238E-03 -4.12238392958E-04
  1.0973964E+04  7.13279911774E-02 -2.98743727844E-02  1.43728238148E-02 -7.04443095740E-03  2.77780647194E-03 -7.66785855510E-04
  5.6912802E+03  1.21720326383E-01 -5.33329894327E-02  2.58588607636E-02 -1.26967798219E-02  5.01059614880E-03 -1.38337289303E-03
  3.0108524E+03  1.88135375878E-01 -8.89203152271E-02  4.36881908899E-02 -2.15209760205E-02  8.49480089748E-03 -2.34515716968E-03
  1.6250891E+03  2.44310654641E-01 -1.30357047931E-01  6.54953807212E-02 -3.24341414278E-02  1.28278181842E-02 -3.54285800530E-03
  8.9539499E+02  2.36630116738E-01 -1.47535960188E-01  7.64695543105E-02 -3.81671523640E-02  1.50998718833E-02 -4.16933055901E-03
  5.0398335E+02  1.43179516627E-01 -7.80761663541E-02  3.96855964056E-02 -1.97071600669E-02  7.83283143279E-03 -2.16656864884E-03
  2.9035504E+02  4.14858156281E-02  1.18526512915E-01 -8.76745500187E-02  4.73734374234E-02 -1.91959051285E-02  5.32379096561E-03
  1.7631995E+02  4.24067452676E-03  3.20722604550E-01 -2.69664210875E-01  1.51911139215E-01 -6.16013827314E-02  1.70560210802E-02
  1.1270525E+02  4.04458327206E-04  3.63950171191E-01 -3.76607106676E-01  2.22430297057E-01 -9.19665539210E-02  2.55754915968E-02
  7.1888352E+01  1.02123873208E-05  2.69273911123E-01 -3.14388286761E-01  1.97404952702E-01 -8.19781651551E-02  2.27479792936E-02
  4.3923147E+01 -7.14479080248E-05  8.56551293127E-02  1.31927681263E-01 -1.09465081546E-01  4.66963630015E-02 -1.29678990454E-02
  2.7242184E+01  4.82646862407E-06  6.44233116430E-03  6.30711176026E-01 -6.77732859345E-01  3.26213126001E-01 -9.26169150489E-02
  1.6505663E+01 -2.81911670587E-05  1.42458153986E-03  4.92340911215E-01 -6.62378213737E-01  3.19936048392E-01 -9.04986143240E-02
  9.7969434E+00  1.95719504258E-05 -6.00359907796E-04  1.26050785346E-01  1.50527635103E-01 -1.04089855908E-01  2.99831150571E-02
  5.6926478E+00 -6.95216892753E-06  1.43501295822E-04  9.50375695782E-03  7.83769289333E-01 -5.75071128902E-01  1.74156459461E-01
  3.2758044E+00  6.63682468442E-06 -1.62566395908E-04  1.41088290762E-03  5.04000245045E-01 -5.68496814466E-01  1.84850792682E-01
  1.7889818E+00 -3.88018255567E-06  8.52342061760E-05 -7.69915135237E-05  8.18549402909E-02  6.95444779598E-02 -3.03207039546E-02
  1.0176071E+00  2.35004790145E-06 -4.96405007306E-05  1.16631398979E-05  7.12741984981E-05  6.22572315033E-01 -2.49028256403E-01
  5.6797939E-01 -1.56021589225E-06  3.35718885355E-05 -6.54612269321E-05  1.89993445974E-03  5.37195647079E-01 -3.18441886584E-01
  3.1190344E-01  7.83066156856E-07 -1.64512707595E-05  1.19202686779E-05 -3.61770076607E-04  1.50630868843E-01 -1.84544396023E-01
  1.5932415E-01 -3.90417910279E-07  8.22827948492E-06 -9.04494447893E-06  2.12085533895E-04  9.55692777322E-03  1.78102560851E-01
  8.0715616E-02  1.93240083459E-07 -4.11763162498E-06  5.05197738149E-06 -1.07105810681E-04  2.96350223213E-03  5.29480373736E-01
  4.1077918E-02 -7.92155270787E-08  1.62792158352E-06 -9.55166142754E-07  2.47573393842E-05  1.85749403647E-03  4.55753331065E-01
  2.0835747E-02  1.92064778717E-08 -4.12879468758E-07  5.71301300751E-07 -1.14495803188E-05  4.16016198891E-04  9.38413357177E-02
  Hf  s 
  1.5932415E-01  9.99996818470E-01
  Hf  s 
  4.1077918E-02  9.99999179708E-01
  Hf  s 
  2.0835747E-02  9.99999583926E-01
  Hf  p 
  5.1923029E+07  3.46315989813E-06 -1.74653359006E-06  8.40994083463E-07 -2.96734008251E-07
  1.4040388E+07  1.17429388096E-05 -5.92265571831E-06  2.85184501010E-06 -1.00618652342E-06
  4.2135165E+06  2.84320439423E-05 -1.43436222880E-05  6.90735022468E-06 -2.43723928515E-06
  1.3773759E+06  6.33362518934E-05 -3.19676545301E-05  1.53951947069E-05 -5.43175847273E-06
  4.8194765E+05  1.36925240901E-04 -6.91738721297E-05  3.33230470770E-05 -1.17592329117E-05
  1.7859320E+05  2.97465923741E-04 -1.50533296606E-04  7.25349256581E-05 -2.55932415858E-05
  6.9640759E+04  6.68759424847E-04 -3.39406440412E-04  1.63681431647E-04 -5.77784035123E-05
  2.8521024E+04  1.59224413476E-03 -8.11648001513E-04  3.91716258772E-04 -1.38244550177E-04
  1.2268789E+04  4.02946872264E-03 -2.06648229342E-03  9.99011708302E-04 -3.52852191670E-04
  5.5412739E+03  1.05562848692E-02 -5.45943737553E-03  2.64339776884E-03 -9.33447913758E-04
  2.6212071E+03  2.73728157732E-02 -1.43411662103E-02  6.96758884752E-03 -2.46361131873E-03
  1.2927642E+03  6.66522157907E-02 -3.56893104420E-02  1.74200772654E-02 -6.16113486623E-03
  6.6114348E+02  1.43300892500E-01 -7.93698766722E-02  3.90728084033E-02 -1.38539228464E-02
  3.4833832E+02  2.51626709586E-01 -1.45902426609E-01  7.26183415971E-02 -2.57817399810E-02
  1.8814571E+02  3.22353472350E-01 -1.92682667364E-01  9.68002719218E-02 -3.44846285207E-02
  1.0339769E+02  2.51181784309E-01 -9.73109823515E-02  3.91356721009E-02 -1.30821909632E-02
  5.7466612E+01  9.29701374855E-02  2.02687569065E-01 -1.52504929353E-01  5.83060936744E-02
  3.2612497E+01  1.09790131079E-02  4.71109980712E-01 -3.73784794858E-01  1.46800883107E-01
  1.8775041E+01  8.23688258727E-04  3.56406649372E-01 -2.45971235085E-01  8.87842868787E-02
  1.0762009E+01 -2.93470182340E-04  1.04108356447E-01  2.50811485583E-01 -1.34696687547E-01
  6.0430677E+00  6.12184334410E-05  9.94044943384E-03  5.58525877197E-01 -3.06551382985E-01
  3.3661019E+00 -9.14211164863E-05  9.61985638262E-04  3.59848533932E-01 -2.11984037660E-01
  1.8111233E+00  4.26155927803E-05  7.66831495504E-06  7.66963807389E-02  1.65631981346E-01
  9.6723467E-01 -2.56304998396E-05  3.55497635437E-05  3.44938653266E-03  4.69857398143E-01
  5.1314039E-01  1.58490422591E-05 -2.97365141473E-05  1.06521409249E-03  4.08467581257E-01
  2.6998329E-01 -8.23648708468E-06  1.35305974465E-05 -2.90808689746E-04  1.54062291961E-01
  1.2801326E-01  4.16670539940E-06 -7.11124380491E-06  1.22693520753E-04  2.12253466513E-02
  6.2429645E-02 -2.25674905855E-06  3.85318715580E-06 -7.77260020496E-05  8.58811898442E-04
  3.0288827E-02  1.02833961393E-06 -1.75256574163E-06  3.27716440582E-05  6.57981565855E-04
  1.4607384E-02 -2.87462768712E-07  4.91586371901E-07 -9.26830928825E-06 -1.23127223978E-04
  Hf  p 
  1.2801326E-01  9.99995739550E-01
  Hf  p 
  6.2429645E-02  9.99997922234E-01
  Hf  p 
  3.0288827E-02  9.99998991930E-01
  Hf  p 
  1.4607384E-02  9.99999513837E-01
  Hf  d 
  4.7932975E+04  1.45106053589E-05 -7.11445932182E-06  1.42132237552E-06
  1.1632815E+04  9.79450407675E-05 -4.80088753887E-05  9.57746552359E-06
  3.9247206E+03  5.62083357978E-04 -2.76704070208E-04  5.53213206424E-05
  1.5820406E+03  2.75952192871E-03 -1.36057859812E-03  2.71680658526E-04
  7.1497572E+02  1.13546170092E-02 -5.64255104551E-03  1.12950120545E-03
  3.4923989E+02  3.81065293877E-02 -1.90794389374E-02  3.81867859196E-03
  1.7991310E+02  1.02764404263E-01 -5.24112756011E-02  1.05318255363E-02
  9.6415585E+01  2.13183277702E-01 -1.09509989395E-01  2.19930885593E-02
  5.2908824E+01  3.21132386472E-01 -1.60802974033E-01  3.22568111426E-02
  2.9588123E+01  3.15404313648E-01 -1.22586290430E-01  2.30564165900E-02
  1.6608483E+01  1.68217403268E-01  9.64876257770E-02 -2.66808198506E-02
  9.1942898E+00  3.99074858630E-02  3.54951463826E-01 -8.49471713956E-02
  5.0022545E+00  3.38155720346E-03  4.14476991770E-01 -9.66172687190E-02
  2.6528481E+00  5.29873235181E-04  2.36482196145E-01 -2.26883530283E-02
  1.3396017E+00  5.95157982288E-05  5.57528474809E-02  1.40718078101E-01
  6.2908545E-01  3.17293066231E-05  3.64179136444E-03  3.03244456203E-01
  2.8196997E-01 -6.57916554756E-06  4.30807446466E-04  3.74847067760E-01
  1.2054260E-01  2.37142678174E-06 -3.63791038581E-05  3.16426965533E-01
  4.8354729E-02 -1.24516189235E-06  4.23156888430E-05  1.50343570986E-01
  Hf  d 
  6.2908545E-01  9.99970692525E-01
  Hf  d 
  2.8196997E-01  9.99986862575E-01
  Hf  d 
  1.2054260E-01  9.99994383498E-01
  Hf  d 
  4.8354729E-02  9.99997746942E-01
  Hf  f 
  9.8605349E+02  1.42282907770E-04
  3.3709097E+02  1.40767313702E-03
  1.4392596E+02  8.17426851462E-03
  6.9004994E+01  3.15945205740E-02
  3.4971760E+01  8.73217729535E-02
  1.8367110E+01  1.81118542537E-01
  9.7118702E+00  2.72563513149E-01
  5.0133492E+00  3.15216503124E-01
  2.4539427E+00  2.81296987322E-01
  1.0876844E+00  1.77289765600E-01
  4.0757909E-01  5.32504772069E-02
  1.4970359E-01  1.41608522625E-03
  Hf  f 
  1.0876844E+00  9.99934862580E-01
  Hf  f 
  4.0757909E-01  9.99975586119E-01
  Hf  f 
  1.4970359E-01  9.99991032032E-01
end
basis "Ta_dyall_relpvqz(fi/sf/lc)" SPHERICAL
  Ta  s 
  6.4638514E+07  1.23956915301E-04 -4.68352901642E-05  2.21913183886E-05 -1.08665847771E-05 -4.35017925796E-06 -1.23070473946E-06
  1.7191660E+07  2.95861951273E-04 -1.12151670224E-04  5.31674593348E-05 -2.60380425525E-05 -1.04242234834E-05 -2.94913512210E-06
  5.8821453E+06  5.96698508368E-04 -2.26999765266E-04  1.07672030123E-04 -5.27381584502E-05 -2.11133998516E-05 -5.97319562596E-06
  2.2386972E+06  1.10353426913E-03 -4.22124300776E-04  2.00405045882E-04 -9.81787761942E-05 -3.93093359162E-05 -1.11212572680E-05
  9.3109986E+05  2.01803900760E-03 -7.76876033703E-04  3.69175361732E-04 -1.80903801458E-04 -7.24287805731E-05 -2.04909555309E-05
  4.0882372E+05  3.64889381185E-03 -1.41640370631E-03  6.74008226312E-04 -3.30376102799E-04 -1.32299657191E-04 -3.74308290964E-05
  1.8764755E+05  6.65597429608E-03 -2.60848486876E-03  1.24299187572E-03 -6.09497223466E-04 -2.44048725167E-04 -6.90446769589E-05
  8.8873082E+04  1.22209825071E-02 -4.84520414218E-03  2.31338003096E-03 -1.13482283579E-03 -4.54553202572E-04 -1.28609874220E-04
  4.3219270E+04  2.25786882351E-02 -9.08027397891E-03  4.34446634797E-03 -2.13237540526E-03 -8.53944391897E-04 -2.41594582673E-04
  2.1466929E+04  4.15953641076E-02 -1.70524790102E-02  8.18647858652E-03 -4.02099110832E-03 -1.61123008286E-03 -4.55906882992E-04
  1.0863421E+04  7.50265813896E-02 -3.16627498511E-02  1.52696281925E-02 -7.50910527400E-03 -3.00810401348E-03 -8.51065978761E-04
  5.5960817E+03  1.28212202718E-01 -5.67115158542E-02  2.75833601270E-02 -1.35901653687E-02 -5.45036627318E-03 -1.54243327334E-03
  2.9373561E+03  1.97019325083E-01 -9.43530153528E-02  4.65145737289E-02 -2.29971554378E-02 -9.22136275847E-03 -2.60920898475E-03
  1.5726624E+03  2.51019336575E-01 -1.36403043168E-01  6.89047975408E-02 -3.42575318030E-02 -1.37747532780E-02 -3.89989302748E-03
  8.5889297E+02  2.32985543242E-01 -1.47282510082E-01  7.66208612817E-02 -3.83987524612E-02 -1.54217582660E-02 -4.36374043470E-03
  4.7870086E+02  1.28438939025E-01 -5.67867463264E-02  2.73223447909E-02 -1.33670093914E-02 -5.43410997638E-03 -1.54382805359E-03
  2.7574448E+02  3.06241535795E-02  1.60226919793E-01 -1.20159026010E-01  6.53465509914E-02  2.70337489004E-02  7.69242655266E-03
  1.6964466E+02  3.64464323954E-03  3.23516660445E-01 -2.79465201499E-01  1.59643488734E-01  6.55867331599E-02  1.85991076194E-02
  1.1261962E+02 -5.39362050448E-04  3.33135305992E-01 -3.55912734552E-01  2.11156618216E-01  8.94261416973E-02  2.55425692898E-02
  7.2371181E+01  5.52925591277E-04  2.67217775955E-01 -2.98159869152E-01  1.89766316662E-01  7.96780249647E-02  2.26368871091E-02
  4.2325898E+01 -4.23317923702E-04  7.63821580414E-02  2.05719965619E-01 -1.78231713506E-01 -7.85258149204E-02 -2.24383029332E-02
  2.6578434E+01  2.71015658304E-04 -3.34782288166E-04  6.40844159242E-01 -7.17078173597E-01 -3.55961878092E-01 -1.03940239033E-01
  1.6211799E+01 -1.96983130973E-04  3.24180449293E-03  4.40249091054E-01 -5.92649167373E-01 -2.85981342850E-01 -8.27191186011E-02
  9.7428880E+00  1.26690462818E-04 -1.68643557479E-03  1.03200125562E-01  2.27112351194E-01  1.43985680600E-01  4.22556226631E-02
  5.6927686E+00 -7.41394531668E-05  7.88018713083E-04  8.52887218008E-03  7.91693322586E-01  6.19446543800E-01  1.94894117855E-01
  3.2966756E+00  5.10128888669E-05 -5.77452939777E-04  7.91919866993E-04  4.57522158769E-01  5.37214808885E-01  1.81081939779E-01
  1.9110337E+00 -3.39594683452E-05  3.69415712897E-04  1.75732531591E-04  6.83112843842E-02 -7.14704639532E-02 -3.21354250355E-02
  1.1247795E+00  2.08177633454E-05 -2.21096617546E-04 -1.60274192596E-04  6.60362874873E-03 -6.00225561896E-01 -2.50517031223E-01
  6.3622230E-01 -1.14158709617E-05  1.23555574645E-04  2.68545085309E-05 -6.28313838387E-04 -5.53777615041E-01 -3.25635909302E-01
  3.6230173E-01  5.21439879738E-06 -5.55227285744E-05 -3.68320175345E-05  8.16432403250E-04 -1.74361958414E-01 -1.83772737697E-01
  1.6667233E-01 -2.16144002809E-06  2.31648923705E-05  1.15296162738E-05 -2.61938511451E-04 -1.94526390627E-02  1.84119760138E-01
  8.6724950E-02  1.21617360857E-06 -1.31030175956E-05 -5.80240398686E-06  1.39380916889E-04  1.21931519671E-03  5.21389166575E-01
  4.4339877E-02 -5.04237816596E-07  5.35029260224E-06  3.82604911057E-06 -8.06496280894E-05 -3.61203747590E-03  4.45802517183E-01
  2.2403507E-02  1.19985901023E-07 -1.29915830587E-06 -4.87151888074E-07  1.25106005142E-05 -6.18741548858E-05  9.46682623244E-02
  Ta  s 
  1.6667233E-01  9.99996671738E-01
  Ta  s 
  4.4339877E-02  9.99999114570E-01
  Ta  s 
  2.2403507E-02  9.99999552620E-01
  Ta  p 
  5.2419849E+07  3.61412468554E-06 -1.82762786567E-06  8.83675641589E-07 -3.18879391959E-07
  1.4285350E+07  1.22477481313E-05 -6.19407916151E-06  2.99486187578E-06 -1.08066101098E-06
  4.3127118E+06  2.95630027385E-05 -1.49548511789E-05  7.23143001665E-06 -2.60957598266E-06
  1.4163009E+06  6.56521534838E-05 -3.32272255519E-05  1.60679946278E-05 -5.79800208421E-06
  4.9732819E+05  1.41417376233E-04 -7.16392917508E-05  3.46532720906E-05 -1.25065407615E-05
  1.8488054E+05  3.05633112834E-04 -1.55092975643E-04  7.50421941335E-05 -2.70799799130E-05
  7.2301995E+04  6.82754334398E-04 -3.47468641041E-04  1.68262456149E-04 -6.07451800891E-05
  2.9664024E+04  1.61486410609E-03 -8.25492543523E-04  4.00062551474E-04 -1.44402808860E-04
  1.2764385E+04  4.06199717085E-03 -2.08913240854E-03  1.01416420799E-03 -3.66346542759E-04
  5.7608252E+03  1.05899074211E-02 -5.49291804988E-03  2.67085648388E-03 -9.64626787176E-04
  2.7223146E+03  2.73602987223E-02 -1.43766941960E-02  7.01416338315E-03 -2.53650434782E-03
  1.3416600E+03  6.64445744209E-02 -3.56794511733E-02  1.74893006656E-02 -6.32668431767E-03
  6.8597086E+02  1.42639376489E-01 -7.92100857189E-02  3.91571578318E-02 -1.42001651240E-02
  3.6145308E+02  2.50526857084E-01 -1.45597571333E-01  7.27722904198E-02 -2.64270319405E-02
  1.9527396E+02  3.21802971863E-01 -1.92738616957E-01  9.72203597862E-02 -3.54237454895E-02
  1.0735336E+02  2.52119567696E-01 -9.88021628091E-02  4.01285913037E-02 -1.37367987187E-02
  5.9724273E+01  9.41693858619E-02  2.00118831540E-01 -1.51802560070E-01  5.94649660309E-02
  3.3913452E+01  1.13755538428E-02  4.70495068829E-01 -3.75105534534E-01  1.50875719956E-01
  1.9529268E+01  7.93216230183E-04  3.58250795409E-01 -2.48820491378E-01  9.20175595938E-02
  1.1201366E+01 -2.66640830271E-04  1.05352085546E-01  2.49750402660E-01 -1.37989892064E-01
  6.2926421E+00  4.48364907822E-05  1.01627159794E-02  5.60931929587E-01 -3.17287245435E-01
  3.5130231E+00 -8.18416522377E-05  9.19350254653E-04  3.59474819719E-01 -2.18534828336E-01
  1.9027204E+00  3.76787906292E-05  1.52682289955E-05  7.59336454381E-02  1.77510362512E-01
  1.0203565E+00 -2.20096704170E-05  2.03130097696E-05  3.64772665114E-03  4.83391655325E-01
  5.4290210E-01  1.37010287696E-05 -2.50771739037E-05  9.00973104835E-04  4.01876486547E-01
  2.8497737E-01 -6.84394660512E-06  9.00144789202E-06 -2.07260855211E-04  1.44111823606E-01
  1.3419367E-01  3.46681196363E-06 -5.36980015488E-06  8.43653811575E-05  1.88783216626E-02
  6.5096558E-02 -1.88039683470E-06  2.81109493695E-06 -5.54109449572E-05  8.41384199557E-04
  3.1636489E-02  8.68476425837E-07 -1.29750284329E-06  2.31616595061E-05  5.04245034033E-04
  1.5290393E-02 -2.43890823187E-07  3.66507997454E-07 -6.59539037635E-06 -1.03860746664E-04
  Ta  p 
  1.3419367E-01  9.99995533862E-01
  Ta  p 
  6.5096558E-02  9.99997833476E-01
  Ta  p 
  3.1636489E-02  9.99998947077E-01
  Ta  p 
  1.5290393E-02  9.99999491105E-01
  Ta  d 
  5.0409736E+04  1.45384794777E-05 -7.18107921626E-06  1.59233713549E-06
  1.2221890E+04  9.70810428116E-05 -4.79421339320E-05  1.06280174191E-05
  4.1163339E+03  5.53527181558E-04 -2.74531135678E-04  6.09137971090E-05
  1.6559855E+03  2.71233577681E-03 -1.34736910468E-03  2.98958007271E-04
  7.4718049E+02  1.11667166867E-02 -5.59075836339E-03  1.24222753433E-03
  3.6459596E+02  3.75516925753E-02 -1.89426169672E-02  4.21282229373E-03
  1.8772941E+02  1.01556337532E-01 -5.21801748840E-02  1.16400918806E-02
  1.0059430E+02  2.11551896945E-01 -1.09519396662E-01  2.44481566014E-02
  5.5213666E+01  3.20295816081E-01 -1.61745107279E-01  3.60031054730E-02
  3.0885766E+01  3.16545459868E-01 -1.24647518184E-01  2.61026902572E-02
  1.7343109E+01  1.70159799547E-01  9.46968989575E-02 -2.96671161703E-02
  9.6073363E+00  4.07717746483E-02  3.55418600031E-01 -9.47854585485E-02
  5.2355996E+00  3.46685109227E-03  4.16114034664E-01 -1.08987073419E-01
  2.7855958E+00  5.31353988105E-04  2.35740708422E-01 -2.22888544433E-02
  1.4134921E+00  4.62823595253E-05  5.42037860654E-02  1.60286795541E-01
  6.7975565E-01  2.97472041350E-05  3.31948347359E-03  3.25412250908E-01
  3.1299064E-01 -8.94359800685E-06  5.19890005669E-04  3.74704450032E-01
  1.3717444E-01  2.26943248822E-06 -3.27444232335E-05  2.88569567029E-01
  5.6247070E-02 -1.50738235344E-06  5.60393571555E-05  1.19626122315E-01
  Ta  d 
  6.7975565E-01  9.99968332342E-01
  Ta  d 
  3.1299064E-01  9.99985417389E-01
  Ta  d 
  1.3717444E-01  9.99993608590E-01
  Ta  d 
  5.6247070E-02  9.99997379209E-01
  Ta  f 
  1.0869211E+03  1.26568075923E-04
  3.7092503E+02  1.26193887387E-03
  1.5835812E+02  7.40565207820E-03
  7.5984092E+01  2.92308829663E-02
  3.8612612E+01  8.22171535798E-02
  2.0337262E+01  1.74686761023E-01
  1.0812057E+01  2.69516947636E-01
  5.6262001E+00  3.17438822893E-01
  2.7897356E+00  2.85148985450E-01
  1.2637906E+00  1.76036112413E-01
  4.9140560E-01  5.06112886545E-02
  1.8408649E-01  1.62969098115E-03
  Ta  f 
  1.2637906E+00  9.99924320621E-01
  Ta  f 
  4.9140560E-01  9.99970565746E-01
  Ta  f 
  1.8408649E-01  9.99988972455E-01
end
basis "W_dyall_relpvqz(fi/sf/lc)" SPHERICAL
  W   s 
  6.4137274E+07  1.33098896544E-04 -5.05164475051E-05  2.39813926328E-05 -1.17816293584E-05  4.78738746182E-06 -1.37634663916E-06
  1.7067624E+07  3.16927231281E-04 -1.20687257309E-04  5.73239618191E-05 -2.81658342167E-05  1.14454263199E-05 -3.29052110376E-06
  5.8454686E+06  6.36923830840E-04 -2.43430832324E-04  1.15690632460E-04 -5.68516943186E-05  2.31025854641E-05 -6.64190368848E-06
  2.2274049E+06  1.17337138099E-03 -4.50980041814E-04  2.14522538929E-04 -1.05441496919E-04  4.28508358372E-05 -1.23196594189E-05
  9.2735944E+05  2.13919323566E-03 -8.27560740925E-04  3.94048950805E-04 -1.93727691867E-04  7.87315976752E-05 -2.26352508907E-05
  4.0726404E+05  3.85945128159E-03 -1.50579026983E-03  7.17977827822E-04 -3.53097160532E-04  1.43517496238E-04 -4.12625048224E-05
  1.8676732E+05  7.03344903521E-03 -2.77123950898E-03  1.32332394897E-03 -6.51031337266E-04  2.64617267968E-04 -7.60781967535E-05
  8.8268163E+04  1.29122461638E-02 -5.14857840396E-03  2.46336613245E-03 -1.21245854383E-03  4.92912271313E-04 -1.41721984018E-04
  4.2812203E+04  2.38179239675E-02 -9.63815910807E-03  4.62187297654E-03 -2.27608644723E-03  9.25320623370E-04 -2.66037484654E-04
  2.1231782E+04  4.36422958535E-02 -1.80137059207E-02  8.66752954412E-03 -4.27186877074E-03  1.73728336160E-03 -4.99534106194E-04
  1.0750646E+04  7.80169504992E-02 -3.31780590127E-02  1.60419006424E-02 -7.91560094291E-03  3.21932696692E-03 -9.25625257612E-04
  5.5500686E+03  1.31932282922E-01 -5.88694138699E-02  2.87084283909E-02 -1.41949710048E-02  5.77747089055E-03 -1.66146864187E-03
  2.9201293E+03  2.00471363524E-01 -9.69961898083E-02  4.79748086483E-02 -2.38024748055E-02  9.69190535410E-03 -2.78701262170E-03
  1.5655731E+03  2.51884258377E-01 -1.38382911773E-01  7.01305637597E-02 -3.50024472432E-02  1.42799290180E-02 -4.10825349479E-03
  8.5493986E+02  2.28665236987E-01 -1.45164882739E-01  7.57629323174E-02 -3.80898136488E-02  1.55481765794E-02 -4.47185213796E-03
  4.7528922E+02  1.21633992059E-01 -4.40478989675E-02  1.93323589957E-02 -9.26691547164E-03  3.77340627933E-03 -1.08801501833E-03
  2.6897852E+02  2.70573637322E-02  1.98471197157E-01 -1.50385582307E-01  8.25925019065E-02 -3.45227331202E-02  9.97427653699E-03
  1.5894220E+02  2.02138449720E-03  3.90305335151E-01 -3.55131387953E-01  2.05481844614E-01 -8.64577508070E-02  2.49571962924E-02
  1.0297127E+02 -3.09246618576E-04  2.81975329128E-01 -3.16872041115E-01  1.91780812239E-01 -8.24524391736E-02  2.39673785576E-02
  7.2276650E+01  4.35295948922E-04  2.06797414505E-01 -2.27604369564E-01  1.46171370006E-01 -6.27145053623E-02  1.80745828049E-02
  4.4994511E+01 -3.36558705153E-04  7.54064445188E-02  1.75353392640E-01 -1.51105944219E-01  6.81246814064E-02 -1.97654105409E-02
  2.8432570E+01  1.75301545024E-04  3.16552762344E-03  6.27895229453E-01 -6.95212534695E-01  3.47911886354E-01 -1.03297155745E-01
  1.7374987E+01 -1.23153201687E-04  2.09208043879E-03  4.68866516715E-01 -6.29632353048E-01  3.13692298039E-01 -9.25380402869E-02
  1.0330107E+01  7.55473121052E-05 -9.79280370957E-04  1.17299256761E-01  1.80289294643E-01 -1.24485889335E-01  3.72967902842E-02
  6.0943725E+00 -4.11639603821E-05  3.71390424377E-04  7.67695135146E-03  7.80935214995E-01 -6.06044687755E-01  1.93955522601E-01
  3.5592554E+00  2.69100866672E-05 -2.91716869139E-04  1.85274050575E-03  4.90461243245E-01 -5.90035425699E-01  2.03155984415E-01
  1.9991832E+00 -1.59153590424E-05  1.60890448917E-04 -3.61128758313E-04  8.19689171137E-02  9.70738237216E-02 -4.43293230237E-02
  1.1333452E+00  9.70407588212E-06 -9.29380581811E-05  1.58316875486E-04  1.53978295069E-03  6.67954892122E-01 -2.95165038168E-01
  6.3294538E-01 -5.94865135912E-06  5.97454282491E-05 -1.59156266808E-04  1.44547557516E-03  5.21283567488E-01 -3.34059134628E-01
  3.4800010E-01  3.28904572039E-06 -3.20715582996E-05  6.44217257249E-05 -2.03054586194E-04  1.30562909385E-01 -1.46033928798E-01
  1.8739735E-01 -1.67670960350E-06  1.64733054079E-05 -3.60139065968E-05  1.51789226713E-04  9.25484938998E-03  1.93559388757E-01
  9.5457425E-02  7.57710015750E-07 -7.52443574537E-06  1.72733502259E-05 -7.76574362109E-05  3.45045125716E-03  5.10808171228E-01
  4.8435729E-02 -2.95325710868E-07  2.83379509911E-06 -5.14619904591E-06  4.95178383070E-06  2.03902171814E-03  4.55234765789E-01
  2.4280403E-02  6.86652336183E-08 -6.91068880386E-07  1.71022484017E-06 -9.08665732842E-06  4.99012376541E-04  1.01994619985E-01
  W   s 
  1.8739735E-01  9.99996257890E-01
  W   s 
  4.8435729E-02  9.99999032779E-01
  W   s 
  2.4280403E-02  9.99999515140E-01
  W   p 
  5.3609439E+07  3.65716079241E-06 -1.85431068182E-06  9.00385960801E-07 -3.31643995478E-07
  1.4855009E+07  1.24612522542E-05 -6.31877845526E-06  3.06809229987E-06 -1.13002169907E-06
  4.5358814E+06  2.99429919981E-05 -1.51873399818E-05  7.37507727170E-06 -2.71659058997E-06
  1.5033066E+06  6.60903564625E-05 -3.35375946293E-05  1.62866682765E-05 -5.99864513169E-06
  5.3180668E+05  1.41401009016E-04 -7.18202428899E-05  3.48887604651E-05 -1.28526714432E-05
  1.9879132E+05  3.03347286453E-04 -1.54332750219E-04  7.49884627333E-05 -2.76208490945E-05
  7.8022969E+04  6.71270640514E-04 -3.42499696752E-04  1.66563557430E-04 -6.13798240461E-05
  3.2080496E+04  1.56865255161E-03 -8.03865510050E-04  3.91204511580E-04 -1.44126583425E-04
  1.3819183E+04  3.89616506419E-03 -2.00879215238E-03  9.79336364470E-04 -3.61116630926E-04
  6.2371520E+03  1.00628291210E-02 -5.23157962337E-03  2.55425661628E-03 -9.41584453651E-04
  2.9445083E+03  2.58990712460E-02 -1.36358760666E-02  6.68071033021E-03 -2.46614358987E-03
  1.4486417E+03  6.30415571683E-02 -3.38922340537E-02  1.66774752013E-02 -6.15748140527E-03
  7.3915063E+02  1.36491335862E-01 -7.58192732609E-02  3.76266909029E-02 -1.39285705759E-02
  3.8872466E+02  2.43393380767E-01 -1.41353332111E-01  7.08865413211E-02 -2.62711678687E-02
  2.0966698E+02  3.20450113921E-01 -1.92553554261E-01  9.76143111641E-02 -3.63193279435E-02
  1.1518899E+02  2.60900068878E-01 -1.11362062066E-01  4.78362875710E-02 -1.69609261977E-02
  6.4054716E+01  1.03430849906E-01  1.78255532567E-01 -1.37636856657E-01  5.51332907295E-02
  3.6303223E+01  1.35684932951E-02  4.64549149788E-01 -3.70265975434E-01  1.52108011466E-01
  2.0885271E+01  9.50061240206E-04  3.74308824271E-01 -2.71169108011E-01  1.04181456197E-01
  1.1965242E+01 -3.05404843667E-04  1.16289600418E-01  2.25631657762E-01 -1.29850835330E-01
  6.7137508E+00  7.58828256868E-05  1.16667488118E-02  5.62278461968E-01 -3.25141886261E-01
  3.7556932E+00 -1.07081306770E-04  9.97230712849E-04  3.74055310972E-01 -2.36418326863E-01
  2.0459508E+00  5.34678131748E-05 -9.47472388956E-08  8.21185050144E-02  1.71625292385E-01
  1.1024597E+00 -3.11390318758E-05  2.58301969382E-05  4.20043702219E-03  4.91130708689E-01
  5.8644331E-01  1.90405136877E-05 -3.37336206280E-05  9.22630136877E-04  4.06320249596E-01
  3.0657991E-01 -9.39654431242E-06  1.13439620134E-05 -1.93193519900E-04  1.42663078651E-01
  1.4414257E-01  4.73478616901E-06 -7.12148160031E-06  8.41536729493E-05  1.82920450523E-02
  6.9532302E-02 -2.53991658774E-06  3.63879796113E-06 -5.35807778690E-05  8.43115417631E-04
  3.3533384E-02  1.16511976269E-06 -1.67047349386E-06  2.22430888720E-05  4.31211464089E-04
  1.6049279E-02 -3.27425330332E-07  4.72384056499E-07 -6.34802402325E-06 -9.01057245598E-05
  W   p 
  1.4414257E-01  9.99995202759E-01
  W   p 
  6.9532302E-02  9.99997685848E-01
  W   p 
  3.3533384E-02  9.99998883945E-01
  W   p 
  1.6049279E-02  9.99999465848E-01
  W   d 
  5.3980043E+04  1.41703486479E-05 -7.05152017587E-06  1.68844994517E-06
  1.3082378E+04  9.32294788230E-05 -4.63910366128E-05  1.11111153657E-05
  4.3946436E+03  5.27650828770E-04 -2.63653480190E-04  6.31681067668E-05
  1.7627043E+03  2.58173176527E-03 -1.29220599640E-03  3.09771248895E-04
  7.9340011E+02  1.06561837035E-02 -5.37454947312E-03  1.28957856197E-03
  3.8654776E+02  3.60222393813E-02 -1.83048540692E-02  4.39832334537E-03
  1.9886348E+02  9.81207829958E-02 -5.07684965206E-02  1.22306619986E-02
  1.0652881E+02  2.06612020707E-01 -1.07824782765E-01  2.60130105966E-02
  5.8479281E+01  3.17211755706E-01 -1.61781149165E-01  3.88960438177E-02
  3.2717024E+01  3.19897343604E-01 -1.29937009704E-01  2.95796060312E-02
  1.8383016E+01  1.76568211243E-01  8.51276606828E-02 -2.98437771435E-02
  1.0199655E+01  4.38321981928E-02  3.50313943184E-01 -1.01509491935E-01
  5.5717106E+00  3.84879852454E-03  4.19855464631E-01 -1.20043260374E-01
  2.9784222E+00  5.48844701615E-04  2.41124969472E-01 -2.60375956077E-02
  1.5234874E+00  3.86943996376E-05  5.60119067778E-02  1.71574790806E-01
  7.4464814E-01  2.86822590974E-05  3.49125003128E-03  3.39356928008E-01
  3.4869929E-01 -1.11693704101E-05  5.82237970055E-04  3.73407178130E-01
  1.5511823E-01  2.03540559688E-06 -8.32115780558E-06  2.71073956662E-01
  6.4363559E-02 -1.77837637666E-06  6.44341189714E-05  1.03128572794E-01
  W   d 
  7.4464814E-01  9.99965309783E-01
  W   d 
  3.4869929E-01  9.99983753829E-01
  W   d 
  1.5511823E-01  9.99992772562E-01
  W   d 
  6.4363559E-02  9.99997001033E-01
  W   f 
  1.1794059E+03  1.16601309054E-04
  4.0180093E+02  1.16879806226E-03
  1.7150947E+02  6.91165995717E-03
  8.2325947E+01  2.77065912750E-02
  4.1919708E+01  7.89718740360E-02
  2.2128322E+01  1.70601234665E-01
  1.1814399E+01  2.67796967508E-01
  6.1885346E+00  3.19179989724E-01
  3.1019283E+00  2.87128528304E-01
  1.4303266E+00  1.73457357041E-01
  5.7199483E-01  4.78863625870E-02
  2.1756792E-01  1.71251524137E-03
  W   f 
  1.4303266E+00  9.99914352669E-01
  W   f 
  5.7199483E-01  9.99965739515E-01
  W   f 
  2.1756792E-01  9.99986966923E-01
end
basis "Re_dyall_relpvqz(fi/sf/lc)" SPHERICAL
  Re  s 
  6.3602863E+07  1.43014632734E-04 -5.45269301252E-05  2.59335345471E-05 -1.27830279303E-05  5.26718163207E-06 -1.53047141906E-06
  1.6921117E+07  3.40034352751E-04 -1.30085637014E-04  6.19038766217E-05 -3.05172812673E-05  1.25749431204E-05 -3.65390240308E-06
  5.7932776E+06  6.81928445892E-04 -2.61857773490E-04  1.24683941443E-04 -6.14753455536E-05  2.53321020088E-05 -7.36073057047E-06
  2.2073748E+06  1.25179253393E-03 -4.83452176685E-04  2.30408692404E-04 -1.13627279955E-04  4.68254165908E-05 -1.36063009525E-05
  9.2043510E+05  2.26741376598E-03 -8.81524824817E-04  4.20562451553E-04 -2.07455399811E-04  8.54945271690E-05 -2.48423158672E-05
  4.0582412E+05  4.05024951733E-03 -1.58839605247E-03  7.58853530927E-04 -3.74447451591E-04  1.54331054699E-04 -4.48461047637E-05
  1.8735143E+05  7.29037050687E-03 -2.88764422790E-03  1.38168844498E-03 -6.82038270947E-04  2.81115994278E-04 -8.16853722848E-05
  8.9310692E+04  1.31982123106E-02 -5.29137642567E-03  2.53678976203E-03 -1.25278261553E-03  5.16452660103E-04 -1.50079539036E-04
  4.3735454E+04  2.40193389946E-02 -9.77297697727E-03  4.69623461412E-03 -2.32056805909E-03  9.56673214043E-04 -2.77990197262E-04
  2.1880960E+04  4.35602438177E-02 -1.80785362100E-02  8.71631857043E-03 -4.31030365409E-03  1.77750699977E-03 -5.16574199710E-04
  1.1150683E+04  7.74171951109E-02 -3.30892412896E-02  1.60317215277E-02 -7.93757270946E-03  3.27372176923E-03 -9.51317755542E-04
  5.7779379E+03  1.30599508147E-01 -5.85245320375E-02  2.85929476462E-02 -1.41845723153E-02  5.85414513232E-03 -1.70157120416E-03
  3.0461933E+03  1.98250605744E-01 -9.61428497375E-02  4.76343455888E-02 -2.37134481491E-02  9.79185262842E-03 -2.84580089732E-03
  1.6371339E+03  2.48916979300E-01 -1.36627549561E-01  6.93080383098E-02 -3.46980931741E-02  1.43532466784E-02 -4.17379842818E-03
  8.9861614E+02  2.27150061526E-01 -1.43336498139E-01  7.48345121664E-02 -3.77456134514E-02  1.56263255190E-02 -4.54187480219E-03
  5.0453219E+02  1.24230370255E-01 -5.00901424804E-02  2.29620677946E-02 -1.11573558798E-02  4.60689552243E-03 -1.34376517798E-03
  2.9161892E+02  3.05298246980E-02  1.66745303644E-01 -1.25738022128E-01  6.90709971496E-02 -2.92572493973E-02  8.54945343569E-03
  1.7695324E+02  3.07853504398E-03  3.51955063384E-01 -3.11314155718E-01  1.79585413615E-01 -7.66038800567E-02  2.23424246436E-02
  1.1350002E+02 -1.74702743082E-04  3.42687809704E-01 -3.72502434925E-01  2.24630361931E-01 -9.73525207207E-02  2.85711662225E-02
  7.3662056E+01  3.11953569261E-04  2.26823858187E-01 -2.52412300466E-01  1.63324310806E-01 -7.18111620585E-02  2.09660592457E-02
  4.5394705E+01 -2.80283680991E-04  6.64953964456E-02  2.20495764649E-01 -1.92584986016E-01  8.96609773605E-02 -2.63846941873E-02
  2.8576605E+01  1.53670189567E-04  3.31292560020E-03  6.29246229626E-01 -7.14447627628E-01  3.64233300865E-01 -1.09544089089E-01
  1.7570727E+01 -1.17191380250E-04  1.55011640121E-03  4.42611231092E-01 -5.90645694898E-01  2.97826746443E-01 -8.87285436632E-02
  1.0510149E+01  7.71687579098E-05 -7.82884940866E-04  1.07956286452E-01  2.05250724450E-01 -1.40481426366E-01  4.23818187376E-02
  6.2968071E+00 -4.47790822864E-05  2.84572774343E-04  6.70291210839E-03  7.70401540292E-01 -6.16396292104E-01  2.01161002225E-01
  3.7233958E+00  2.98978009717E-05 -2.45624853373E-04  2.04126057842E-03  4.84357741603E-01 -5.95684922837E-01  2.08328747939E-01
  2.1230480E+00 -1.83307529748E-05  1.38620573831E-04 -4.92468669270E-04  8.42344358717E-02  9.35077039849E-02 -4.45278978534E-02
  1.2298564E+00  1.15030085987E-05 -8.09610787988E-05  2.39433578040E-04  2.04054451403E-03  6.49862425301E-01 -2.94650963684E-01
  7.0283439E-01 -7.01697617828E-06  5.27620410502E-05 -2.11174557505E-04  1.46512203115E-03  5.29613825287E-01 -3.28627558749E-01
  3.9525820E-01  3.76117733026E-06 -2.70796360552E-05  8.72343533538E-05 -1.34128479905E-04  1.52705470163E-01 -1.62182712700E-01
  2.1736198E-01 -1.77307746138E-06  1.29372059082E-05 -4.50835989668E-05  1.28995722623E-04  1.33757944221E-02  1.60245866308E-01
  1.0873344E-01  7.16411593814E-07 -5.30998815003E-06  1.92090005056E-05 -5.97471805237E-05  3.69704659834E-03  4.98182448811E-01
  5.4219252E-02 -2.69314482171E-07  1.87703684613E-06 -5.39590553198E-06 -5.75289522298E-06  2.17785113936E-03  4.81864820270E-01
  2.6753492E-02  6.25182854096E-08 -4.78036484016E-07  1.90641364984E-06 -8.54052996879E-06  6.03712047845E-04  1.21218049458E-01
  Re  s 
  2.1736198E-01  9.99995659546E-01
  Re  s 
  5.4219252E-02  9.99998917288E-01
  Re  s 
  2.6753492E-02  9.99999465754E-01
  Re  p 
  5.4160834E+07  3.78050275118E-06 -1.92183986588E-06  9.37198284680E-07 -3.51732298864E-07
  1.5165049E+07  1.29151083919E-05 -6.56594173728E-06  3.20183190853E-06 -1.20157257990E-06
  4.6670369E+06  3.09128067821E-05 -1.57201054367E-05  7.66669392481E-06 -2.87741369885E-06
  1.5567308E+06  6.79531902673E-05 -3.45728007764E-05  1.68617281116E-05 -6.32783880774E-06
  5.5339332E+05  1.44780586316E-04 -7.37291189344E-05  3.59705672578E-05 -1.35018732033E-05
  2.0765636E+05  3.08874123551E-04 -1.57554414448E-04  7.68838644049E-05 -2.88541918047E-05
  8.1779948E+04  6.78322606045E-04 -3.47002172870E-04  1.69482160485E-04 -6.36375719452E-05
  3.3712742E+04  1.57132453397E-03 -8.07331363064E-04  3.94587079439E-04 -1.48119591310E-04
  1.4542625E+04  3.86811326353E-03 -1.99959784281E-03  9.79084877031E-04 -3.67865739235E-04
  6.5663390E+03  9.91541631218E-03 -5.16844222887E-03  2.53436172133E-03 -9.51905037647E-04
  3.0993698E+03  2.53944152779E-02 -1.34039289613E-02  6.59555567855E-03 -2.48090598750E-03
  1.5241592E+03  6.17027054548E-02 -3.32441582523E-02  1.64281914984E-02 -6.18004226052E-03
  7.7730718E+02  1.33804943837E-01 -7.44530152593E-02  3.71039162426E-02 -1.39959291138E-02
  4.0861284E+02  2.39952067065E-01 -1.39502362708E-01  7.02401855460E-02 -2.65230320626E-02
  2.2029035E+02  3.19376731478E-01 -1.92324468095E-01  9.79310628559E-02 -3.71354228643E-02
  1.2100149E+02  2.64645709914E-01 -1.16649228121E-01  5.11924255056E-02 -1.85720408497E-02
  6.7294151E+01  1.07781375906E-01  1.68493616264E-01 -1.31887799069E-01  5.39257240037E-02
  3.8146585E+01  1.47266970596E-02  4.60365294748E-01 -3.68038161983E-01  1.54255236540E-01
  2.1973906E+01  1.02832376177E-03  3.80819675187E-01 -2.81401000906E-01  1.10914581488E-01
  1.2614658E+01 -3.14653316360E-04  1.22449358038E-01  2.11239422651E-01 -1.25623078893E-01
  7.0848573E+00  8.17625319440E-05  1.27805993320E-02  5.63444323047E-01 -3.33852728570E-01
  3.9633385E+00 -1.11505623556E-04  1.00253913044E-03  3.84624583455E-01 -2.49252902801E-01
  2.1436701E+00  5.56463405528E-05  3.34931981458E-06  8.40394415802E-02  1.84197384579E-01
  1.1527070E+00 -3.19196565359E-05  1.47209876887E-05  3.47277365326E-03  5.08042536469E-01
  6.0997280E-01  1.96377440290E-05 -3.31193626909E-05  1.15524465420E-03  3.98277785286E-01
  3.1665140E-01 -9.58731246391E-06  9.44015110111E-06 -3.03615161016E-04  1.29657091860E-01
  1.4838013E-01  4.87604106100E-06 -6.68678908461E-06  1.41367336688E-04  1.54190255121E-02
  7.1046076E-02 -2.61835576449E-06  3.36699827304E-06 -8.30126221398E-05  8.34850839229E-04
  3.4179114E-02  1.21384370348E-06 -1.56145669637E-06  3.63356834450E-05  2.83519281157E-04
  1.6355002E-02 -3.43872634887E-07  4.45636483212E-07 -1.03808614202E-05 -5.87321003128E-05
  Re  p 
  1.4838013E-01  9.99995061732E-01
  Re  p 
  7.1046076E-02  9.99997635468E-01
  Re  p 
  3.4179114E-02  9.99998862454E-01
  Re  p 
  1.6355002E-02  9.99999455673E-01
  Re  d 
  5.6798749E+04  1.41948629499E-05 -7.11722608369E-06  1.81093556077E-06
  1.3709774E+04  9.29102464803E-05 -4.65816755433E-05  1.18590669940E-05
  4.5917735E+03  5.22962740400E-04 -2.63309457762E-04  6.70365550986E-05
  1.8382681E+03  2.55154878136E-03 -1.28680334167E-03  3.27900860356E-04
  8.2623507E+02  1.05321874573E-02 -5.35274340436E-03  1.36488138322E-03
  4.0204410E+02  3.56878843893E-02 -1.82730665148E-02  4.66740643518E-03
  2.0660807E+02  9.75278131890E-02 -5.08487336079E-02  1.30196804280E-02
  1.1058796E+02  2.06020949371E-01 -1.08353049408E-01  2.77930089253E-02
  6.0695894E+01  3.16946946609E-01 -1.62971760991E-01  4.16400563609E-02
  3.3977162E+01  3.20025740128E-01 -1.31061586915E-01  3.16856218967E-02
  1.9115601E+01  1.77292765071E-01  8.45049091159E-02 -3.19312765505E-02
  1.0628427E+01  4.44126285129E-02  3.50404046384E-01 -1.08455947030E-01
  5.8247645E+00  3.93274285310E-03  4.20630964591E-01 -1.28900990443E-01
  3.1281558E+00  5.45789823657E-04  2.40143335948E-01 -2.52688725671E-02
  1.6095628E+00  2.83355899450E-05  5.49414103451E-02  1.86639081698E-01
  7.9562027E-01  2.65076402775E-05  3.37642788115E-03  3.52328774310E-01
  3.7717488E-01 -1.32028989521E-05  6.26019135336E-04  3.68903124103E-01
  1.6992564E-01  1.68296911994E-06  1.61992870746E-05  2.53093571782E-01
  7.1382388E-02 -2.00244576409E-06  7.02854222221E-05  8.89190330535E-02
  Re  d 
  7.9562027E-01  9.99962935677E-01
  Re  d 
  3.7717488E-01  9.99982427257E-01
  Re  d 
  1.6992564E-01  9.99992082669E-01
  Re  d 
  7.1382388E-02  9.99996674003E-01
  Re  f 
  1.2664595E+03  1.09850052273E-04
  4.3075057E+02  1.10529930399E-03
  1.8381750E+02  6.57499717045E-03
  8.8247740E+01  2.66734000231E-02
  4.5004851E+01  7.68322884631E-02
  2.3800741E+01  1.67983903041E-01
  1.2752196E+01  2.66943855673E-01
  6.7179368E+00  3.20634159165E-01
  3.3992518E+00  2.87907405806E-01
  1.5912492E+00  1.70166161861E-01
  6.5110611E-01  4.52820523232E-02
  2.5079181E-01  1.74747220619E-03
  Re  f 
  1.5912492E+00  9.99904721738E-01
  Re  f 
  6.5110611E-01  9.99961002043E-01
  Re  f 
  2.5079181E-01  9.99984976860E-01
end
basis "Os_dyall_relpvqz(fi/sf/lc)" SPHERICAL
  Os  s 
  6.2722200E+07  1.54109900471E-04 -5.90272604865E-05  2.81249725008E-05 -1.39094866236E-05  5.80624584478E-06 -1.69884034602E-06
  1.6691888E+07  3.65624853468E-04 -1.40530646585E-04  6.69968100912E-05 -3.31384914247E-05  1.38334412011E-05 -4.04753051215E-06
  5.7202814E+06  7.30440648641E-04 -2.81820989089E-04  1.34437698066E-04 -6.65059997154E-05  2.77634853510E-05 -8.12334928385E-06
  2.1834202E+06  1.33397576207E-03 -5.17719153247E-04  2.47201313858E-04 -1.22318402436E-04  5.10653872879E-05 -1.49414596208E-05
  9.1279212E+05  2.40333752969E-03 -9.39056092792E-04  4.48861713496E-04 -2.22156518478E-04  9.27516834999E-05 -2.71387343710E-05
  4.0364118E+05  4.26564543988E-03 -1.68163548937E-03  8.04945400038E-04 -3.98536136675E-04  1.66403307261E-04 -4.86899168109E-05
  1.8701900E+05  7.62407619428E-03 -3.03608025256E-03  1.45558418102E-03 -7.20926869012E-04  3.01042718564E-04 -8.80857099846E-05
  8.9455107E+04  1.37274675219E-02 -5.53497960223E-03  2.65889004128E-03 -1.31757819089E-03  5.50244690364E-04 -1.61008410207E-04
  4.3872107E+04  2.49419091465E-02 -1.02085516976E-02  4.91579710844E-03 -2.43724203957E-03  1.01799199299E-03 -2.97876169200E-04
  2.1918233E+04  4.52835969295E-02 -1.89166237377E-02  9.13996102941E-03 -4.53555998960E-03  1.89474241708E-03 -5.54456879847E-04
  1.1126912E+04  8.05785076141E-02 -3.46874636482E-02  1.68456451653E-02 -8.36901503348E-03  3.49728954661E-03 -1.02341520484E-03
  5.7370167E+03  1.35675906414E-01 -6.13351237568E-02  3.00437968246E-02 -1.49586896472E-02  6.25386217810E-03 -1.83030523892E-03
  3.0101895E+03  2.04203258900E-01 -1.00105895961E-01  4.97575713338E-02 -2.48591136542E-02  1.04022620468E-02 -3.04459277820E-03
  1.6122153E+03  2.51216748436E-01 -1.39758952558E-01  7.11603794934E-02 -3.57718177291E-02  1.49883832773E-02 -4.38833146591E-03
  8.8402523E+02  2.20944379991E-01 -1.39637988943E-01  7.30826389590E-02 -3.69736714436E-02  1.55200779117E-02 -4.54401537597E-03
  4.9770697E+02  1.13957657558E-01 -3.59183920421E-02  1.42377027179E-02 -6.65230898464E-03  2.72729325147E-03 -7.98116960653E-04
  2.9301159E+02  2.59915333431E-02  1.75723994956E-01 -1.33179182144E-01  7.37107404951E-02 -3.15694909239E-02  9.28048765207E-03
  1.8041573E+02  3.55080936849E-03  3.48220830960E-01 -3.11916926768E-01  1.80639586191E-01 -7.83443946759E-02  2.30428298386E-02
  1.1535774E+02 -6.88571161454E-04  3.51027100929E-01 -3.81326570319E-01  2.32084053380E-01 -1.01589434591E-01  2.99775149027E-02
  7.4326545E+01  6.97513807303E-04  2.10519657810E-01 -2.39675847260E-01  1.55245255035E-01 -7.00114881990E-02  2.06755639544E-02
  4.8177892E+01 -5.41346117407E-04  6.06200348197E-02  2.05400083406E-01 -1.75766247450E-01  8.37268835475E-02 -2.49290785342E-02
  3.0325505E+01  2.89822162699E-04  8.26047739610E-03  6.20042062725E-01 -7.01912744941E-01  3.60711485361E-01 -1.09141111508E-01
  1.8603500E+01 -1.89691417814E-04 -2.16531795576E-04  4.67240355577E-01 -6.21496343852E-01  3.21661016435E-01 -9.70141394015E-02
  1.0987773E+01  1.19742589316E-04  1.98821560033E-04  1.15319447375E-01  1.87629880795E-01 -1.37361914969E-01  4.22918258237E-02
  6.5657297E+00 -7.58411354083E-05 -3.17187112998E-04  6.02173338170E-03  7.85232352851E-01 -6.30480562610E-01  2.07362223797E-01
  3.8995318E+00  5.48614361266E-05  1.28555743993E-04  2.47812459087E-03  4.66233170511E-01 -6.20738633057E-01  2.22108288145E-01
  2.4498452E+00 -3.19420062850E-05 -8.49139699526E-05 -6.70826410908E-04  9.09319997045E-02  9.61036833967E-02 -4.79096737048E-02
  1.3087804E+00  1.49532745160E-05  4.81929882851E-05  2.14085364671E-04  1.28701280296E-02  6.81188727853E-01 -3.16195498369E-01
  7.4086736E-01 -9.29106082796E-06 -2.41904766947E-05 -2.00170678623E-04 -2.80550709665E-03  5.26355872915E-01 -3.31329960834E-01
  4.1717813E-01  4.81416715035E-06  1.42671273300E-05  7.57128320736E-05  1.83596637957E-03  1.47595384300E-01 -1.42762286711E-01
  2.1545647E-01 -2.19564094186E-06 -6.27831672953E-06 -3.80341185179E-05 -7.19482999630E-04  1.29365687104E-02  1.93120827944E-01
  1.0893299E-01  1.01125631848E-06  2.79223045808E-06  1.86865731843E-05  3.13164476097E-04  2.85995697989E-03  5.05017331259E-01
  5.4644572E-02 -3.95880285563E-07 -1.23617899294E-06 -5.30826956644E-06 -1.52189673979E-04  2.22858194098E-03  4.52228206744E-01
  2.7088194E-02  9.29498199327E-08  2.43892124073E-07  1.90351429799E-06  2.59271110418E-05  4.85380981650E-04  1.04941934905E-01
  Os  s 
  2.1545647E-01  9.99995697595E-01
  Os  s 
  5.4644572E-02  9.99998908795E-01
  Os  s 
  2.7088194E-02  9.99999459070E-01
  Os  p 
  5.4702433E+07  3.87881351719E-06 -1.97684707226E-06  9.68200592328E-07 -3.69648428146E-07
  1.5522873E+07  1.33163470022E-05 -6.78716699391E-06  3.32403180613E-06 -1.26899387634E-06
  4.8207137E+06  3.17699178659E-05 -1.61972059359E-05  7.93361616831E-06 -3.02905924952E-06
  1.6193828E+06  6.95432050357E-05 -3.54720369702E-05  1.73751680290E-05 -6.63324946551E-06
  5.7883979E+05  1.47469253955E-04 -7.52902043800E-05  3.68915708486E-05 -1.40869085457E-05
  2.1811521E+05  3.12919211629E-04 -1.60023453071E-04  7.84264072877E-05 -2.99421255402E-05
  8.6153341E+04  6.82572283992E-04 -3.50061870070E-04  1.71719476636E-04 -6.55918488951E-05
  3.5582204E+04  1.56778978073E-03 -8.07545127971E-04  3.96396899326E-04 -1.51374002575E-04
  1.5362997E+04  3.82465644840E-03 -1.98216667396E-03  9.74787760267E-04 -3.72582094320E-04
  6.9371626E+03  9.72990613145E-03 -5.08449775203E-03  2.50398429814E-03 -9.56784841717E-04
  3.2728678E+03  2.47987045310E-02 -1.31208679951E-02  6.48442388097E-03 -2.48128908754E-03
  1.6084259E+03  6.01566577464E-02 -3.24759460407E-02  1.61164319178E-02 -6.16779288651E-03
  8.1975505E+02  1.30726661473E-01 -7.28471064972E-02  3.64562673626E-02 -1.39894225084E-02
  4.3071237E+02  2.35895688503E-01 -1.37251355510E-01  6.93798789455E-02 -2.66521628955E-02
  2.3213252E+02  3.17802137609E-01 -1.91757308089E-01  9.80809094923E-02 -3.78386263023E-02
  1.2753106E+02  2.68746257331E-01 -1.22731199687E-01  5.50809792710E-02 -2.04355992903E-02
  7.0997917E+01  1.13129503918E-01  1.55693789993E-01 -1.23934546462E-01  5.16858045456E-02
  4.0276118E+01  1.64056125663E-02  4.53780278741E-01 -3.63623658466E-01  1.55141286538E-01
  2.3241097E+01  1.09736723909E-03  3.89443482455E-01 -2.94509163529E-01  1.19265696968E-01
  1.3373491E+01 -2.96471205800E-04  1.30979108037E-01  1.90387115738E-01 -1.18007109507E-01
  7.5326897E+00  7.50246319197E-05  1.44336477887E-02  5.59594158327E-01 -3.37653631713E-01
  4.2412212E+00 -1.12982732396E-04  1.04970766991E-03  3.96807348703E-01 -2.66807718729E-01
  2.3304019E+00  5.68998472150E-05  1.51239262825E-05  9.22588430141E-02  1.66959127441E-01
  1.2640445E+00 -3.17186131103E-05  5.53607160682E-06  5.11071547811E-03  5.05328198520E-01
  6.7308110E-01  1.94444389797E-05 -3.44306450734E-05  9.78277905933E-04  4.09865265854E-01
  3.5016338E-01 -8.98526825795E-06  7.06374722378E-06 -1.61212208150E-04  1.39663329723E-01
  1.6250069E-01  4.46120823331E-06 -6.09629537171E-06  8.10106499215E-05  1.69570470599E-02
  7.7109863E-02 -2.34105357494E-06  2.88659616562E-06 -4.88236272945E-05  6.63879603524E-04
  3.6580168E-02  1.07371723157E-06 -1.32376065924E-06  2.02073070679E-05  3.47483223960E-04
  1.7236010E-02 -3.05213045502E-07  3.80074686205E-07 -5.84094610696E-06 -7.62996997102E-05
  Os  p 
  1.6250069E-01  9.99994591796E-01
  Os  p 
  7.7109863E-02  9.99997433658E-01
  Os  p 
  3.6580168E-02  9.99998782543E-01
  Os  p 
  1.7236010E-02  9.99999426351E-01
  Os  d 
  6.1024283E+04  1.37762104660E-05 -6.95864815252E-06  1.86147459626E-06
  1.4692679E+04  8.91170901178E-05 -4.50181721167E-05  1.20512976606E-05
  4.9051336E+03  4.97768205565E-04 -2.52487655497E-04  6.75805881503E-05
  1.9579044E+03  2.42306420492E-03 -1.23119925497E-03  3.29895324817E-04
  8.7787916E+02  1.00246302877E-02 -5.13216400434E-03  1.37585265031E-03
  4.2643111E+02  3.41614843253E-02 -1.76191715978E-02  4.73232732463E-03
  2.1887206E+02  9.41095449182E-02 -4.94067641934E-02  1.33009147621E-02
  1.1705532E+02  2.01128296385E-01 -1.06618198292E-01  2.87643254186E-02
  6.4219292E+01  3.13888910493E-01 -1.62975150044E-01  4.37970227394E-02
  3.5937939E+01  3.23251096046E-01 -1.36214487667E-01  3.48058188572E-02
  2.0225084E+01  1.83630417797E-01  7.51210283981E-02 -3.10663116277E-02
  1.1261071E+01  4.75554252975E-02  3.45318222145E-01 -1.13118088399E-01
  6.1854487E+00  4.34854234853E-03  4.24168947076E-01 -1.37876285002E-01
  3.3371404E+00  5.60663226085E-04  2.45191482630E-01 -2.91035084428E-02
  1.7304695E+00  2.24804258595E-05  5.68694486473E-02  1.94284940301E-01
  8.6341140E-01  2.50894520698E-05  3.66544369553E-03  3.60660726801E-01
  4.1297429E-01 -1.52371820131E-05  6.65347942073E-04  3.66654347152E-01
  1.8754267E-01  1.24387781240E-06  5.00108286182E-05  2.42562719097E-01
  7.9256192E-02 -2.24263788432E-06  7.43619833293E-05  8.09131725374E-02
  Os  d 
  8.6341140E-01  9.99959778296E-01
  Os  d 
  4.1297429E-01  9.99980759523E-01
  Os  d 
  1.8754267E-01  9.99991261880E-01
  Os  d 
  7.9256192E-02  9.99996307137E-01
  Os  f 
  1.3510434E+03  1.04863483521E-04
  4.5876705E+02  1.05815844557E-03
  1.9570155E+02  6.32593289202E-03
  9.3951720E+01  2.59169978199E-02
  4.7970864E+01  7.53256557030E-02
  2.5408059E+01  1.66242684075E-01
  1.3653935E+01  2.66627156762E-01
  7.2290199E+00  3.21921147033E-01
  3.6887249E+00  2.87974672086E-01
  1.7495829E+00  1.66610567907E-01
  7.2991987E-01  4.29044418314E-02
  2.8417474E-01  1.76344801707E-03
  Os  f 
  1.7495829E+00  9.99895246751E-01
  Os  f 
  7.2991987E-01  9.99956282633E-01
  Os  f 
  2.8417474E-01  9.99982977315E-01
end
basis "Ir_dyall_relpvqz(fi/sf/lc)" SPHERICAL
  Ir  s 
  6.2632457E+07  1.64631944774E-04 -6.33491354704E-05  3.02374863120E-05 -1.50043304793E-05 -6.33941381389E-06 -1.86290487312E-06
  1.6668377E+07  3.89949145077E-04 -1.50581626010E-04  7.19166040865E-05 -3.56906149000E-05 -1.50799867541E-05 -4.43144681065E-06
  5.7097097E+06  7.77716050772E-04 -3.01491265780E-04  1.44077782242E-04 -7.15149480469E-05 -3.02175098938E-05 -8.87982568721E-06
  2.1773440E+06  1.41790354090E-03 -5.52973406585E-04  2.64517594813E-04 -1.31322412156E-04 -5.54913488779E-05 -1.63071055748E-05
  9.0923239E+05  2.54937734712E-03 -1.00115219752E-03  4.79416034143E-04 -2.38087336755E-04 -1.00611712585E-04 -2.95665898995E-05
  4.0171747E+05  4.50959335483E-03 -1.78711350255E-03  8.57072701784E-04 -4.25749590716E-04 -1.79930242115E-04 -5.28770784806E-05
  1.8624645E+05  8.00437074528E-03 -3.20514779325E-03  1.53953126843E-03 -7.65157993309E-04 -3.23398771796E-04 -9.50387740474E-05
  8.9430094E+04  1.42286166662E-02 -5.76978171390E-03  2.77733383827E-03 -1.38077138590E-03 -5.83664233165E-04 -1.71531456573E-04
  4.4243040E+04  2.53511675808E-02 -1.04378183031E-02  5.03583411837E-03 -2.50570517957E-03 -1.05931716265E-03 -3.11316517734E-04
  2.2422615E+04  4.48275128400E-02 -1.88324469055E-02  9.11851897213E-03 -4.53930230060E-03 -1.91944941935E-03 -5.64137816190E-04
  1.1615563E+04  7.73425980917E-02 -3.34559542004E-02  1.62749223263E-02 -8.11525013018E-03 -3.43244218711E-03 -1.00880259187E-03
  6.1392268E+03  1.26680826506E-01 -5.73534695885E-02  2.81367799184E-02 -1.40490427341E-02 -5.94517323453E-03 -1.74756716068E-03
  3.3077591E+03  1.88348148232E-01 -9.18196007874E-02  4.56250939352E-02 -2.28753639212E-02 -9.68734751123E-03 -2.84760804479E-03
  1.8165542E+03  2.36371032962E-01 -1.29036350733E-01  6.55735314544E-02 -3.30084296705E-02 -1.39971476843E-02 -4.11600884872E-03
  1.0177194E+03  2.23559329821E-01 -1.39030307578E-01  7.24545570304E-02 -3.68146121282E-02 -1.56346396858E-02 -4.59721370904E-03
  5.8277457E+02  1.35055556471E-01 -6.62425054844E-02  3.27737549482E-02 -1.62112181896E-02 -6.86059030914E-03 -2.01883669829E-03
  3.4258918E+02  4.13411122252E-02  1.18718928838E-01 -9.04622390959E-02  4.96070781280E-02  2.15017757697E-02  6.34966904221E-03
  2.0843540E+02  5.11861741611E-03  3.29166742691E-01 -2.79906801489E-01  1.61751498044E-01  7.07958154242E-02  2.09103257096E-02
  1.2897151E+02  2.59482622609E-04  3.94547409102E-01 -4.21329162789E-01  2.53404595853E-01  1.12211202699E-01  3.32431458841E-02
  7.9127728E+01  4.55129632514E-05  2.54022540034E-01 -2.75134965183E-01  1.80774199595E-01  8.21489639339E-02  2.43890181934E-02
  4.6130893E+01 -9.82913938010E-05  6.32374239839E-02  2.90294495259E-01 -2.68820667452E-01 -1.31249569117E-01 -3.94083281583E-02
  2.8962076E+01  4.27620165958E-05 -1.79331693808E-03  6.23675417579E-01 -7.28097930383E-01 -3.84700477962E-01 -1.17342508604E-01
  1.8419384E+01 -5.78750311679E-05  3.85278886940E-03  3.63187219418E-01 -5.12463639625E-01 -2.62987255245E-01 -7.91091603578E-02
  1.2319509E+01  4.08462925965E-05 -2.10037420826E-03  1.14793233518E-01  1.29530401970E-01  8.78510449105E-02  2.60898667331E-02
  7.2638879E+00 -1.48840881082E-05  7.26091874606E-04  1.86061661547E-02  7.61488769715E-01  6.19144147714E-01  2.04678653333E-01
  4.2595464E+00  1.06057504904E-05 -4.53441965703E-04 -6.64298851358E-04  5.61381258596E-01  6.80273234366E-01  2.42406737498E-01
  2.3131504E+00 -6.33548084933E-06  2.61335471084E-04  9.80810342617E-04  9.82643475279E-02 -8.51308136081E-02 -4.80044111266E-02
  1.3863194E+00  4.22086089498E-06 -1.76239049074E-04 -7.06005458424E-04 -3.52640818180E-03 -6.65623443433E-01 -3.09889991418E-01
  8.0618429E-01 -2.60456879286E-06  1.05545088753E-04  3.08834504536E-04  3.61501586550E-03 -5.13994855852E-01 -3.23197827684E-01
  4.6660701E-01  1.15806727575E-06 -4.74172329052E-05 -1.67438342518E-04 -8.34082235246E-04 -1.69068651624E-01 -1.43575552655E-01
  2.2410950E-01 -4.72027272945E-07  1.91874891553E-05  6.17180269267E-05  3.72778416157E-04 -1.66960317791E-02  1.89677798585E-01
  1.1629622E-01  2.40605671281E-07 -9.87586314644E-06 -3.00532214158E-05 -1.93752010634E-04 -1.32215553760E-03  4.86304468795E-01
  5.8734264E-02 -9.26048892400E-08  3.69990219461E-06  1.38953326127E-05  4.29627630528E-05 -2.67696744539E-03  4.54985213082E-01
  2.9002058E-02  2.16768513199E-08 -9.01478320419E-07 -2.44186917613E-06 -2.04411199679E-05 -4.34181563819E-04  1.14765018960E-01
  Ir  s 
  2.2410950E-01  9.99995524809E-01
  Ir  s 
  5.8734264E-02  9.99998827128E-01
  Ir  s 
  2.9002058E-02  9.99999420852E-01
  Ir  p 
  5.6087813E+07  3.91939670673E-06 -2.00252910003E-06  9.85029118458E-07 -3.82032404206E-07
  1.6153892E+07  1.35357223712E-05 -6.91616507298E-06  3.40185208433E-06 -1.31927021011E-06
  5.0677109E+06  3.21722836621E-05 -1.64433406488E-05  8.08908091177E-06 -3.13735388965E-06
  1.7164343E+06  7.00352323890E-05 -3.58117701098E-05  1.76173631800E-05 -6.83221622534E-06
  6.1777787E+05  1.47554783924E-04 -7.55211618285E-05  3.71651794981E-05 -1.44163056287E-05
  2.3405955E+05  3.10876804749E-04 -1.59365650955E-04  7.84403131271E-05 -3.04215318491E-05
  9.2800345E+04  6.72252051889E-04 -3.45599948090E-04  1.70264831958E-04 -6.60673666957E-05
  3.8418330E+04  1.52655441343E-03 -7.88121502330E-04  3.88516314836E-04 -1.50712091812E-04
  1.6614372E+04  3.67542546363E-03 -1.90922122433E-03  9.42980067217E-04 -3.66144754095E-04
  7.5084764E+03  9.25025850550E-03 -4.84411936501E-03  2.39570163375E-03 -9.29884595355E-04
  3.5413341E+03  2.34504174247E-02 -1.24306788082E-02  6.16947382941E-03 -2.39825045836E-03
  1.7382606E+03  5.69208634073E-02 -3.07616231759E-02  1.53267218149E-02 -5.95810938324E-03
  8.8452069E+02  1.24573306222E-01 -6.94311342871E-02  3.48826593296E-02 -1.35975950543E-02
  4.6403513E+02  2.28012755983E-01 -1.32534322356E-01  6.72276057808E-02 -2.62308117564E-02
  2.4974630E+02  3.14882162212E-01 -1.90333764042E-01  9.77897534890E-02 -3.83317750856E-02
  1.3710068E+02  2.76934163320E-01 -1.34153041199E-01  6.22874688041E-02 -2.36681573544E-02
  7.6326436E+01  1.23733226659E-01  1.31529620502E-01 -1.08185467141E-01  4.60047696252E-02
  4.3285764E+01  1.97822089491E-02  4.40695538258E-01 -3.52755338632E-01  1.52896021198E-01
  2.5017090E+01  1.28416913982E-03  4.05334042653E-01 -3.17202486047E-01  1.32377504964E-01
  1.4417902E+01 -2.71733549747E-04  1.47172032311E-01  1.53339642793E-01 -1.01546515976E-01
  8.1248927E+00  6.64648055023E-05  1.75911235563E-02  5.53105484094E-01 -3.38384934040E-01
  4.5904468E+00 -1.15494429480E-04  1.15063213945E-03  4.19173289819E-01 -2.90740991384E-01
  2.5389400E+00  5.83516948526E-05  3.59272686698E-05  1.04686219727E-01  1.43702265253E-01
  1.3883217E+00 -3.22939700981E-05 -2.89394126074E-06  6.46997601437E-03  5.01170018484E-01
  7.4380647E-01  1.98946030707E-05 -3.79823220208E-05  1.10794584444E-03  4.22467631371E-01
  3.8824218E-01 -8.67842099944E-06  5.57308238448E-06 -1.48553984059E-04  1.52388963494E-01
  1.7730746E-01  4.18660798475E-06 -6.11664433384E-06  8.44575254323E-05  1.90661332761E-02
  8.3178046E-02 -2.15985128758E-06  2.75522327041E-06 -4.92660310127E-05  3.21437776545E-04
  3.8896432E-02  9.86883147852E-07 -1.25929280741E-06  2.02919252199E-05  4.80322839718E-04
  1.8072660E-02 -2.82734851503E-07  3.65168574112E-07 -5.92776527547E-06 -1.13527289088E-04
  Ir  p 
  1.7730746E-01  9.99994099027E-01
  Ir  p 
  8.3178046E-02  9.99997231702E-01
  Ir  p 
  3.8896432E-02  9.99998705454E-01
  Ir  p 
  1.8072660E-02  9.99999398506E-01
  Ir  d 
  6.4611894E+04  1.36485687391E-05 -6.94510826956E-06  1.93819857736E-06
  1.5520560E+04  8.75176913613E-05 -4.45398051844E-05  1.24398829570E-05
  5.1673228E+03  4.85745609097E-04 -2.48218810001E-04  6.93117171619E-05
  2.0574349E+03  2.35901770089E-03 -1.20760201666E-03  3.37602448562E-04
  9.2067122E+02  9.76778165332E-03 -5.03769197594E-03  1.40899938056E-03
  4.4658166E+02  3.33880664326E-02 -1.73474130598E-02  4.86157585569E-03
  2.2900269E+02  9.23769383952E-02 -4.88480598356E-02  1.37209802741E-02
  1.2241111E+02  1.98622149961E-01 -1.06098866826E-01  2.98718795598E-02
  6.7154203E+01  3.12232008756E-01 -1.63521468170E-01  4.58580274930E-02
  3.7589144E+01  3.24648383774E-01 -1.39071873749E-01  3.71333900973E-02
  2.1169241E+01  1.86850802986E-01  7.06832263313E-02 -3.13513791320E-02
  1.1804259E+01  4.92900614484E-02  3.43316703288E-01 -1.18024459406E-01
  6.5005834E+00  4.58275406986E-03  4.26096588631E-01 -1.45612741061E-01
  3.5230532E+00  5.65183280882E-04  2.46567253137E-01 -3.01521193716E-02
  1.8394438E+00  1.45205451640E-05  5.72136053366E-02  2.03709627570E-01
  9.2489216E-01  2.35123854658E-05  3.80664108089E-03  3.68070579526E-01
  4.4573515E-01 -1.72294722572E-05  6.91533274576E-04  3.63004621538E-01
  2.0390409E-01  8.37474128222E-07  8.07784100545E-05  2.32050057237E-01
  8.6705035E-02 -2.45294013505E-06  7.63354435119E-05  7.37487616805E-02
  Ir  d 
  9.2489216E-01  9.99956914915E-01
  Ir  d 
  4.4573515E-01  9.99979233369E-01
  Ir  d 
  2.0390409E-01  9.99990499597E-01
  Ir  d 
  8.6705035E-02  9.99995960074E-01
  Ir  f 
  1.4337109E+03  1.01130107510E-04
  4.8606544E+02  1.02259060802E-03
  2.0726353E+02  6.13848244762E-03
  9.9496776E+01  2.53525413475E-02
  5.0854312E+01  7.42414726920E-02
  2.6973264E+01  1.65070445763E-01
  1.4533542E+01  2.66643769578E-01
  7.7292504E+00  3.23093612969E-01
  3.9738344E+00  2.87583230005E-01
  1.9067697E+00  1.62977102368E-01
  8.0900327E-01  4.07548851396E-02
  3.1790680E-01  1.77062845603E-03
  Ir  f 
  1.9067697E+00  9.99885841371E-01
  Ir  f 
  8.0900327E-01  9.99951547324E-01
  Ir  f 
  3.1790680E-01  9.99980956903E-01
end
basis "Pt_dyall_relpvqz(fi/sf/lc)" SPHERICAL
  Pt  s 
  6.2378099E+07  1.76056719779E-04 -6.80615317319E-05  3.25428802064E-05  1.62019047566E-05  6.92291046070E-06 -2.03941767716E-06
  1.6610117E+07  4.15936772403E-04 -1.61377477255E-04  7.72062890778E-05  3.84433561787E-05  1.64269854710E-05 -4.83923841552E-06
  5.6965785E+06  8.26198019120E-04 -3.21823692503E-04  1.54064442337E-04  7.67259784005E-05  3.27865855064E-05 -9.65871032995E-06
  2.1756024E+06  1.49986305988E-03 -5.87812740348E-04  2.81679032328E-04  1.40310415907E-04  5.99606456428E-05 -1.76640919844E-05
  9.0970019E+05  2.68703679847E-03 -1.06052349699E-03  5.08765642970E-04  2.53502589136E-04  1.08340278739E-04 -3.19170397803E-05
  4.0237922E+05  4.73035672380E-03 -1.88440417457E-03  9.05367544828E-04  4.51259531403E-04  1.92870685913E-04 -5.68198710160E-05
  1.8686049E+05  8.35071861118E-03 -3.36195955933E-03  1.61791708073E-03  8.06787162646E-04  3.44863741376E-04 -1.01600362583E-04
  8.9836786E+04  1.47949526530E-02 -6.03370225632E-03  2.90982348361E-03  1.45160403143E-03  6.20552568316E-04 -1.82820529631E-04
  4.4412747E+04  2.63623640735E-02 -1.09196623363E-02  5.27905298360E-03  2.63543412546E-03  1.12683168316E-03 -3.31993092114E-04
  2.2441780E+04  4.66612174545E-02 -1.97319812886E-02  9.57323431355E-03  4.78245945476E-03  2.04516125880E-03 -6.02551315530E-04
  1.1580965E+04  8.03794594954E-02 -3.50238775230E-02  1.70775675833E-02  8.54379437145E-03  3.65494422662E-03 -1.07694124851E-03
  6.1019949E+03  1.30895592473E-01 -5.97685831831E-02  2.93908216282E-02  1.47298129038E-02  6.30386309247E-03 -1.85746508323E-03
  3.2811068E+03  1.92761733606E-01 -9.49184970727E-02  4.73108618708E-02  2.38007251538E-02  1.01952790814E-02 -3.00480303697E-03
  1.7987943E+03  2.38421016787E-01 -1.31632581369E-01  6.70929945662E-02  3.39153382070E-02  1.45445375855E-02 -4.28684854261E-03
  1.0055354E+03  2.19981831520E-01 -1.37296501179E-01  7.17555635054E-02  3.65556098538E-02  1.57069237673E-02 -4.63215111998E-03
  5.7394387E+02  1.27183632921E-01 -5.39264433242E-02  2.51232260527E-02  1.22935464581E-02  5.22734204332E-03 -1.53659242516E-03
  3.3555893E+02  3.58313630629E-02  1.45463929212E-01 -1.10886504279E-01 -6.14392323355E-02 -2.69279500972E-02  7.96081303882E-03
  2.0344160E+02  3.81368198162E-03  3.47422511313E-01 -3.04134620558E-01 -1.77128926980E-01 -7.86293500512E-02  2.33194210084E-02
  1.2691635E+02  1.93176051501E-04  3.75339810326E-01 -4.08139155768E-01 -2.48328513536E-01 -1.11280132160E-01  3.30155907727E-02
  7.9359993E+01  3.83878717766E-05  2.29555740794E-01 -2.45374321898E-01 -1.62029823306E-01 -7.50735524947E-02  2.24518362488E-02
  4.7803711E+01 -9.13134957589E-05  5.73567989833E-02  2.95705393285E-01  2.72613949928E-01  1.35796550245E-01 -4.11077556520E-02
  2.9780005E+01  2.84777496452E-05  1.43611805427E-03  6.43775389484E-01  7.66234171806E-01  4.08316782929E-01 -1.24586509941E-01
  1.8271802E+01 -3.95690660134E-05  1.62508619870E-03  3.83880755297E-01  5.06600914912E-01  2.65229054925E-01 -8.08433417240E-02
  1.1249627E+01  3.36674495685E-05 -1.01677535034E-03  8.15585542468E-02 -2.78220336348E-01 -1.91948086741E-01  5.98844679989E-02
  6.9501429E+00 -1.90003011226E-05  4.74276899934E-04  8.53856628088E-03 -7.33559312095E-01 -6.38607751694E-01  2.14877551892E-01
  4.2935494E+00  1.43575377157E-05 -3.56260694993E-04  4.18640297642E-04 -4.65992385479E-01 -6.06448008687E-01  2.20076335943E-01
  2.5603157E+00 -7.98200990396E-06  1.86877677489E-04  3.56022387509E-04 -9.78002579720E-02  7.90499222865E-02 -4.72958475510E-02
  1.5006061E+00  3.99438454011E-06 -9.06818035508E-05 -2.66635032614E-04 -3.61596878889E-03  6.72686091365E-01 -3.16266310511E-01
  8.5208386E-01 -2.14596821071E-06  4.91943440764E-05  4.94812289338E-05 -1.67067340619E-03  5.56066354187E-01 -3.47407206778E-01
  4.6593475E-01  9.00102232008E-07 -2.01959864232E-05 -4.98196870731E-05  1.40787170193E-04  1.52413153131E-01 -1.27497650209E-01
  2.2835045E-01 -3.98375826776E-07  8.95093097131E-06  1.74319099105E-05 -1.47429480229E-04  1.04626199085E-02  2.30809350413E-01
  1.1429192E-01  1.98221955315E-07 -4.57200978572E-06 -6.99098650439E-06  9.18262922429E-05  2.94744624397E-03  5.08420818869E-01
  5.7390836E-02 -8.07918297342E-08  1.73257036310E-06  5.18596866310E-06 -6.35581314358E-06  1.90092007429E-03  4.17941979170E-01
  2.8637438E-02  1.98393133230E-08 -4.66304843841E-07 -5.43887088916E-07  1.14312170108E-05  4.43898681247E-04  9.17009026104E-02
  Pt  s 
  2.2835045E-01  9.99995440125E-01
  Pt  s 
  5.7390836E-02  9.99998853955E-01
  Pt  s 
  2.8637438E-02  9.99999428133E-01
  Pt  p 
  5.6847512E+07  4.02919687247E-06 -2.06367548236E-06  1.01947792909E-06 -4.01151391202E-07
  1.6555699E+07  1.39536569852E-05 -7.14719054848E-06  3.53060674829E-06 -1.38913399796E-06
  5.2359572E+06  3.30621726042E-05 -1.69395906306E-05  8.36909451417E-06 -3.29323233005E-06
  1.7839641E+06  7.17516517392E-05 -3.67796681367E-05  1.81713621043E-05 -7.14964581739E-06
  6.4482116E+05  1.50600650447E-04 -7.72691431482E-05  3.81892957620E-05 -1.50293574970E-05
  2.4514211E+05  3.15679964643E-04 -1.62225823210E-04  8.01916395271E-05 -3.15534387918E-05
  9.7475601E+04  6.78077086207E-04 -3.49442369259E-04  1.72900651703E-04 -6.80680054581E-05
  4.0432196E+04  1.52847151585E-03 -7.91043213281E-04  3.91634336448E-04 -1.54132810820E-04
  1.7491403E+04  3.65435120496E-03 -1.90290214637E-03  9.43931500529E-04 -3.71862391014E-04
  7.8991940E+03  9.13667087163E-03 -4.79651962229E-03  2.38240367012E-03 -9.38187129062E-04
  3.7228512E+03  2.30390407372E-02 -1.22414732336E-02  6.10195617794E-03 -2.40667151498E-03
  1.8261078E+03  5.58050698302E-02 -3.02225437965E-02  1.51221999312E-02 -5.96418895213E-03
  9.2840132E+02  1.22325367885E-01 -6.82884550506E-02  3.44534860972E-02 -1.36267718790E-02
  4.8658729E+02  2.25026544704E-01 -1.30947359648E-01  6.66917663720E-02 -2.64003704577E-02
  2.6166269E+02  3.13507301063E-01 -1.89771134796E-01  9.79170126188E-02 -3.89469234133E-02
  1.4358357E+02  2.79794533128E-01 -1.38126455500E-01  6.49284285440E-02 -2.50797142466E-02
  7.9905847E+01  1.27923561920E-01  1.23661157282E-01 -1.03602970417E-01  4.48131205453E-02
  4.5234049E+01  2.10888337135E-02  4.38368822211E-01 -3.52377723394E-01  1.55150717391E-01
  2.6101909E+01  1.33232652294E-03  4.10231593240E-01 -3.23900490386E-01  1.37525978356E-01
  1.5033503E+01 -2.66902285455E-04  1.50750815946E-01  1.47497279247E-01 -1.00528534671E-01
  8.4691343E+00  6.60446545651E-05  1.82784297715E-02  5.56025038613E-01 -3.47646127949E-01
  4.7845135E+00 -1.16617023860E-04  1.09663647677E-03  4.22620810700E-01 -2.98823238497E-01
  2.6400203E+00  5.95116103065E-05  5.14261722674E-05  1.03457677040E-01  1.60319559604E-01
  1.4379999E+00 -3.20619872450E-05 -2.68432554004E-05  6.03209714928E-03  5.16788148928E-01
  7.6620194E-01  2.00458536883E-05 -3.06588091071E-05  1.10550899984E-03  4.13804775091E-01
  3.9734304E-01 -8.68237537589E-06  5.05502338841E-07 -1.49606957198E-04  1.38860896560E-01
  1.8131035E-01  4.25263039647E-06 -4.12558432346E-06  8.84264144157E-05  1.60700207170E-02
  8.4697942E-02 -2.20052728440E-06  1.69918517410E-06 -5.03173948199E-05  4.16104421269E-04
  3.9577815E-02  1.01179013066E-06 -7.76851823224E-07  2.10451042755E-05  3.33717573486E-04
  1.8381289E-02 -2.90850590050E-07  2.27536968089E-07 -6.14657826719E-06 -7.74518600331E-05
  Pt  p 
  1.8131035E-01  9.99993965811E-01
  Pt  p 
  8.4697942E-02  9.99997181118E-01
  Pt  p 
  3.9577815E-02  9.99998682777E-01
  Pt  p 
  1.8381289E-02  9.99999388234E-01
  Pt  d 
  6.8782903E+04  1.34102854633E-05 -6.87339630858E-06  1.98925613205E-06
  1.6486230E+04  8.51487188316E-05 -4.36524763319E-05  1.26445141774E-05
  5.4733773E+03  4.69199150078E-04 -2.41509022427E-04  6.99372301050E-05
  2.1736928E+03  2.27223487699E-03 -1.17170660537E-03  3.39732292899E-04
  9.7062154E+02  9.41950050108E-03 -4.89316258985E-03  1.41933615826E-03
  4.7004055E+02  3.23344205649E-02 -1.69207895480E-02  4.91827575380E-03
  2.4073543E+02  9.00130416856E-02 -4.79288331190E-02  1.39629222252E-02
  1.2856850E+02  1.95201186898E-01 -1.05060650352E-01  3.06846628120E-02
  7.0502724E+01  3.09964908531E-01 -1.63772321676E-01  4.76477045943E-02
  3.9458468E+01  3.26615368129E-01 -1.42721271087E-01  3.96307442812E-02
  2.2233244E+01  1.91292004052E-01  6.42212146170E-02 -3.07118608349E-02
  1.2415785E+01  5.16874125279E-02  3.39842577046E-01 -1.21912926972E-01
  6.8533848E+00  4.92432018607E-03  4.28640290532E-01 -1.53077627256E-01
  3.7296816E+00  5.72753064568E-04  2.49526856121E-01 -3.24157509194E-02
  1.9597861E+00  8.99217481436E-06  5.82877144497E-02  2.10839228890E-01
  9.9159256E-01  2.18600836838E-05  4.02239849571E-03  3.74016834598E-01
  4.8067665E-01 -1.87594711402E-05  7.08163643360E-04  3.60227541842E-01
  2.2109331E-01  4.73909002478E-07  1.04400509252E-04  2.24023353319E-01
  9.4413319E-02 -2.59066334581E-06  7.60374622446E-05  6.84741026027E-02
  Pt  d 
  9.9159256E-01  9.99953808540E-01
  Pt  d 
  4.8067665E-01  9.99977605658E-01
  Pt  d 
  2.2109331E-01  9.99989698754E-01
  Pt  d 
  9.4413319E-02  9.99995600923E-01
  Pt  f 
  1.5152867E+03  9.82577969408E-05
  5.1293440E+02  9.94941481414E-04
  2.1862924E+02  5.99317408390E-03
  1.0494393E+02  2.49205573254E-02
  5.3685680E+01  7.34519102221E-02
  2.8511821E+01  1.64302829242E-01
  1.5399494E+01  2.66880368976E-01
  8.2234678E+00  3.24142862935E-01
  4.2572104E+00  2.86865784211E-01
  2.0640420E+00  1.59394651650E-01
  8.8882536E-01  3.88310834755E-02
  3.5215489E-01  1.77332466188E-03
  Pt  f 
  2.0640420E+00  9.99876431848E-01
  Pt  f 
  8.8882536E-01  9.99946768033E-01
  Pt  f 
  3.5215489E-01  9.99978905629E-01
end
basis "Au_dyall_relpvqz(fi/sf/lc)" SPHERICAL
  Au  s 
  6.2091032E+07  1.88390950006E-04 -7.31729296403E-05  3.50457614681E-05 -1.75053492679E-05  7.55886675489E-06 -2.22925555401E-06
  1.6531020E+07  4.44391371826E-04 -1.73242167987E-04  8.30231221553E-05 -4.14759147983E-05  1.79100791927E-05 -5.28206337058E-06
  5.6666227E+06  8.81135428337E-04 -3.44891039526E-04  1.65390360064E-04 -8.26376252195E-05  3.56857781401E-05 -1.05245455306E-05
  2.1625688E+06  1.59578577934E-03 -6.28533208399E-04  3.01714358692E-04 -1.50787735548E-04  6.51193595888E-05 -1.92054134434E-05
  9.0428832E+05  2.84614730553E-03 -1.12909369690E-03  5.42619747617E-04 -2.71263774872E-04  1.17155617180E-04 -3.45525237715E-05
  4.0047108E+05  4.98493513767E-03 -1.99647130765E-03  9.60931981651E-04 -4.80551428968E-04  2.07564253096E-04 -6.12178796450E-05
  1.8613020E+05  8.78061080975E-03 -3.55471938528E-03  1.71385800629E-03 -8.57460339298E-04  3.70395552133E-04 -1.09243296176E-04
  8.9401027E+04  1.55472472676E-02 -6.37829212131E-03  3.08182466679E-03 -1.54260092377E-03  6.66446662985E-04 -1.96566251748E-04
  4.4116867E+04  2.76459168625E-02 -1.15238219932E-02  5.58232326737E-03 -2.79612557287E-03  1.20816421868E-03 -3.56346884576E-04
  2.2257868E+04  4.87622309221E-02 -2.07648710267E-02  1.00952337293E-02 -5.06063370236E-03  2.18714065129E-03 -6.45132621251E-04
  1.1466692E+04  8.37828921039E-02 -3.67884401703E-02  1.79793963618E-02 -9.02540890355E-03  3.90175350286E-03 -1.15091008858E-03
  6.0232727E+03  1.36134060966E-01 -6.27396930982E-02  3.09299005640E-02 -1.55572822840E-02  6.72929730437E-03 -1.98521114948E-03
  3.2250230E+03  1.98868957804E-01 -9.90386408087E-02  4.95221362315E-02 -2.50017398695E-02  1.08230365789E-02 -3.19316740738E-03
  1.7623507E+03  2.40434801430E-01 -1.34557307321E-01  6.88288549181E-02 -3.49333022659E-02  1.51445927659E-02 -4.46964060826E-03
  9.8638894E+02  2.12334245412E-01 -1.32545150851E-01  6.93997554533E-02 -3.54625095282E-02  1.53930158809E-02 -4.54304296121E-03
  5.6980004E+02  1.15050885950E-01 -4.15121593279E-02  1.77124732101E-02 -8.44314478711E-03  3.61235263543E-03 -1.06526275619E-03
  3.4743912E+02  3.19960574580E-02  1.33247703154E-01 -1.01588170552E-01  5.65265294027E-02 -2.50801881860E-02  7.43411817375E-03
  2.1859443E+02  5.36450202042E-03  3.16544024980E-01 -2.74161505244E-01  1.59558701797E-01 -7.14671806237E-02  2.11987855018E-02
  1.3725327E+02 -1.99748305829E-04  3.88263914534E-01 -4.12551043209E-01  2.51195396770E-01 -1.13874305977E-01  3.38705481104E-02
  8.4862064E+01  3.36872544432E-04  2.46864696361E-01 -2.77641422257E-01  1.81888306001E-01 -8.44982022234E-02  2.52083328129E-02
  5.2068308E+01 -2.92321837611E-04  6.38120294387E-02  2.31204967447E-01 -2.08285553426E-01  1.03403546620E-01 -3.11926501841E-02
  3.2962045E+01  1.68782346190E-04  5.10417177543E-03  6.10178269327E-01 -7.08328575995E-01  3.81232019803E-01 -1.16727396471E-01
  2.0564227E+01 -1.28995783776E-04  6.79293610141E-04  4.45830170176E-01 -5.95789998462E-01  3.18083016632E-01 -9.69302541458E-02
  1.2354184E+01  8.62932799953E-05 -2.67877459609E-04  1.17985636116E-01  1.64699966960E-01 -1.22157002287E-01  3.76220583365E-02
  7.5641217E+00 -5.28076138745E-05 -2.74428150310E-05  5.92217121033E-03  7.66110140224E-01 -6.53798216264E-01  2.19944707539E-01
  4.5739925E+00  3.51036356954E-05 -6.02313412027E-05  3.06645842333E-03  5.05116156954E-01 -6.69061472393E-01  2.43541287610E-01
  2.7396490E+00 -1.93119195771E-05  2.20700671357E-05 -9.24476230036E-04  1.02219120761E-01  9.69349411280E-02 -5.60852765812E-02
  1.5458697E+00  9.52999724980E-06 -2.36154568225E-06  3.52912564480E-04  6.54084377574E-03  7.17601386219E-01 -3.45798920041E-01
  8.5989884E-01 -5.16505781089E-06  6.38113992441E-06 -2.64939751131E-04  4.92246604856E-04  5.40068263809E-01 -3.42410294051E-01
  4.5826151E-01  2.59366720603E-06 -1.62244344708E-06  1.06045848034E-04  3.14655686474E-04  1.23462785408E-01 -1.02852772211E-01
  2.4308744E-01 -1.31172829534E-06  9.87268649528E-07 -5.71920901100E-05 -7.05867128926E-05  6.32674060129E-03  2.31988794314E-01
  1.2152573E-01  5.94548808960E-07 -5.89046504144E-07  2.77345888610E-05  1.12005376158E-05  3.82992408093E-03  4.98858991645E-01
  6.0893308E-02 -2.35769347432E-07  6.63053873617E-08 -8.68441086950E-06 -3.68657811122E-05  1.60513656286E-03  4.22943671311E-01
  3.0185296E-02  5.60233605574E-08 -6.91937010503E-08  2.81779699253E-06 -1.78892783467E-06  5.23127705979E-04  9.70974154204E-02
  Au  s 
  2.4308744E-01  9.99995145853E-01
  Au  s 
  6.0893308E-02  9.99998784014E-01
  Au  s 
  3.0185296E-02  9.99999397224E-01
  Au  p 
  5.7553485E+07  4.15035756637E-06 -2.13085382968E-06  1.05715153187E-06 -4.21561211056E-07
  1.6912486E+07  1.44485125481E-05 -7.41846764064E-06  3.68023060683E-06 -1.46743944813E-06
  5.3778068E+06  3.41938461596E-05 -1.75616657366E-05  8.71341657343E-06 -3.47476422085E-06
  1.8396873E+06  7.40236452135E-05 -3.80359701147E-05  1.88722129622E-05 -7.52506709393E-06
  6.6701259E+05  1.54921571206E-04 -7.96788085344E-05  3.95482137616E-05 -1.57732088674E-05
  2.5415158E+05  3.23632309655E-04 -1.66716491338E-04  8.27636826924E-05 -3.30026004755E-05
  1.0122199E+05  6.91957562008E-04 -3.57466101578E-04  1.77626155974E-04 -7.08681681514E-05
  4.2034735E+04  1.55017845348E-03 -8.04250047385E-04  3.99881541021E-04 -1.59491483713E-04
  1.8196646E+04  3.68086805614E-03 -1.92151607294E-03  9.57259198988E-04 -3.82188323689E-04
  8.2174487E+03  9.14839742412E-03 -4.81492824106E-03  2.40189954606E-03 -9.58572130902E-04
  3.8703916E+03  2.29715994889E-02 -1.22369015589E-02  6.12608030584E-03 -2.44877224090E-03
  1.8971509E+03  5.54717249445E-02 -3.01151410490E-02  1.51337339683E-02 -6.04899571080E-03
  9.6423721E+02  1.21376628764E-01 -6.79058496401E-02  3.44074133824E-02 -1.37925628967E-02
  5.0542065E+02  2.23364001056E-01 -1.30204974095E-01  6.65939509865E-02 -2.67162132601E-02
  2.7186129E+02  3.12304236279E-01 -1.89330085140E-01  9.80978605521E-02 -3.95495766635E-02
  1.4924477E+02  2.80845430462E-01 -1.39897398342E-01  6.62563113244E-02 -2.59489861051E-02
  8.3140463E+01  1.30143493157E-01  1.18647173364E-01 -1.00875681584E-01  4.43094552639E-02
  4.7131483E+01  2.20534755339E-02  4.34236183621E-01 -3.50700214926E-01  1.56722260043E-01
  2.7229115E+01  1.37632456976E-03  4.13765506380E-01 -3.29411690451E-01  1.42075532375E-01
  1.5675902E+01 -2.45154575011E-04  1.54984617427E-01  1.40504384706E-01 -9.86920917046E-02
  8.8298688E+00  5.10191629048E-05  1.88050048581E-02  5.58834175552E-01 -3.56565980659E-01
  4.9910401E+00 -1.07950468372E-04  1.18127358928E-03  4.25553721052E-01 -3.06415072369E-01
  2.7579796E+00  5.48858952577E-05 -1.26212392697E-05  1.03024643989E-01  1.71991078515E-01
  1.5021522E+00 -2.85620798817E-05 -2.62218257533E-06  6.07241933710E-03  5.25069929170E-01
  8.0099970E-01  1.84715833235E-05 -4.99036436559E-05  1.05477032230E-03  4.06861648213E-01
  4.1615897E-01 -7.71202140561E-06  7.87751670534E-06 -1.09911899518E-04  1.33218511452E-01
  1.8857106E-01  3.76885090340E-06 -7.83210160964E-06  7.45461217513E-05  1.51243937703E-02
  8.7555118E-02 -1.93129154609E-06  3.61589066660E-06 -4.18104608514E-05  2.48580367586E-04
  4.0633898E-02  8.87172139382E-07 -1.65308591583E-06  1.71743641520E-05  3.41438882259E-04
  1.8755275E-02 -2.56185105196E-07  4.81723969649E-07 -5.04554510975E-06 -8.25941389140E-05
  Au  p 
  1.8857106E-01  9.99993724176E-01
  Au  p 
  8.7555118E-02  9.99997086028E-01
  Au  p 
  4.0633898E-02  9.99998647629E-01
  Au  p 
  1.8755275E-02  9.99999375787E-01
  Au  d 
  7.3085195E+04  1.32054700143E-05 -6.81696868664E-06  2.03480370003E-06
  1.7483465E+04  8.30276042563E-05 -4.28758883247E-05  1.28097875363E-05
  5.7912193E+03  4.53743371997E-04 -2.35231625034E-04  7.02563451023E-05
  2.2955079E+03  2.18792295935E-03 -1.13645336113E-03  3.39873039679E-04
  1.0234377E+03  9.06873345765E-03 -4.74453089012E-03  1.41943631685E-03
  4.9506436E+02  3.12298694887E-02 -1.64592476304E-02  4.93471087022E-03
  2.5336705E+02  8.74133345159E-02 -4.68614558225E-02  1.40813050033E-02
  1.3525691E+02  1.91198286693E-01 -1.03676206743E-01  3.12391419949E-02
  7.4166438E+01  3.07035044198E-01 -1.63663579782E-01  4.91291473694E-02
  4.1510011E+01  3.28674276736E-01 -1.46732943653E-01  4.21662709023E-02
  2.3402974E+01  1.96528447180E-01  5.63267820828E-02 -2.93020145998E-02
  1.3090124E+01  5.46251349730E-02  3.34999027063E-01 -1.24760836413E-01
  7.2436307E+00  5.37139380445E-03  4.31298814689E-01 -1.60093856954E-01
  3.9591472E+00  5.83919601915E-04  2.53893735177E-01 -3.60006873595E-02
  2.0937190E+00  7.16034657284E-06  6.01338900748E-02  2.15363940992E-01
  1.0655856E+00  2.21377811629E-05  4.24586692509E-03  3.78412430447E-01
  5.1928944E-01 -1.78940586473E-05  6.44839421145E-04  3.58449495985E-01
  2.3993836E-01  1.29141153719E-06  7.46236369102E-05  2.18640608108E-01
  1.0271158E-01 -2.32014325345E-06  6.09103267107E-05  6.50268121889E-02
  Au  d 
  1.0655856E+00  9.99950362657E-01
  Au  d 
  5.1928944E-01  9.99975806958E-01
  Au  d 
  2.3993836E-01  9.99988820773E-01
  Au  d 
  1.0271158E-01  9.99995214286E-01
  Au  f 
  1.5984529E+03  9.57024199782E-05
  5.4023670E+02  9.70168157225E-04
  2.3015033E+02  5.86348096585E-03
  1.1044826E+02  2.45397404923E-02
  5.6535919E+01  7.27940312789E-02
  3.0055120E+01  1.63761433061E-01
  1.6265242E+01  2.67302897608E-01
  8.7169377E+00  3.25189077261E-01
  4.5407487E+00  2.85982202545E-01
  2.2220809E+00  1.55924691428E-01
  9.6965516E-01  3.71080065171E-02
  3.8700265E-01  1.77396110024E-03
  Au  f 
  2.2220809E+00  9.99866977444E-01
  Au  f 
  9.6965516E-01  9.99941928663E-01
  Au  f 
  3.8700265E-01  9.99976818486E-01
end
basis "Hg_dyall_relpvqz(fi/sf/lc)" SPHERICAL
  Hg  s 
  6.1267281E+07  2.02667101814E-04 -7.90933125322E-05  3.79439092307E-05 -1.90153549946E-05  8.31876613441E-06 -2.41548740431E-06
  1.6310458E+07  4.77388267746E-04 -1.87008210257E-04  8.97700654216E-05 -4.49942284869E-05  1.96846382681E-05 -5.71579390705E-06
  5.5888882E+06  9.44723724852E-04 -3.71612242172E-04  1.78504611557E-04 -8.94846671341E-05  3.91503715817E-05 -1.13680803701E-05
  2.1322062E+06  1.70624760233E-03 -6.75464889467E-04  3.24800962428E-04 -1.62862271295E-04  7.12582815612E-05 -2.06915315179E-05
  8.9157691E+05  3.03478587685E-03 -1.21029491409E-03  5.82655735393E-04 -2.92245527116E-04  1.27876720884E-04 -3.71322963608E-05
  3.9470916E+05  5.30365764169E-03 -2.13582690114E-03  1.02986118340E-03 -5.16733467627E-04  2.26127156275E-04 -6.56634143545E-05
  1.8340343E+05  9.30761433318E-03 -3.79007368389E-03  1.83067014628E-03 -9.18971982306E-04  4.02188882111E-04 -1.16789432391E-04
  8.8169505E+04  1.63780975464E-02 -6.76040113541E-03  3.27276444819E-03 -1.64365942724E-03  7.19450783727E-04 -2.08925602949E-04
  4.3607826E+04  2.89147068487E-02 -1.21322363527E-02  5.88850094321E-03 -2.95950518971E-03  1.29559682619E-03 -3.76237728801E-04
  2.2055705E+04  5.06996829248E-02 -2.17407545230E-02  1.05921325769E-02 -5.32769483094E-03  2.33289263674E-03 -6.77512356727E-04
  1.1378794E+04  8.67019464064E-02 -3.83666938118E-02  1.87913258754E-02 -9.46579120062E-03  4.14611442885E-03 -1.20412184925E-03
  5.9792975E+03  1.39940174023E-01 -6.50477270775E-02  3.21492462278E-02 -1.62267267613E-02  7.11155596854E-03 -2.06565933838E-03
  3.2039033E+03  2.01784365284E-01 -1.01495319916E-01  5.08847940861E-02 -2.57840844227E-02  1.13095678605E-02 -3.28527055932E-03
  1.7558335E+03  2.39011213415E-01 -1.34914483998E-01  6.92227596753E-02 -3.52566998691E-02  1.54874038636E-02 -4.50058834328E-03
  9.8777100E+02  2.06342323997E-01 -1.28623546849E-01  6.73438647066E-02 -3.45309238763E-02  1.51860106255E-02 -4.41261507353E-03
  5.7291490E+02  1.10356278238E-01 -3.24439273012E-02  1.20807966868E-02 -5.41159961349E-03  2.30819091483E-03 -6.69497600112E-04
  3.4598363E+02  3.00144493761E-02  1.50653319574E-01 -1.16220406344E-01  6.50126925091E-02 -2.92478661058E-02  8.53970230671E-03
  2.1766112E+02  4.00806448988E-03  3.23288470376E-01 -2.83836513106E-01  1.66688428240E-01 -7.57695691747E-02  2.21365084259E-02
  1.3815017E+02  9.92230395403E-05  3.74165301572E-01 -4.04777217723E-01  2.47730631195E-01 -1.13896320425E-01  3.33777893724E-02
  8.6097605E+01  1.01573874728E-04  2.38961777766E-01 -2.57682558061E-01  1.70425160799E-01 -8.05149235741E-02  2.36700756825E-02
  5.1764283E+01 -1.21835888319E-04  6.04437020424E-02  2.76111245927E-01 -2.57108838354E-01  1.30874610160E-01 -3.89857861084E-02
  3.2705893E+01  4.90157861564E-05  1.54318034141E-03  6.18731649017E-01 -7.34481768204E-01  4.03094514598E-01 -1.21844668877E-01
  2.0500673E+01 -5.25998598518E-05  1.89673162634E-03  4.02016298729E-01 -5.41708282593E-01  2.91168444196E-01 -8.72972750774E-02
  1.2823154E+01  3.86897904449E-05 -1.06737147428E-03  1.03948575527E-01  1.78952072049E-01 -1.26949176475E-01  3.80585258511E-02
  7.9445394E+00 -1.93918485422E-05  4.45341041814E-04  1.06997987025E-02  7.43636271002E-01 -6.53430882732E-01  2.18362917972E-01
  4.8429888E+00  1.36231835668E-05 -3.24583921510E-04  1.12097505364E-03  5.28912984136E-01 -6.89945658049E-01  2.47820004371E-01
  2.8256759E+00 -7.34695726415E-06  1.66462381451E-04  4.78988515727E-05  1.06626637898E-01  8.72695667687E-02 -5.36928086536E-02
  1.6482318E+00  3.82499861719E-06 -8.44582222684E-05 -1.17021998409E-04  3.49418577778E-03  7.13206798995E-01 -3.40583246638E-01
  9.3337927E-01 -2.20598896559E-06  4.95839214813E-05 -2.65604975997E-05  1.66552048031E-03  5.43615276495E-01 -3.38371120563E-01
  5.1439267E-01  1.04165765701E-06 -2.30466745379E-05 -1.63910419490E-05 -1.52743808302E-04  1.36472596572E-01 -1.15393834217E-01
  2.7275001E-01 -4.85842234115E-07  1.08251623139E-05  2.59179212154E-06  1.59400519273E-04  8.74984075049E-03  2.09543466277E-01
  1.3613989E-01  2.05865946610E-07 -4.57842147604E-06 -1.73147004264E-06 -5.18525559165E-05  8.96697589494E-04  4.92943137829E-01
  6.7007247E-02 -7.80480921244E-08  1.73736768048E-06  6.25341152434E-07  2.00499731273E-05 -1.10351931826E-04  4.45272252602E-01
  3.2531065E-02  1.81605707844E-08 -4.04373037805E-07 -1.47413368299E-07 -4.60368898685E-06  2.78437617651E-05  1.07361025346E-01
  Hg  s 
  2.7275001E-01  9.99994553547E-01
  Hg  s 
  6.7007247E-02  9.99998661925E-01
  Hg  s 
  3.2531065E-02  9.99999350381E-01
  Hg  p 
  5.7764817E+07  4.29558667419E-06 -2.21064557049E-06  1.10132930761E-06 -4.45831979024E-07
  1.7149744E+07  1.50086858967E-05 -7.72436721404E-06  3.84801340198E-06 -1.55756025690E-06
  5.4938711E+06  3.54140016832E-05 -1.82314846195E-05  9.08363379814E-06 -3.67729020643E-06
  1.8909622E+06  7.63683343840E-05 -3.93343567021E-05  1.95981270528E-05 -7.93274625341E-06
  6.8905422E+05  1.59159073784E-04 -8.20531766266E-05  4.08974547449E-05 -1.65586634029E-05
  2.6361307E+05  3.30939472120E-04 -1.70889748724E-04  8.51909289489E-05 -3.44841055931E-05
  1.0532244E+05  7.03549868435E-04 -3.64319797560E-04  1.81791918784E-04 -7.36315479786E-05
  4.3837690E+04  1.56524055877E-03 -8.14026574219E-04  4.06441965581E-04 -1.64556598814E-04
  1.9002845E+04  3.68834560847E-03 -1.93005403766E-03  9.65570585980E-04 -3.91374333605E-04
  8.5854638E+03  9.10418911177E-03 -4.80353379384E-03  2.40633438021E-03 -9.74838246655E-04
  4.0429294E+03  2.27464364333E-02 -1.21459059585E-02  6.10631281136E-03 -2.47811799164E-03
  1.9805871E+03  5.47955533593E-02 -2.98150675339E-02  1.50457862381E-02 -6.10457823928E-03
  1.0058710E+03  1.19926244088E-01 -6.72176879289E-02  3.42005395615E-02 -1.39194082202E-02
  5.2681901E+02  2.21352131354E-01 -1.29222049709E-01  6.63590388669E-02 -2.70227992776E-02
  2.8316741E+02  3.11243511327E-01 -1.88933715007E-01  9.82944944727E-02 -4.02416724108E-02
  1.5538887E+02  2.82656589883E-01 -1.42388132673E-01  6.80021658839E-02 -2.70454139854E-02
  8.6509262E+01  1.33052108012E-01  1.14118071871E-01 -9.85181298227E-02  4.39998582534E-02
  4.8910607E+01  2.29294334277E-02  4.35138626534E-01 -3.53311357614E-01  1.60595372389E-01
  2.8143988E+01  1.36911739066E-03  4.17769525737E-01 -3.33484436766E-01  1.45911317325E-01
  1.6121991E+01 -2.39321908098E-04  1.54557327945E-01  1.47220586264E-01 -1.04323079482E-01
  9.0743138E+00  5.08862727412E-05  1.79343598374E-02  5.64800838495E-01 -3.70095468796E-01
  5.1421602E+00 -1.08931533427E-04  1.27490580951E-03  4.18687020185E-01 -3.06080395177E-01
  2.8542627E+00  5.72704518314E-05 -1.19215819801E-04  9.90373331676E-02  1.91575375344E-01
  1.5539857E+00 -2.88913507517E-05  3.95389319359E-05  5.98981617375E-03  5.38198303395E-01
  8.2679139E-01  1.87702501563E-05 -7.53951040588E-05  9.08480272629E-04  3.97965234755E-01
  4.2727530E-01 -7.79861745712E-06  1.94567037879E-05 -8.41455780374E-05  1.19466495026E-01
  1.9368537E-01  3.79786256026E-06 -1.23272868479E-05  5.10889895330E-05  1.23693668298E-02
  8.9521723E-02 -1.95805471495E-06  6.24908504588E-06 -3.55729955081E-05  4.07493260785E-04
  4.1486501E-02  9.01259818320E-07 -2.83252389457E-06  1.37180548431E-05  2.32416690286E-04
  1.9125199E-02 -2.60944480973E-07  8.24341629090E-07 -4.07599424026E-06 -5.16862408172E-05
  Hg  p 
  1.9368537E-01  9.99993553972E-01
  Hg  p 
  8.9521723E-02  9.99997020578E-01
  Hg  p 
  4.1486501E-02  9.99998619253E-01
  Hg  p 
  1.9125199E-02  9.99999363475E-01
  Hg  d 
  7.7042701E+04  1.31439796329E-05 -6.83326180302E-06  2.12485024283E-06
  1.8395217E+04  8.19989540465E-05 -4.26525731905E-05  1.32717523015E-05
  6.0764814E+03  4.45726214769E-04 -2.32713750997E-04  7.24122345840E-05
  2.4017579E+03  2.14572281119E-03 -1.12266650756E-03  3.49693366666E-04
  1.0682154E+03  8.90454877193E-03 -4.69174363900E-03  1.46239495337E-03
  5.1573536E+02  3.07589240579E-02 -1.63286749392E-02  5.09928993677E-03
  2.6355653E+02  8.64408952823E-02 -4.66660150843E-02  1.46109633872E-02
  1.4054286E+02  1.89934284779E-01 -1.03754614075E-01  3.25679873683E-02
  7.7018490E+01  3.06368079650E-01 -1.64573208346E-01  5.14865068802E-02
  4.3100618E+01  3.29385804178E-01 -1.48575950012E-01  4.44363703250E-02
  2.4306623E+01  1.98099284821E-01  5.48697763910E-02 -3.03717313969E-02
  1.3606207E+01  5.54534035964E-02  3.35504895657E-01 -1.31044375666E-01
  7.5428878E+00  5.47595395408E-03  4.32896452995E-01 -1.68461765026E-01
  4.1359425E+00  5.69963493372E-04  2.52592790737E-01 -3.46295199396E-02
  2.1981943E+00  4.87766811584E-06  5.90866441044E-02  2.29192389952E-01
  1.1235290E+00  2.94307375979E-05  3.97665295598E-03  3.91778339491E-01
  5.4978744E-01 -1.53382876913E-05  3.26798145792E-04  3.55957424424E-01
  2.5518713E-01  6.25904541960E-06 -2.48580803837E-05  1.99655502698E-01
  1.0975038E-01 -1.74404742752E-06  9.41479982223E-06  4.86148013539E-02
  Hg  d 
  1.1235290E+00  9.99947664300E-01
  Hg  d 
  5.4978744E-01  9.99974386295E-01
  Hg  d 
  2.5518713E-01  9.99988110348E-01
  Hg  d 
  1.0975038E-01  9.99994886331E-01
  Hg  f 
  1.7841137E+03  8.68704114367E-05
  6.0117765E+02  7.88810272699E-04
  2.5602262E+02  5.23415554930E-03
  1.2288125E+02  2.09244510338E-02
  6.3119951E+01  6.72495521689E-02
  3.3734474E+01  1.44888697291E-01
  1.8482452E+01  2.61820734581E-01
  1.0148368E+01  2.86303280195E-01
  5.5325072E+00  3.31126911571E-01
  2.3819196E+00  1.89720484831E-01
  1.0518378E+00  2.16990106949E-02
  4.2255517E-01  6.16789543702E-03
  Hg  f 
  2.3819196E+00  9.99857416371E-01
  Hg  f 
  1.0518378E+00  9.99937008558E-01
  Hg  f 
  4.2255517E-01  9.99974689181E-01
end
