# $Id$
basis "Ga_dyall_relpcpvdz_fi_sf_lc" SPHERICAL
  Ga  s 
  2.5339378E+06  1.08023541913E-04 -3.43166430120E-05  1.31532731045E-05 -3.08693088580E-06
  3.0189559E+05  5.90842580594E-04 -1.89212059989E-04  7.23958407759E-05 -1.69764061866E-05
  5.8328565E+04  2.75682169969E-03 -8.80192840687E-04  3.38350824931E-04 -7.94770183647E-05
  1.4613208E+04  1.12729815730E-02 -3.66441489351E-03  1.40095497321E-03 -3.28291669781E-04
  4.3363195E+03  4.03236655252E-02 -1.31379891226E-02  5.07882358973E-03 -1.19467075522E-03
  1.4515728E+03  1.21361769756E-01 -4.23336181988E-02  1.62679677517E-02 -3.81166400328E-03
  5.3216174E+02  2.83317643083E-01 -1.07781847174E-01  4.27537549885E-02 -1.01031428207E-02
  2.0978123E+02  4.11385394560E-01 -2.15839695261E-01  8.65797675282E-02 -2.03588774027E-02
  8.6925370E+01  2.54772549898E-01 -1.54782534784E-01  7.08328416929E-02 -1.72140038428E-02
  2.7823619E+01  2.59281872753E-02  4.89703057111E-01 -3.00807099511E-01  7.58931649561E-02
  1.1739618E+01 -5.14885168476E-03  6.23374089525E-01 -5.18325524570E-01  1.34102240157E-01
  3.3959518E+00  1.66577364481E-03  6.71424354437E-02  5.90313050282E-01 -1.89563460561E-01
  1.3690033E+00 -7.51608346960E-04 -1.14513362879E-02  6.68977155753E-01 -3.56102010985E-01
  2.0161929E-01  1.83858674485E-04  2.58045908556E-03  2.75621538841E-02  6.25992462036E-01
  7.3544566E-02 -8.52169791573E-05 -1.17421705247E-03 -9.12392971523E-03  5.24266488116E-01
  Ga  s 
  1.3690033E+00  9.99972666126E-01
  Ga  s 
  7.3544566E-02  9.99998531381E-01
  Ga  p 
  5.1226521E+03  1.14861360170E-03 -4.38088100783E-04  7.23805631833E-05
  1.0412557E+03  9.49790350498E-03 -3.64783467888E-03  5.96560683011E-04
  3.1099341E+02  5.04235933858E-02 -1.97070553177E-02  3.27097564535E-03
  1.1152002E+02  1.78595572936E-01 -7.26682878661E-02  1.19249403771E-02
  4.4242428E+01  3.90201148226E-01 -1.68975210301E-01  2.85332872326E-02
  1.8549857E+01  4.23980804693E-01 -1.83823385732E-01  2.94621590404E-02
  7.6945833E+00  1.33532011490E-01  1.76081117351E-01 -3.29260537940E-02
  3.1465846E+00  1.80141305284E-03  5.88663250513E-01 -1.25783643261E-01
  1.1994069E+00  2.11825781764E-03  3.80683257624E-01 -6.62065538953E-02
  2.3982093E-01 -3.19153611697E-04  2.23010612671E-02  4.25163350057E-01
  6.5156257E-02  1.15659734793E-04 -4.18819337555E-03  6.98335861982E-01
  Ga  p 
  1.1994069E+00  9.99960089982E-01
  Ga  p 
  6.5156257E-02  9.99997831489E-01
  Ga  d 
  1.0527765E+02  1.14155327520E-02
  3.0546613E+01  7.30466903909E-02
  1.0887423E+01  2.34415421743E-01
  4.1460714E+00  4.02139368025E-01
  1.5253821E+00  4.11711511947E-01
  5.0539708E-01  1.98367750457E-01
  1.9138954E-01  1.38584283655E-02
  Ga  d 
  1.5253821E+00  9.99928952680E-01
  Ga  d 
  5.0539708E-01  9.99976454102E-01
  Ga  d 
  1.9138954E-01  9.99991082653E-01
  Ga  f 
  3.9374394E+00  9.99764422309E-01
  Ga  f 
  7.2939434E-01  9.99956314101E-01
end
basis "Ge_dyall_relpcpvdz_fi_sf_lc" SPHERICAL
  Ge  s 
  2.8175173E+06  1.09681227104E-04 -3.50173488415E-05  1.35608185209E-05 -3.50488395984E-06
  3.3473037E+05  5.89133396113E-04 -1.89612958234E-04  7.33223827350E-05 -1.89393654416E-05
  6.4402606E+04  2.71664314273E-03 -8.72152866829E-04  3.38683200988E-04 -8.75971236497E-05
  1.6069168E+04  1.10477677765E-02 -3.60992682639E-03  1.39519560427E-03 -3.60215696822E-04
  4.7513554E+03  3.94698580366E-02 -1.29286561522E-02  5.04771019018E-03 -1.30709767895E-03
  1.5856341E+03  1.19060935637E-01 -4.16917304990E-02  1.61999869459E-02 -4.18337962762E-03
  5.7974908E+02  2.79725625567E-01 -1.06688773977E-01  4.27133866276E-02 -1.11078342413E-02
  2.2793794E+02  4.11535451635E-01 -2.15240149069E-01  8.73576580817E-02 -2.26631110345E-02
  9.4165431E+01  2.60324547229E-01 -1.59475465008E-01  7.32637258740E-02 -1.95381800487E-02
  3.0123898E+01  2.73161799495E-02  4.82687914436E-01 -2.99227635872E-01  8.31244342577E-02
  1.2748988E+01 -5.56103008667E-03  6.27934988265E-01 -5.29133061106E-01  1.52139035894E-01
  3.7562490E+00  1.87431757334E-03  7.10668897612E-02  5.67603484292E-01 -2.04288303507E-01
  1.5461753E+00 -8.68799658197E-04 -1.23502848563E-02  6.90847773080E-01 -4.05707954823E-01
  2.5478689E-01  2.24827407364E-04  2.87915094664E-03  3.14208884211E-02  6.51973405681E-01
  9.4605272E-02 -1.01609303026E-04 -1.28024677646E-03 -9.64486774463E-03  5.19649522195E-01
  Ge  s 
  1.5461753E+00  9.99969129265E-01
  Ge  s 
  9.4605272E-02  9.99998110822E-01
  Ge  p 
  5.8318413E+03  1.08263767288E-03 -4.18974654538E-04  8.25692018924E-05
  1.1709342E+03  8.91638951446E-03 -3.47859803501E-03  6.76754459578E-04
  3.4765990E+02  4.77287342568E-02 -1.89104935678E-02  3.74688639296E-03
  1.2427841E+02  1.71402861218E-01 -7.07855518692E-02  1.38150670223E-02
  4.9266501E+01  3.82378656582E-01 -1.67573626795E-01  3.38464356339E-02
  2.0682780E+01  4.29165712564E-01 -1.91571069244E-01  3.64188887449E-02
  8.6697716E+00  1.44595822935E-01  1.56761984070E-01 -3.45929503106E-02
  3.5576107E+00  3.49740053573E-03  5.87611799442E-01 -1.54127232467E-01
  1.3783228E+00  2.02804279868E-03  3.93932732637E-01 -7.84629393097E-02
  2.9396632E-01 -3.27929173801E-04  2.41847275591E-02  4.89169955902E-01
  8.4171224E-02  1.17745550162E-04 -4.32562583519E-03  6.38459992728E-01
  Ge  p 
  1.3783228E+00  9.99954138093E-01
  Ge  p 
  8.4171224E-02  9.99997198648E-01
  Ge  d 
  1.2138547E+02  1.05230912806E-02
  3.5349248E+01  6.89225912602E-02
  1.2678712E+01  2.27205132423E-01
  4.8868358E+00  4.01870694112E-01
  1.8375790E+00  4.16592963791E-01
  6.3009513E-01  1.90983773490E-01
  2.4355143E-01  1.14802159997E-02
  Ge  d 
  1.8375790E+00  9.99914418412E-01
  Ge  d 
  6.3009513E-01  9.99970645494E-01
  Ge  d 
  2.4355143E-01  9.99988652444E-01
  Ge  f 
  4.6427129E+00  9.99722290097E-01
  Ge  f 
  9.6665626E-01  9.99942108205E-01
end
basis "As_dyall_relpcpvdz_fi_sf_lc" SPHERICAL
  As  s 
  3.1243334E+06  1.11504191514E-04 -3.57711235703E-05  1.39970503485E-05 -3.88608439292E-06
  3.7008937E+05  5.88574893251E-04 -1.90352473754E-04  7.43943170426E-05 -2.06465105869E-05
  7.0907383E+04  2.68221325263E-03 -8.65707564525E-04  3.39644812968E-04 -9.43505629119E-05
  1.7619521E+04  1.08454680245E-02 -3.56178480513E-03  1.39161474356E-03 -3.86111125748E-04
  5.1909618E+03  3.86907603795E-02 -1.27398767544E-02  5.02425686640E-03 -1.39708651504E-03
  1.7269528E+03  1.16942865993E-01 -4.11064783995E-02  1.61500150480E-02 -4.48310231474E-03
  6.2969403E+02  2.76377517220E-01 -1.05689434200E-01  4.27161474218E-02 -1.19251693191E-02
  2.4691683E+02  4.11582000853E-01 -2.14668075770E-01  8.81375851256E-02 -2.46021938795E-02
  1.0170796E+02  2.65478403894E-01 -1.63764095707E-01  7.56180456101E-02 -2.15964989128E-02
  3.2528466E+01  2.86706191093E-02  4.75880232321E-01 -2.97892757527E-01  8.88758700679E-02
  1.3807231E+01 -5.96676159459E-03  6.32221959528E-01 -5.39731874701E-01  1.68126547138E-01
  4.1370645E+00  2.08586507649E-03  7.49032517820E-02  5.47305234810E-01 -2.15370544295E-01
  1.7359875E+00 -9.89166824901E-04 -1.32098255214E-02  7.10500678628E-01 -4.48295869570E-01
  3.1149420E-01  2.65429321639E-04  3.12501166138E-03  3.50822979733E-02  6.68199761403E-01
  1.1697081E-01 -1.17031507318E-04 -1.36009125504E-03 -1.00220103731E-02  5.22502232905E-01
  As  s 
  1.7359875E+00  9.99965340222E-01
  As  s 
  1.1697081E-01  9.99997664209E-01
  As  p 
  6.6086638E+03  1.02625264251E-03 -4.02937075000E-04  8.95336554467E-05
  1.3107309E+03  8.40828405402E-03 -3.33123980305E-03  7.30371474618E-04
  3.8681121E+02  4.53451837411E-02 -1.82135227531E-02  4.07045428981E-03
  1.3781978E+02  1.64928060483E-01 -6.91135788166E-02  1.52039579143E-02
  5.4579618E+01  3.75031390053E-01 -1.66373104119E-01  3.79308890429E-02
  2.2935656E+01  4.33406362873E-01 -1.98484119187E-01  4.26370128741E-02
  9.6959046E+00  1.55014794365E-01  1.39855323923E-01 -3.50341685677E-02
  3.9922459E+00  5.21237876334E-03  5.86004897427E-01 -1.76403911206E-01
  1.5721764E+00  1.93400994114E-03  4.04991931834E-01 -9.10622284485E-02
  3.5909732E-01 -3.31856231421E-04  2.63130460019E-02  5.21454714505E-01
  1.0528574E-01  1.14291288140E-04 -4.24097846524E-03  6.10537008498E-01
  As  p 
  1.5721764E+00  9.99947689720E-01
  As  p 
  1.0528574E-01  9.99996495937E-01
  As  d 
  1.3796566E+02  9.85209220209E-03
  4.0280939E+01  6.57965482169E-02
  1.4521035E+01  2.21674091663E-01
  5.6501102E+00  4.01851687723E-01
  2.1613585E+00  4.20381716487E-01
  7.6004375E-01  1.84752374709E-01
  3.0271319E-01  9.89041919375E-03
  As  d 
  2.1613585E+00  9.99899347372E-01
  As  d 
  7.6004375E-01  9.99964592702E-01
  As  d 
  3.0271319E-01  9.99985896190E-01
  As  f 
  5.3479865E+00  9.99680177420E-01
  As  f 
  1.2285248E+00  9.99926431582E-01
end
basis "Se_dyall_relpcpvdz_fi_sf_lc" SPHERICAL
  Se  s 
  3.4418289E+06  1.13737392247E-04 -3.66583481876E-05  1.44910841234E-05 -4.25542345868E-06
  4.0706814E+05  5.90168907446E-04 -1.91767337487E-04  7.57310993453E-05 -2.22343384020E-05
  7.7724485E+04  2.65700663135E-03 -8.62036934527E-04  3.41638491724E-04 -1.00368503032E-04
  1.9242613E+04  1.06764635334E-02 -3.52366514111E-03  1.39141462534E-03 -4.08480470699E-04
  5.6502473E+03  3.80127031013E-02 -1.25812621236E-02  5.01126698275E-03 -1.47344854248E-03
  1.8742536E+03  1.15059118316E-01 -4.05996166228E-02  1.61237654174E-02 -4.73703855600E-03
  6.8163116E+02  2.73332443347E-01 -1.04816805863E-01  4.27658388874E-02 -1.26209826162E-02
  2.6660898E+02  4.11503274183E-01 -2.14145421268E-01  8.89119855255E-02 -2.62880708240E-02
  1.0952284E+02  2.70124065844E-01 -1.67579742440E-01  7.78373108427E-02 -2.34539172213E-02
  3.5034690E+01  2.99623950427E-02  4.69406073705E-01 -2.96800652252E-01  9.36469671988E-02
  1.4913074E+01 -6.35513537754E-03  6.36166589325E-01 -5.49936198912E-01  1.82614813762E-01
  4.5376170E+00  2.29484659608E-03  7.86031492350E-02  5.29249592506E-01 -2.24132126026E-01
  1.9376206E+00 -1.10964621313E-03 -1.40232482891E-02  7.28078736401E-01 -4.85733310990E-01
  3.7182040E-01  3.05126227303E-04  3.32990801268E-03  3.85569916250E-02  6.79806919334E-01
  1.4072142E-01 -1.31446992578E-04 -1.42185066690E-03 -1.02950045252E-02  5.28022680877E-01
  Se  s 
  1.9376206E+00  9.99961315380E-01
  Se  s 
  1.4072142E-01  9.99997189941E-01
  Se  p 
  7.4146984E+03  9.85416603165E-04 -3.92411338573E-04  9.52606098944E-05
  1.4535510E+03  8.02471478600E-03 -3.22649966994E-03  7.72751795254E-04
  4.2640806E+02  4.35391206533E-02 -1.77273678661E-02  4.32964081582E-03
  1.5142274E+02  1.60031795937E-01 -6.80183501428E-02  1.63486130984E-02
  5.9888667E+01  3.69465500421E-01 -1.66007266809E-01  4.13864857942E-02
  2.5177368E+01  4.36444034375E-01 -2.04108895984E-01  4.80086580996E-02
  1.0701263E+01  1.62949709855E-01  1.28453241665E-01 -3.54857367478E-02
  4.4231956E+00  6.52780410949E-03  5.85234068851E-01 -1.95634782586E-01
  1.7702028E+00  1.87128748660E-03  4.10986396036E-01 -1.00636479809E-01
  4.2839630E-01 -3.41314302838E-04  2.79175144917E-02  5.43962123352E-01
  1.2754023E-01  1.11292565194E-04 -4.00487486863E-03  5.92182291024E-01
  Se  p 
  1.7702028E+00  9.99941103014E-01
  Se  p 
  1.2754023E-01  9.99995755292E-01
  Se  d 
  1.5513405E+02  9.32289831088E-03
  4.5376266E+01  6.33088962787E-02
  1.6426797E+01  2.17236865606E-01
  6.4410698E+00  4.01960833600E-01
  2.4987276E+00  4.23408731640E-01
  8.9598920E-01  1.79519980526E-01
  3.6572097E-01  8.76589452566E-03
  Se  d 
  2.4987276E+00  9.99883646433E-01
  Se  d 
  8.9598920E-01  9.99958261019E-01
  Se  d 
  3.6572097E-01  9.99982960850E-01
  Se  f 
  6.0532600E+00  9.99638084261E-01
  Se  f 
  1.5075295E+00  9.99909732085E-01
end
basis "Br_dyall_relpcpvdz_fi_sf_lc" SPHERICAL
  Br  s 
  3.7895813E+06  1.16000058529E-04 -3.75577238854E-05  1.49938200923E-05 -4.60819821881E-06
  4.4717799E+05  5.92186691220E-04 -1.93303836496E-04  7.71094118576E-05 -2.36973451937E-05
  8.5061721E+04  2.63440293402E-03 -8.59037355659E-04  3.43803333918E-04 -1.05699126412E-04
  2.0977397E+04  1.05188861523E-02 -3.48848779428E-03  1.39171731227E-03 -4.27737917361E-04
  6.1380826E+03  3.73743173405E-02 -1.24326441926E-02  5.00017912730E-03 -1.53828916195E-03
  2.0298456E+03  1.13276905838E-01 -4.01221914044E-02  1.61005450893E-02 -4.95328107717E-03
  7.3621983E+02  2.70428435438E-01 -1.03991213319E-01  4.28226313269E-02 -1.32201855213E-02
  2.8721282E+02  4.11366554044E-01 -2.13634036464E-01  8.96536666588E-02 -2.77769219699E-02
  1.1766792E+02  2.74543738777E-01 -1.71137899170E-01  7.99855169140E-02 -2.51711604530E-02
  3.7649015E+01  3.12400781837E-02  4.63125677413E-01 -2.95782607134E-01  9.76668133258E-02
  1.6068678E+01 -6.74054816093E-03  6.39909296048E-01 -5.59769330969E-01  1.95938915949E-01
  4.9578277E+00  2.50576794404E-03  8.21870903683E-02  5.13058342552E-01 -2.31255693841E-01
  2.1507746E+00 -1.23203156004E-03 -1.48004263767E-02  7.43896144209E-01 -5.19118444271E-01
  4.3577719E-01  3.44549219413E-04  3.50425042715E-03  4.18591069827E-02  6.88906594774E-01
  1.6587169E-01 -1.45272537776E-04 -1.47147097455E-03 -1.04920362796E-02  5.34359015994E-01
  Br  s 
  2.1507746E+00  9.99957060764E-01
  Br  s 
  1.6587169E-01  9.99996687725E-01
  Br  p 
  8.2263682E+03  9.59701133423E-04 -3.87426378611E-04  1.00729287850E-04
  1.5952921E+03  7.76341962635E-03 -3.16534229931E-03  8.11977733166E-04
  4.6530995E+02  4.23163580125E-02 -1.74613167119E-02  4.56881791140E-03
  1.6469220E+02  1.56813515443E-01 -6.75656545043E-02  1.73977475312E-02
  6.5035208E+01  3.66025901113E-01 -1.66643931484E-01  4.45352038110E-02
  2.7337365E+01  4.38523050478E-01 -2.08583562226E-01  5.26302622111E-02
  1.1649478E+01  1.67897670101E-01  1.22951639191E-01 -3.67450362621E-02
  4.8374515E+00  7.23447870540E-03  5.85927232334E-01 -2.13181018908E-01
  1.9673705E+00  1.86899214502E-03  4.11473527598E-01 -1.06449862315E-01
  5.0065031E-01 -3.66621597821E-04  2.88393064827E-02  5.61891802713E-01
  1.5075992E-01  1.12544492208E-04 -3.63585295684E-03  5.77917359433E-01
  Br  p 
  1.9673705E+00  9.99934545346E-01
  Br  p 
  1.5075992E-01  9.99994982531E-01
  Br  d 
  1.7296284E+02  8.89137449662E-03
  5.0656480E+01  6.12602853442E-02
  1.8403483E+01  2.13561735110E-01
  7.2628043E+00  4.02137122624E-01
  2.8508637E+00  4.25893135628E-01
  1.0383609E+00  1.75074572231E-01
  4.3215895E-01  7.92992802680E-03
  Br  d 
  2.8508637E+00  9.99867261138E-01
  Br  d 
  1.0383609E+00  9.99951630505E-01
  Br  d 
  4.3215895E-01  9.99979865809E-01
  Br  f 
  6.7585335E+00  9.99596010607E-01
  Br  f 
  1.7971517E+00  9.99892400334E-01
end
basis "Kr_dyall_relpcpvdz_fi_sf_lc" SPHERICAL
  Kr  s 
  4.1409874E+06  1.18746481505E-04 -3.86177787424E-05  1.55638369867E-05 -4.96824769510E-06
  4.8847354E+05  5.96500319538E-04 -1.95583410491E-04  7.87744791176E-05 -2.51478764623E-05
  9.2664030E+04  2.62103398777E-03 -8.58915547388E-04  3.47012365618E-04 -1.10798820129E-04
  2.2777635E+04  1.03931841583E-02 -3.46324997872E-03  1.39528313292E-03 -4.45527772409E-04
  6.6441807E+03  3.68294231799E-02 -1.23128646477E-02  4.99840981635E-03 -1.59681944323E-03
  2.1910986E+03  1.11705916239E-01 -3.97175769880E-02  1.60974137982E-02 -5.14616311869E-03
  7.9272239E+02  2.67793865685E-01 -1.03280516549E-01  4.29127753312E-02 -1.37543192979E-02
  3.0851234E+02  4.11120881027E-01 -2.13170295978E-01  9.03756598284E-02 -2.91147119397E-02
  1.2608342E+02  2.78504257336E-01 -1.74282453367E-01  8.19817737079E-02 -2.67494460032E-02
  4.0366599E+01  3.24519684914E-02  4.57202534632E-01 -2.94926796667E-01  1.01146205583E-01
  1.7272037E+01 -7.10486735433E-03  6.43336149891E-01 -5.69115721053E-01  2.08276249787E-01
  5.3973698E+00  2.71047712854E-03  8.56122351499E-02  4.98596831146E-01 -2.37269233582E-01
  2.3750913E+00 -1.35203228753E-03 -1.55317421445E-02  7.58098212643E-01 -5.49133764923E-01
  5.0339441E-01  3.82611219469E-04  3.65169152525E-03  4.49813059606E-02  6.96491476644E-01
  1.9243731E-01 -1.58143402776E-04 -1.51117206544E-03 -1.06242291718E-02  5.40758562164E-01
  Kr  s 
  2.3750913E+00  9.99952583551E-01
  Kr  s 
  1.9243731E-01  9.99996157250E-01
  Kr  p 
  9.0159079E+03  9.48862246992E-04 -3.88264399243E-04  1.06033324604E-04
  1.7313108E+03  7.62312942947E-03 -3.15047608348E-03  8.48996576167E-04
  5.0226194E+02  4.16838861282E-02 -1.74341353553E-02  4.79296909561E-03
  1.7720157E+02  1.55357890945E-01 -6.78474545290E-02  1.83582214406E-02
  6.9850788E+01  3.64978690321E-01 -1.68514454831E-01  4.73546938845E-02
  2.9341601E+01  4.39805956522E-01 -2.12043111462E-01  5.62444921650E-02
  1.2501417E+01  1.69496425777E-01  1.23954157161E-01 -3.93529783778E-02
  5.2199001E+00  7.15220587104E-03  5.88986361986E-01 -2.29166890619E-01
  2.1574198E+00  1.95289387871E-03  4.05919797372E-01 -1.07146521546E-01
  5.7498183E-01 -4.03675109917E-04  2.80862805793E-02  5.77503483019E-01
  1.7477232E-01  1.35223596622E-04 -3.94941679330E-03  5.65268708400E-01
  Kr  p 
  2.1574198E+00  9.99928224878E-01
  Kr  p 
  1.7477232E-01  9.99994183396E-01
  Kr  d 
  1.9150272E+02  8.53046231916E-03
  5.6136172E+01  5.95292222548E-02
  2.0456151E+01  2.10437843189E-01
  8.1173800E+00  4.02351230092E-01
  3.2185448E+00  4.27936293938E-01
  1.1874422E+00  1.71527327836E-01
  4.6525124E-01  7.41495446909E-03
  Kr  d 
  3.2185448E+00  9.99850155675E-01
  Kr  d 
  1.1874422E+00  9.99944688030E-01
  Kr  d 
  4.6525124E-01  9.99978324230E-01
  Kr  f 
  7.4638070E+00  9.99553956441E-01
  Kr  f 
  2.0974412E+00  9.99874433717E-01
end
basis "In_dyall_relpcpvdz_fi_sf_lc" SPHERICAL
  In  s 
  3.5273853E+07  5.41135184009E-05 -1.85274546233E-05  8.14394709110E-06  3.49789525548E-06  9.73078777184E-07
  5.5955652E+06  1.89890241221E-04 -6.52320330178E-05  2.87077168001E-05  1.23254076267E-05  3.42807769853E-06
  1.2143865E+06  5.88109023425E-04 -2.03121309645E-04  8.93558827751E-05  3.83997973844E-05  1.06843559892E-05
  3.1483490E+05  1.74540992309E-03 -6.06501651245E-04  2.67516666680E-04  1.14843871425E-04  3.19369806172E-05
  9.3260917E+04  5.10934537863E-03 -1.79081269113E-03  7.88740085977E-04  3.39295848482E-04  9.44388944681E-05
  3.0645910E+04  1.46514914828E-02 -5.18386075648E-03  2.29493907661E-03  9.84982346280E-04  2.73842569711E-04
  1.0953510E+04  4.02003313938E-02 -1.45119266962E-02  6.41025283021E-03  2.76237588785E-03  7.69313941006E-04
  4.1948598E+03  1.01414110606E-01 -3.80030206408E-02  1.69950503161E-02  7.29861062472E-03  2.02869024058E-03
  1.7007703E+03  2.18811037048E-01 -8.96843944013E-02  4.02791324197E-02  1.74508954037E-02  4.86678043131E-03
  7.2264737E+02  3.51228211911E-01 -1.72546029626E-01  8.08012601145E-02  3.49047346405E-02  9.70424886563E-03
  3.1801130E+02  3.17117375981E-01 -2.12559838160E-01  1.02562738403E-01  4.55596602945E-02  1.27901170722E-02
  1.3987329E+02  9.26430340531E-02  4.29986306856E-02 -2.42266858295E-02 -1.27554851499E-02 -3.78651400456E-03
  6.5405728E+01 -1.39529775782E-03  5.61046644272E-01 -4.49676177576E-01 -2.13653990325E-01 -6.01951752634E-02
  3.0768410E+01  2.18851206393E-03  4.88012905386E-01 -4.97731247658E-01 -2.69978990470E-01 -7.89639752068E-02
  1.2042923E+01 -1.12325370174E-03  6.54920505576E-02  5.62265192769E-01  4.34682253693E-01  1.36371350282E-01
  5.9404913E+00  5.76698713293E-04 -9.73745186603E-03  7.38053545676E-01  7.86636322975E-01  2.55254675743E-01
  2.0529594E+00 -2.18950415206E-04  2.73454585893E-03  6.92339040957E-02 -7.19916803784E-01 -3.18334688254E-01
  9.1175079E-01  9.55660416633E-05 -1.18634019603E-03 -9.38205568168E-03 -6.90167603678E-01 -4.21209668300E-01
  1.6986675E-01 -2.25817740088E-05  2.62192891931E-04  1.98174411025E-03 -2.48082811692E-02  6.62418943613E-01
  6.3031726E-02  9.58891208522E-06 -1.10939711198E-04 -8.12857349691E-04  6.71305321321E-03  5.33190364493E-01
  In  s 
  9.1175079E-01  9.99981794834E-01
  In  s 
  6.3031726E-02  9.99998741312E-01
  In  p 
  1.5343905E+05  1.56077448096E-04 -7.16233984085E-05  2.93293710500E-05 -5.88969273928E-06
  2.3200840E+04  7.70292454732E-04 -3.54489937882E-04  1.44789163844E-04 -2.91089437603E-05
  5.5031001E+03  4.01368598572E-03 -1.86051331243E-03  7.65238901099E-04 -1.53572512988E-04
  1.6982515E+03  1.89544677566E-02 -8.86577199654E-03  3.62598644453E-03 -7.29720702790E-04
  6.1832874E+02  7.24767189168E-02 -3.48133547650E-02  1.44327245747E-02 -2.89793787827E-03
  2.5100531E+02  2.06684470236E-01 -1.03669961313E-01  4.28937404954E-02 -8.65310925643E-03
  1.0931559E+02  3.86445795722E-01 -2.08250127774E-01  8.88106875544E-02 -1.78638846505E-02
  4.9808315E+01  3.72849240338E-01 -1.79210668291E-01  7.07251751222E-02 -1.43344662048E-02
  2.2516122E+01  1.19374664487E-01  2.35203879547E-01 -1.32834212824E-01  2.83786091558E-02
  1.0496080E+01  1.72853853401E-03  6.06397791302E-01 -3.99757646893E-01  8.44808066104E-02
  4.9584017E+00  2.32702094118E-03  2.89025887235E-01 -5.04615593600E-02  6.94963764257E-03
  2.0901780E+00 -9.85632641948E-04  2.04805066260E-02  6.68622344896E-01 -1.83285803639E-01
  8.4039014E-01  2.73480002007E-04  4.24940161422E-04  4.66795526818E-01 -1.17381811864E-01
  1.8883852E-01 -7.55627497059E-05  4.51675370097E-05  2.78215045833E-02  4.38656203011E-01
  5.5054613E-02  2.62405771843E-05 -1.60045432251E-05 -4.62381386403E-03  6.91036134936E-01
  In  p 
  8.4039014E-01  9.99972034352E-01
  In  p 
  5.5054613E-02  9.99998167685E-01
  In  d 
  6.8982131E+02  3.48022254589E-03 -1.25232308151E-03
  2.0085350E+02  2.84617300865E-02 -1.01357264243E-02
  7.5107455E+01  1.23000871841E-01 -4.52822104033E-02
  3.1500654E+01  3.12504184786E-01 -1.13217785178E-01
  1.3826508E+01  4.43838784604E-01 -1.57348200114E-01
  6.2052383E+00  2.81654918888E-01  1.10788063503E-02
  2.5683242E+00  4.64536130182E-02  4.01061348070E-01
  1.0117775E+00 -1.28598686624E-03  5.20665397901E-01
  3.5616355E-01  8.62560752697E-04  2.36822153302E-01
  1.5088292E-01 -3.31022747263E-04  1.24980416455E-02
  In  d 
  1.0117775E+00  9.99952868506E-01
  In  d 
  3.5616355E-01  9.99983406095E-01
  In  d 
  1.5088292E-01  9.99992969891E-01
  In  f 
  1.7289618E+00  9.99896480703E-01
  In  f 
  5.8178958E-01  9.99965152956E-01
end
basis "Sn_dyall_relpcpvdz_fi_sf_lc" SPHERICAL
  Sn  s 
  3.6003685E+07  5.69982782402E-05 -1.95915662875E-05  8.65220723607E-06  3.76516351988E-06  1.13133921152E-06
  5.8067184E+06  1.97741133631E-04 -6.81947655633E-05  3.01523615279E-05  1.31167783045E-05  3.94058715916E-06
  1.2727830E+06  6.05203152239E-04 -2.09866433286E-04  9.27612563264E-05  4.03876064830E-05  1.21374066279E-05
  3.3188926E+05  1.77442908687E-03 -6.19107735427E-04  2.74360369665E-04  1.19345150481E-04  3.58503004030E-05
  9.8649286E+04  5.13697984707E-03 -1.80845415451E-03  8.00367208607E-04  3.48813679345E-04  1.04859022435E-04
  3.2477697E+04  1.45994122296E-02 -5.18822667013E-03  2.30773136429E-03  1.00370275609E-03  3.01445186606E-04
  1.1619233E+04  3.98034272475E-02 -1.44345709954E-02  6.40745782531E-03  2.79723463808E-03  8.41324572906E-04
  4.4515132E+03  1.00077228204E-01 -3.76395438927E-02  1.69105324446E-02  7.36004602383E-03  2.21018952287E-03
  1.8049709E+03  2.15950240955E-01 -8.87319510057E-02  4.00416429991E-02  1.75724575286E-02  5.29214065473E-03
  7.6692971E+02  3.48591730409E-01 -1.70906692157E-01  8.03479758885E-02  3.51831484458E-02  1.05705894970E-02
  3.3769568E+02  3.19291275447E-01 -2.13135429477E-01  1.03270838695E-01  4.64329126174E-02  1.40695110853E-02
  1.4941795E+02  9.67121374475E-02  3.41555288229E-02 -1.95509971731E-02 -1.06526048520E-02 -3.42239513844E-03
  6.9479760E+01 -5.44189893337E-04  5.55391109096E-01 -4.44916815738E-01 -2.14587533576E-01 -6.54419688258E-02
  3.2638162E+01  2.03471555670E-03  4.96714071301E-01 -5.09954988407E-01 -2.79913628351E-01 -8.84046763765E-02
  1.2803297E+01 -1.07753922942E-03  6.87745507742E-02  5.49109927200E-01  4.31413132520E-01  1.46549776314E-01
  6.3511153E+00  5.64912533723E-04 -1.04777645880E-02  7.48384671858E-01  8.10885814358E-01  2.86962277098E-01
  2.2359332E+00 -2.22988007504E-04  3.04587685984E-03  7.43240201069E-02 -6.98394743242E-01 -3.39220297902E-01
  1.0133249E+00  1.00242110911E-04 -1.34907137985E-03 -1.01601685818E-02 -7.17361827073E-01 -4.79465631490E-01
  2.0620170E-01 -2.46092899512E-05  3.10549201382E-04  2.17558947646E-03 -2.78336928711E-02  6.98631361109E-01
  7.8132498E-02  1.01773046548E-05 -1.27647013489E-04 -8.73338629050E-04  6.97191937619E-03  5.24527167280E-01
  Sn  s 
  1.0133249E+00  9.99979766902E-01
  Sn  s 
  7.8132498E-02  9.99998439765E-01
  Sn  p 
  1.7556411E+05  1.50650653871E-04 -6.95395476151E-05  2.89845513282E-05 -6.74248013263E-06
  2.6360370E+04  7.24616766019E-04 -3.35551228312E-04  1.39504902185E-04 -3.25145189776E-05
  6.1852424E+03  3.71121200287E-03 -1.72965499400E-03  7.24198682753E-04 -1.68245123886E-04
  1.8905853E+03  1.75140289450E-02 -8.24160083144E-03  3.43040417300E-03 -8.00766782689E-04
  6.8361664E+02  6.76371564266E-02 -3.26139484622E-02  1.37626031265E-02 -3.19801448981E-03
  2.7617930E+02  1.96423782077E-01 -9.89180736175E-02  4.16413728375E-02 -9.74905344846E-03
  1.1991829E+02  3.78199659412E-01 -2.04022891945E-01  8.85390858170E-02 -2.05929748974E-02
  5.4568520E+01  3.82556092344E-01 -1.91728634617E-01  7.80318245073E-02 -1.84704509525E-02
  2.4834700E+01  1.32636695930E-01  2.02881943987E-01 -1.17928207499E-01  2.97451166395E-02
  1.1594392E+01  3.82148518656E-03  6.03157289836E-01 -4.04136143057E-01  9.85209229540E-02
  5.5089234E+00  2.22109550701E-03  3.17023712183E-01 -8.63222900078E-02  1.91072837457E-02
  2.3139102E+00 -9.59864878528E-04  2.60777359696E-02  6.63036030009E-01 -2.18695910249E-01
  9.4612519E-01  2.71685523709E-04 -8.53369050043E-05  4.84474214255E-01 -1.37625213657E-01
  2.2149651E-01 -7.86662699288E-05  1.54401172394E-04  2.96518232934E-02  5.11157984676E-01
  6.8160564E-02  2.80971341849E-05 -5.89658799452E-05 -4.81587938008E-03  6.25779055842E-01
  Sn  p 
  9.4612519E-01  9.99968516418E-01
  Sn  p 
  6.8160564E-02  9.99997731502E-01
  Sn  d 
  7.5613441E+02  3.21962176605E-03 -1.20993450242E-03
  2.1973777E+02  2.65659935574E-02 -9.88796495651E-03
  8.2222517E+01  1.16477429626E-01 -4.47729298427E-02
  3.4557054E+01  3.02463598822E-01 -1.14806068973E-01
  1.5232025E+01  4.42025330160E-01 -1.64457064258E-01
  6.8776607E+00  2.93982317961E-01 -2.14112022919E-03
  2.8867910E+00  5.27602034472E-02  3.97442018061E-01
  1.1623384E+00 -1.33460310050E-03  5.28347732459E-01
  4.2174340E-01  9.89083694746E-04  2.28635912874E-01
  1.8443076E-01 -3.87758186234E-04  1.05723816956E-02
  Sn  d 
  1.1623384E+00  9.99945857038E-01
  Sn  d 
  4.2174340E-01  9.99980351015E-01
  Sn  d 
  1.8443076E-01  9.99991406865E-01
  Sn  f 
  1.9659948E+00  9.99882297848E-01
  Sn  f 
  7.2704191E-01  9.99956454962E-01
end
basis "Sb_dyall_relpcpvdz_fi_sf_lc" SPHERICAL
  Sb  s 
  3.7139322E+07  5.96752306621E-05 -2.05917578951E-05  9.13498476691E-06  4.02568950410E-06  1.28126149279E-06
  6.0704746E+06  2.04901221012E-04 -7.09388763108E-05  3.15067930734E-05  1.38803651338E-05  4.41714066916E-06
  1.3412241E+06  6.20292173269E-04 -2.15957332572E-04  9.58879779650E-05  4.22779172601E-05  1.34576785290E-05
  3.5130597E+05  1.79801380560E-03 -6.29878169172E-04  2.80391275715E-04  1.23526111181E-04  3.93071399426E-05
  1.0467895E+05  5.15066328833E-03 -1.82120043954E-03  8.09753872478E-04  3.57365769332E-04  1.13784884559E-04
  3.4502938E+04  1.45140606241E-02 -5.18041186755E-03  2.31470514475E-03  1.01966572866E-03  3.24426242921E-04
  1.2348351E+04  3.93353878793E-02 -1.43293908571E-02  6.39079391928E-03  2.82510616073E-03  8.99912572561E-04
  4.7303981E+03  9.86117084388E-02 -3.72204933199E-02  1.67963977873E-02  7.40485541561E-03  2.35594625784E-03
  1.9174365E+03  2.12915410740E-01 -8.76860363859E-02  3.97495475903E-02  1.76621319415E-02  5.63285354484E-03
  8.1445573E+02  3.45840832779E-01 -1.69163371831E-01  7.98207973932E-02  3.54093545338E-02  1.12745322905E-02
  3.5873859E+02  3.21601094674E-01 -2.13688501306E-01  1.03940617540E-01  4.72864191162E-02  1.51649361621E-02
  1.5959530E+02  1.01120585584E-01  2.52305932079E-02 -1.48020468731E-02 -8.47625250439E-03 -2.89144626142E-03
  7.3751405E+01  3.83786464894E-04  5.49502082223E-01 -4.39930025809E-01 -2.15220606808E-01 -6.96714634313E-02
  3.4589058E+01  1.86610611264E-03  5.05364369588E-01 -5.21856352028E-01 -2.89830274476E-01 -9.69168609974E-02
  1.3594156E+01 -1.02219900744E-03  7.21348222123E-02  5.35802038171E-01  4.27813028132E-01  1.54204317649E-01
  6.7788357E+00  5.46026795245E-04 -1.12365799389E-02  7.58577226813E-01  8.34577696267E-01  3.15782221045E-01
  2.4248870E+00 -2.23193858078E-04  3.36733342400E-03  7.93917839065E-02 -6.79403087132E-01 -3.55585497749E-01
  1.1196249E+00  1.02988982679E-04 -1.51809608421E-03 -1.09560469199E-02 -7.41731448565E-01 -5.30474163374E-01
  2.4392169E-01 -2.58900749306E-05  3.58648073008E-04  2.34165630815E-03 -3.07026690732E-02  7.24363087851E-01
  9.3738580E-02  1.04316735550E-05 -1.43275544141E-04 -9.22465367343E-04  7.14047281101E-03  5.23494648585E-01
  Sb  s 
  1.1196249E+00  9.99977644668E-01
  Sb  s 
  9.3738580E-02  9.99998128129E-01
  Sb  p 
  2.0066627E+05  1.45551095222E-04 -6.75659619958E-05  2.86407053245E-05 -7.37615408717E-06
  2.9934203E+04  6.83100276560E-04 -3.18217641848E-04  1.34557022186E-04 -3.47235084462E-05
  6.9502806E+03  3.43588732002E-03 -1.60968271279E-03  6.85467897466E-04 -1.76283115082E-04
  2.1039777E+03  1.61859001972E-02 -7.66116871166E-03  3.24278012641E-03 -8.38263323682E-04
  7.5541099E+02  6.30873734810E-02 -3.05324861595E-02  1.31028516480E-02 -3.37021868427E-03
  3.0367606E+02  1.86438479285E-01 -9.42471041402E-02  4.03361155662E-02 -1.04590891709E-02
  1.3145302E+02  3.69295689236E-01 -1.99379440162E-01  8.79584675647E-02 -2.26467717641E-02
  5.9741391E+01  3.91017908824E-01 -2.02779203534E-01  8.48277235459E-02 -2.22575488172E-02
  2.7362415E+01  1.46591990282E-01  1.71058709479E-01 -1.02807445388E-01  2.90513467557E-02
  1.2773639E+01  6.49401563107E-03  5.97766652067E-01 -4.06550599730E-01  1.09972660001E-01
  6.0915680E+00  2.02955349997E-03  3.44772407707E-01 -1.21533881634E-01  3.18251691195E-02
  2.5522684E+00 -9.04742597553E-04  3.21098900560E-02  6.54968939434E-01 -2.44783415117E-01
  1.0618502E+00  2.60996135400E-04 -6.59459038220E-04  5.02148478957E-01 -1.59976913116E-01
  2.6284350E-01 -7.93166820838E-05  2.86189208345E-04  3.23833828549E-02  5.47029883206E-01
  8.2855312E-02  2.82889658640E-05 -1.09575616562E-04 -4.78198981732E-03  5.97890322349E-01
  Sb  p 
  1.0618502E+00  9.99964666261E-01
  Sb  p 
  8.2855312E-02  9.99997242443E-01
  Sb  d 
  8.2274435E+02  3.01668278375E-03 -1.17718278301E-03
  2.3862421E+02  2.50709286987E-02 -9.69719469331E-03
  8.9320021E+01  1.11277428885E-01 -4.44107385379E-02
  3.7599814E+01  2.94264919199E-01 -1.16298242206E-01
  1.6630446E+01  4.40213122169E-01 -1.70723318391E-01
  7.5470265E+00  3.03661160213E-01 -1.29784265685E-02
  3.2057523E+00  5.81520860609E-02  3.95183317768E-01
  1.3141999E+00 -1.31198958728E-03  5.34691269294E-01
  4.8770339E-01  1.08741530279E-03  2.21254209715E-01
  2.2123480E-01 -4.39554891331E-04  9.22191650357E-03
  Sb  d 
  1.3141999E+00  9.99938785547E-01
  Sb  d 
  4.8770339E-01  9.99977278329E-01
  Sb  d 
  2.2123480E-01  9.99989692162E-01
  Sb  f 
  2.2030279E+00  9.99868117206E-01
  Sb  f 
  8.8518077E-01  9.99946986245E-01
end
basis "Te_dyall_relpcpvdz_fi_sf_lc" SPHERICAL
  Te  s 
  3.7317280E+07  6.33215080071E-05 -2.19358265595E-05  9.77348370183E-06  4.35926774635E-06  1.45189616427E-06
  6.2149644E+06  2.14921420864E-04 -7.47020157375E-05  3.33218649504E-05  1.48582716501E-05  4.94823930701E-06
  1.3893377E+06  6.42998032578E-04 -2.24768337811E-04  1.00237301643E-04  4.47307877334E-05  1.48997345622E-05
  3.6654660E+05  1.84144985147E-03 -6.47768861622E-04  2.89608102230E-04  1.29140721131E-04  4.30066127526E-05
  1.0972341E+05  5.21624137183E-03 -1.85254911380E-03  8.27378038569E-04  3.69560294965E-04  1.23127118575E-04
  3.6268603E+04  1.45607786566E-02 -5.22061406367E-03  2.34288825744E-03  1.04471416888E-03  3.47892313790E-04
  1.3002736E+04  3.91814716393E-02 -1.43403297579E-02  6.42488915017E-03  2.87446957263E-03  9.58058808176E-04
  4.9861643E+03  9.77882570044E-02 -3.70610895453E-02  1.67968967376E-02  7.49622835218E-03  2.49646724788E-03
  2.0223146E+03  2.10832151567E-01 -8.70991674471E-02  3.96609707807E-02  1.78345558180E-02  5.95077513726E-03
  8.5935647E+02  3.43518297242E-01 -1.67964209370E-01  7.95554106944E-02  3.57306852050E-02  1.19116400217E-02
  3.7879619E+02  3.22741780556E-01 -2.13715887244E-01  1.04369675210E-01  4.80327184197E-02  1.61082171404E-02
  1.6921220E+02  1.04324752497E-01  1.94081994359E-02 -1.18388380778E-02 -7.12601355478E-03 -2.53759604326E-03
  7.7894761E+01  1.09708678008E-03  5.44749538046E-01 -4.36666562363E-01 -2.16557791291E-01 -7.35166523765E-02
  3.6514229E+01  1.74070366367E-03  5.11247107266E-01 -5.30777449689E-01 -2.98417019251E-01 -1.04397295013E-01
  1.4397038E+01 -9.82490600545E-04  7.48456887500E-02  5.25074806125E-01  4.26251107464E-01  1.60999633157E-01
  7.2142155E+00  5.33408376572E-04 -1.18346605894E-02  7.66714902088E-01  8.56069180351E-01  3.42035665103E-01
  2.6191775E+00 -2.24770178198E-04  3.63988899557E-03  8.40289495905E-02 -6.63794163926E-01 -3.69794455160E-01
  1.2298459E+00  1.05987156605E-04 -1.66628564448E-03 -1.16642709095E-02 -7.62925473989E-01 -5.75753865225E-01
  2.8314368E-01 -2.70555988815E-05  4.00327448477E-04  2.46860918245E-03 -3.33646979321E-02  7.44862099345E-01
  1.0993922E-01  1.06302632419E-05 -1.55576029345E-04 -9.57092353626E-04  7.22305335668E-03  5.25490429721E-01
  Te  s 
  1.2298459E+00  9.99975444203E-01
  Te  s 
  1.0993922E-01  9.99997804621E-01
  Te  p 
  2.2700415E+05  1.41831597721E-04 -6.62001047282E-05  2.85119040392E-05 -7.92162699157E-06
  3.3675937E+04  6.51376209542E-04 -3.05171513901E-04  1.31124306734E-04 -3.65042685935E-05
  7.7445553E+03  3.21941116214E-03 -1.51599429637E-03  6.55942598790E-04 -1.81973898763E-04
  2.3230247E+03  1.51239152615E-02 -7.19898367518E-03  3.09606476456E-03 -8.63510400469E-04
  8.2838118E+02  5.93950213290E-02 -2.88573493983E-02  1.25820447998E-02 -3.49098866241E-03
  3.3140183E+02  1.78145754170E-01 -9.04076529501E-02  3.93065594803E-02 -1.09976805912E-02
  1.4301670E+02  3.61368957247E-01 -1.95375978303E-01  8.75406956484E-02 -2.43168789162E-02
  6.4905819E+01  3.97352020054E-01 -2.11186217811E-01  9.04344717330E-02 -2.56127195794E-02
  2.9863622E+01  1.58865255922E-01  1.45324202784E-01 -9.06363521201E-02  2.79544705452E-02
  1.3926391E+01  9.14250227290E-03  5.92280828747E-01 -4.09029514953E-01  1.19691276620E-01
  6.6553399E+00  1.81938733337E-03  3.66780618861E-01 -1.49310302589E-01  4.33760216684E-02
  2.7883962E+00 -8.43749703560E-04  3.73357100553E-02  6.48466220885E-01 -2.66868090576E-01
  1.1797399E+00  2.46525586510E-04 -1.17903824851E-03  5.15163180694E-01 -1.79221043163E-01
  3.0651489E-01 -7.78988364798E-05  4.06425005346E-04  3.47924932760E-02  5.72063268639E-01
  9.8149645E-02  2.77088063581E-05 -1.55792208358E-04 -4.61870123949E-03  5.80644033830E-01
  Te  p 
  1.1797399E+00  9.99960744254E-01
  Te  p 
  9.8149645E-02  9.99996733432E-01
  Te  d 
  8.9045304E+02  2.85149006257E-03 -1.15022933531E-03
  2.5774269E+02  2.38398382684E-02 -9.53880189524E-03
  9.6487271E+01  1.06955312511E-01 -4.41223183205E-02
  4.0667485E+01  2.87311603525E-01 -1.17655593088E-01
  1.8039816E+01  4.38452573794E-01 -1.76343836710E-01
  8.2221940E+00  3.11599976635E-01 -2.22454271689E-02
  3.5287484E+00  6.28808373774E-02  3.93749465999E-01
  1.4688800E+00 -1.24441518417E-03  5.40042847859E-01
  5.5474524E-01  1.15936352157E-03  2.14736310864E-01
  2.5935413E-01 -4.81983192236E-04  8.23519133162E-03
  Te  d 
  1.4688800E+00  9.99931583376E-01
  Te  d 
  5.5474524E-01  9.99974155352E-01
  Te  d 
  2.5935413E-01  9.99987916213E-01
  Te  f 
  2.4400610E+00  9.99853938777E-01
  Te  f 
  1.0494999E+00  9.99937148523E-01
end
basis "I_dyall_relpcpvdz_fi_sf_lc" SPHERICAL
  I   s 
  3.8827270E+07  6.59415597850E-05 -2.29325328711E-05  1.02601562905E-05  4.62902307431E-06  1.60005894233E-06
  6.5322030E+06  2.21803853661E-04 -7.73932334160E-05  3.46656107757E-05  1.56357989169E-05  5.40435551887E-06
  1.4690767E+06  6.57139364825E-04 -2.30621741750E-04  1.03279687128E-04  4.66185311035E-05  1.61156098987E-05
  3.8884228E+05  1.86239677611E-03 -6.57772358348E-04  2.95303048724E-04  1.33204182701E-04  4.60412648542E-05
  1.1658354E+05  5.22384575019E-03 -1.86326371005E-03  8.35734065232E-04  3.77580567020E-04  1.30550070188E-04
  3.8555711E+04  1.44642668059E-02 -5.20853827342E-03  2.34725826856E-03  1.05883566739E-03  3.65983220327E-04
  1.3820613E+04  3.87003069226E-02 -1.42277454221E-02  6.40226419834E-03  2.89718053906E-03  1.00203453152E-03
  5.2970277E+03  9.63222145384E-02 -3.66359928762E-02  1.66721105184E-02  7.52748455617E-03  2.60231460609E-03
  2.1469383E+03  2.07820950848E-01 -8.60502550219E-02  3.93470498882E-02  1.78947869874E-02  6.19537352460E-03
  9.1174304E+02  3.40719570367E-01 -1.66228286075E-01  7.89947528745E-02  3.58962486832E-02  1.24253976322E-02
  4.0189592E+02  3.24898996218E-01 -2.14080351655E-01  1.04908384864E-01  4.88056263154E-02  1.69744302930E-02
  1.8029330E+02  1.08891064368E-01  1.12509667327E-02 -7.49319472063E-03 -5.07225223940E-03 -1.88201914774E-03
  8.2464682E+01  2.08057422353E-03  5.38866320553E-01 -4.31840512944E-01 -2.16898871782E-01 -7.65645274448E-02
  3.8596572E+01  1.56126336905E-03  5.19021810438E-01 -5.41335953563E-01 -3.07777717134E-01 -1.11708278660E-01
  1.5243975E+01 -9.15921147260E-04  7.81206233269E-02  5.12362834285E-01  4.22592309556E-01  1.65831748785E-01
  7.6733417E+00  5.04534905775E-04 -1.25672081001E-02  7.76097654179E-01  8.78093668563E-01  3.67154867426E-01
  2.8196232E+00 -2.18762877329E-04  3.95882133374E-03  8.88825259301E-02 -6.49218794691E-01 -3.81699369405E-01
  1.3448350E+00  1.05414287416E-04 -1.83754556947E-03 -1.24743826481E-02 -7.82436660656E-01 -6.16949835078E-01
  3.2392157E-01 -2.71869378789E-05  4.46649066146E-04  2.59845735701E-03 -3.59572001408E-02  7.62027280032E-01
  1.2679223E-01  1.04317463917E-05 -1.69203345964E-04 -9.94520804184E-04  7.27827294527E-03  5.28846631581E-01
  I   s 
  1.3448350E+00  9.99973148604E-01
  I   s 
  1.2679223E-01  9.99997468088E-01
  I   p 
  2.5437690E+05  1.39292074550E-04 -6.53595698289E-05  2.85742315943E-05 -8.42485344082E-06
  3.7550013E+04  6.27665401680E-04 -2.95668191690E-04  1.28970223014E-04 -3.81015744053E-05
  8.5598497E+03  3.05097977649E-03 -1.44391887686E-03  6.34178538990E-04 -1.86699001420E-04
  2.5453153E+03  1.42827445399E-02 -6.83571198576E-03  2.98429493193E-03 -8.83358510174E-04
  9.0167892E+02  5.64368910057E-02 -2.75314383434E-02  1.21845134853E-02 -3.58740615284E-03
  3.5901989E+02  1.71401276452E-01 -8.73337691064E-02  3.85390358480E-02 -1.14449349544E-02
  1.5445974E+02  3.54631855760E-01 -1.92119172752E-01  8.73535214992E-02 -2.57523311281E-02
  6.9988166E+01  4.02083717627E-01 -2.17588458776E-01  9.50781070737E-02 -2.85885467395E-02
  3.2296925E+01  1.69238654500E-01  1.25190625111E-01 -8.12022589004E-02  2.68972634796E-02
  1.5039799E+01  1.15468853643E-02  5.87481144317E-01 -4.12190094262E-01  1.28347008380E-01
  7.1982764E+00  1.62366991295E-03  3.83455271512E-01 -1.70460420246E-01  5.34081087114E-02
  3.0206841E+00 -7.87619286650E-04  4.16420968151E-02  6.44298855991E-01 -2.86831443363E-01
  1.2986469E+00  2.32249663092E-04 -1.63527626714E-03  5.23800575114E-01 -1.94975714066E-01
  3.5172841E-01 -7.56503746981E-05  5.09593497616E-04  3.67705272609E-02  5.91875344501E-01
  1.1394397E-01  2.69178695309E-05 -1.95915244726E-04 -4.36597400732E-03  5.68175721220E-01
  I   p 
  1.2986469E+00  9.99956788573E-01
  I   p 
  1.1394397E-01  9.99996207784E-01
  I   d 
  9.5973373E+02  2.71297695206E-03 -1.12712831884E-03
  2.7722627E+02  2.27963918648E-02 -9.40074746660E-03
  1.0377420E+02  1.03260743676E-01 -4.38732614526E-02
  4.3781879E+01  2.81263604524E-01 -1.18873759815E-01
  1.9470228E+01  4.36761666843E-01 -1.81441889780E-01
  8.9080134E+00  3.18309451747E-01 -3.03872929162E-02
  3.8577521E+00  6.70998508325E-02  3.92853412815E-01
  1.6272114E+00 -1.14886780818E-03  5.44637618565E-01
  6.2325440E-01  1.21111938254E-03  2.08980308502E-01
  2.9852385E-01 -5.16269791137E-04  7.48477970003E-03
  I   d 
  1.6272114E+00  9.99924211784E-01
  I   d 
  6.2325440E-01  9.99970964135E-01
  I   d 
  2.9852385E-01  9.99986091363E-01
  I   f 
  2.6770940E+00  9.99839762559E-01
  I   f 
  1.2169350E+00  9.99927125344E-01
end
basis "Xe_dyall_relpcpvdz_fi_sf_lc" SPHERICAL
  Xe  s 
  3.9369255E+07  6.95795686291E-05 -2.42928603708E-05  1.09123832151E-05  4.97699211862E-06  1.77470054847E-06
  6.7259123E+06  2.31650739812E-04 -8.11480596334E-05  3.64929233116E-05  1.66398217324E-05  5.93334199938E-06
  1.5274181E+06  6.79043866364E-04 -2.39268467565E-04  1.07585589423E-04  4.90916499201E-05  1.75065216608E-05
  4.0669722E+05  1.90319599305E-03 -6.74952471573E-04  3.04232604736E-04  1.38735275951E-04  4.94718268963E-05
  1.2238988E+05  5.28240469337E-03 -1.89240776342E-03  8.52316953547E-04  3.89269611948E-04  1.38837352111E-04
  4.0564311E+04  1.44955726292E-02 -5.24332520611E-03  2.37251753636E-03  1.08200342750E-03  3.85859827175E-04
  1.4558064E+04  3.85206209849E-02 -1.42276313353E-02  6.42927127068E-03  2.94109165147E-03  1.04925079415E-03
  5.5828788E+03  9.54721289272E-02 -3.64612519485E-02  1.66590641727E-02  7.60470563103E-03  2.71269640395E-03
  2.2632845E+03  2.05733134096E-01 -8.54471243615E-02  3.92328191653E-02  1.80365186563E-02  6.44047247647E-03
  9.6123174E+02  3.38381134237E-01 -1.65029626747E-01  7.86960308253E-02  3.61582575494E-02  1.29175008383E-02
  4.2388885E+02  3.25977087598E-01 -2.14004435541E-01  1.05244927610E-01  4.94788082052E-02  1.77408947822E-02
  1.9075928E+02  1.12216316084E-01  5.92562027560E-03 -4.76912102041E-03 -3.78414422044E-03 -1.44487344392E-03
  8.6905544E+01  2.83353046225E-03  5.34162578477E-01 -4.28675616814E-01 -2.17939074113E-01 -7.95107802439E-02
  4.0653718E+01  1.42821293090E-03  5.24304964522E-01 -5.49232071906E-01 -3.15847722083E-01 -1.18241811375E-01
  1.6101346E+01 -8.67345594777E-04  8.07536043238E-02  5.02308293761E-01  4.21014190230E-01  1.70584367881E-01
  8.1391630E+00  4.83916286566E-04 -1.31456294314E-02  7.83452475147E-01  8.97905114550E-01  3.90403807716E-01
  3.0252064E+00 -2.15155574015E-04  4.22795465928E-03  9.32474180954E-02 -6.37604652686E-01 -3.93090731205E-01
  1.4634190E+00  1.05601132666E-04 -1.98658227008E-03 -1.31897287617E-02 -7.99262605026E-01 -6.54051859252E-01
  3.6632322E-01 -2.74273944947E-05  4.86627501947E-04  2.69710608840E-03 -3.83500248615E-02  7.77178955694E-01
  1.4430153E-01  1.02852587786E-05 -1.79865536084E-04 -1.02138964452E-03  7.27202787867E-03  5.32671145723E-01
  Xe  s 
  1.4634190E+00  9.99970781300E-01
  Xe  s 
  1.4430153E-01  9.99997118451E-01
  Xe  p 
  2.8236520E+05  1.37803000065E-04 -6.49931334604E-05  2.88317522107E-05 -8.85943665442E-06
  4.1505737E+04  6.10719355149E-04 -2.89192493170E-04  1.28013171427E-04 -3.94139909284E-05
  9.3865139E+03  2.92237902361E-03 -1.38990757277E-03  6.19432671422E-04 -1.90047607536E-04
  2.7683994E+03  1.36254198448E-02 -6.55556588539E-03  2.90425253566E-03 -8.96019639051E-04
  9.7453264E+02  5.41022229498E-02 -2.65033454003E-02  1.19019519043E-02 -3.65190885943E-03
  3.8624982E+02  1.66032857023E-01 -8.49453877166E-02  3.80349603782E-02 -1.17742262195E-02
  1.6566630E+02  3.49144361996E-01 -1.89629373979E-01  8.74748475684E-02 -2.68792039146E-02
  7.4935213E+01  4.05640475529E-01 -2.22509784708E-01  9.90204388107E-02 -3.10464095234E-02
  3.4636866E+01  1.77675324892E-01  1.09974249713E-01 -7.42538949339E-02  2.59602031512E-02
  1.6107703E+01  1.35714170451E-02  5.83821390934E-01 -4.16595441961E-01  1.35611002854E-01
  7.7199186E+00  1.46110911556E-03  3.95452351961E-01 -1.85952262838E-01  6.13995660294E-02
  3.2481060E+00 -7.42978202187E-04  4.49840198497E-02  6.43359128053E-01 -3.04605720307E-01
  1.4177697E+00  2.21863518347E-04 -2.03498563809E-03  5.28773869127E-01 -2.06239095816E-01
  3.9822515E-01 -7.49480164211E-05  6.19081010542E-04  3.71808191002E-02  6.08761383959E-01
  1.3020222E-01  2.51691189761E-05 -2.06016133610E-04 -5.05920202408E-03  5.58152359283E-01
  Xe  p 
  1.4177697E+00  9.99952825889E-01
  Xe  p 
  1.3020222E-01  9.99995666700E-01
  Xe  d 
  1.0309027E+03  2.59432869342E-03 -1.10677606466E-03
  2.9716166E+02  2.18933630796E-02 -9.27646954536E-03
  1.1121289E+02  1.00037938380E-01 -4.36457876626E-02
  4.6956827E+01  2.75906464198E-01 -1.19959916401E-01
  2.0928002E+01  4.35145348267E-01 -1.86102817592E-01
  9.6074677E+00  3.24106074729E-01 -3.76777602124E-02
  4.1940016E+00  7.09126068122E-02  3.92323659390E-01
  1.7897151E+00 -1.03716877093E-03  5.48636295947E-01
  6.9347693E-01  1.25019936295E-03  2.03874066244E-01
  3.3924233E-01 -5.45814219444E-04  6.89284803530E-03
  Xe  d 
  1.7897151E+00  9.99916646558E-01
  Xe  d 
  6.9347693E-01  9.99967693224E-01
  Xe  d 
  3.3924233E-01  9.99984194398E-01
  Xe  f 
  2.9141271E+00  9.99825588553E-01
  Xe  f 
  1.3844668E+00  9.99917097479E-01
end
basis "Tl_dyall_relpcpvdz_fi_sf_lc" SPHERICAL
  Tl  s 
  5.8033828E+07  2.34162881741E-04 -9.18302480772E-05  4.41229577254E-05  2.21862482698E-05 -9.82922651095E-06 -3.10991200010E-06
  1.4702562E+07  5.81382754318E-04 -2.28939713031E-04  1.10097466499E-04  5.53539893308E-05 -2.45277533289E-05 -7.76031403683E-06
  4.6355575E+06  1.25592004129E-03 -4.96954476499E-04  2.39104301500E-04  1.20287882662E-04 -5.32925981706E-05 -1.68619516586E-05
  1.5852740E+06  2.55564341419E-03 -1.01929437168E-03  4.91258336172E-04  2.47073680602E-04 -1.09502568889E-04 -3.46456866103E-05
  5.7924626E+05  5.17537218706E-03 -2.08453383430E-03  1.00566508079E-03  5.06397358086E-04 -2.24369242410E-04 -7.09947970018E-05
  2.2187944E+05  1.04584849517E-02 -4.27085856332E-03  2.06668309734E-03  1.04004591436E-03 -4.61120337304E-04 -1.45896554972E-04
  8.8730780E+04  2.12687518908E-02 -8.82661620078E-03  4.27751587923E-03  2.15737660374E-03 -9.55946200335E-04 -3.02507139857E-04
  3.6848078E+04  4.31762252979E-02 -1.83267055780E-02  8.92822915564E-03  4.49740194515E-03 -1.99528975720E-03 -6.31313337140E-04
  1.5843298E+04  8.57902102646E-02 -3.75437681053E-02  1.83474910340E-02  9.28100161792E-03 -4.11320246913E-03 -1.30182772450E-03
  7.0310514E+03  1.59579701117E-01 -7.37249966582E-02  3.64826869856E-02  1.84250644864E-02 -8.18585075531E-03 -2.59020501068E-03
  3.2121888E+03  2.56261438469E-01 -1.29740705682E-01  6.50410134591E-02  3.31785586311E-02 -1.47165724508E-02 -4.65988135327E-03
  1.5070783E+03  3.03327734664E-01 -1.78960709595E-01  9.31029662273E-02  4.73956760841E-02 -2.11552968049E-02 -6.69542863580E-03
  7.2301062E+02  2.01756113599E-01 -1.04332514840E-01  5.11261573704E-02  2.66531139683E-02 -1.16942957217E-02 -3.70992287946E-03
  3.3980515E+02  4.42533811168E-02  2.50822434207E-01 -1.93294446402E-01 -1.11512614985E-01  5.05245090547E-02  1.60935299467E-02
  1.7093901E+02 -1.72093947579E-03  5.55807491147E-01 -5.60420616123E-01 -3.33901644021E-01  1.55736228315E-01  4.96339918548E-02
  8.8017323E+01  1.46869537995E-03  3.17648910298E-01 -3.14061054506E-01 -2.15521429780E-01  1.01009451900E-01  3.24869174566E-02
  4.3016225E+01 -8.74802847893E-04  3.69996132245E-02  6.87142329507E-01  7.37538626261E-01 -3.89379728586E-01 -1.27572205875E-01
  2.2609863E+01  4.67748200674E-04 -2.11987482710E-03  6.46548773795E-01  8.27121744657E-01 -4.78180282858E-01 -1.58483957996E-01
  1.0266569E+01 -2.28670796612E-04  6.65041324842E-04  8.23702751337E-02 -7.17461858957E-01  6.15462118564E-01  2.17959714098E-01
  5.2648225E+00  1.15024327834E-04 -4.00639329803E-04 -6.50833410920E-03 -8.17255470048E-01  9.17906028368E-01  3.56681193867E-01
  1.8988944E+00 -4.12235273619E-05  1.33036128558E-04  1.89301479697E-03 -6.02278283075E-02 -8.15906571722E-01 -4.57431898087E-01
  8.8461372E-01  1.76742550148E-05 -5.05950145090E-05 -8.47812056800E-04  8.94982930011E-03 -6.73504211451E-01 -4.48646246885E-01
  2.0106574E-01 -4.26572764411E-06  1.27627045283E-05  1.80988230777E-04 -1.74777702036E-03 -2.64210196209E-02  6.83050381291E-01
  7.3237091E-02  1.60888214707E-06 -4.81083471316E-06 -6.79424605944E-05  6.26007835786E-04  5.48777293811E-03  5.58145526527E-01
  Tl  s 
  8.8461372E-01  9.99982336634E-01
  Tl  s 
  7.3237091E-02  9.99998537521E-01
  Tl  p 
  1.3728265E+07  3.19812983855E-05 -1.64989377609E-05  8.25281454221E-06 -3.40206116148E-06  7.41550946975E-07
  2.3572128E+06  1.05368830794E-04 -5.43930095491E-05  2.72203402953E-05 -1.12176858221E-05  2.44504865878E-06
  5.2356678E+05  3.01744660534E-04 -1.55993145535E-04  7.80445136054E-05 -3.21854434531E-05  7.01584330487E-06
  1.3629076E+05  8.41857827376E-04 -4.36613213871E-04  2.18848864421E-04 -9.01652191150E-05  1.96522637787E-05
  4.0148089E+04  2.46434062087E-03 -1.28571501865E-03  6.44175672979E-04 -2.65990882343E-04  5.79902295529E-05
  1.3182021E+04  7.76835198098E-03 -4.09072487849E-03  2.05960969307E-03 -8.48504007083E-04  1.84940815848E-04
  4.7879862E+03  2.51854971585E-02 -1.34472938164E-02  6.76929856615E-03 -2.80098078900E-03  6.10822323767E-04
  1.9028441E+03  7.63554868439E-02 -4.17621903734E-02  2.12363319841E-02 -8.76040822205E-03  1.90981205050E-03
  8.1502288E+02  1.93138717318E-01 -1.09987967561E-01  5.61954254094E-02 -2.33615587118E-02  5.09774714188E-03
  3.6967602E+02  3.52283447699E-01 -2.11956072851E-01  1.10766467281E-01 -4.58475229601E-02  1.00001044008E-02
  1.7504377E+02  3.66670545707E-01 -1.99472079582E-01  9.81253289085E-02 -4.09894591278E-02  8.94806360650E-03
  8.4456267E+01  1.49663912942E-01  1.81588547469E-01 -1.49255504874E-01  7.01540756850E-02 -1.55575955100E-02
  4.2043229E+01  9.81360527408E-03  5.91954966669E-01 -5.02632091957E-01  2.28462885021E-01 -5.04807350674E-02
  2.1172075E+01  1.77236478233E-03  3.34036536525E-01 -9.99049098268E-02  2.95452992043E-02 -6.00128508296E-03
  1.0107599E+01 -1.02961217706E-03  3.67781228164E-02  6.82925361902E-01 -4.76011978348E-01  1.11522870584E-01
  4.9031493E+00  4.23685759926E-04  4.75036904732E-05  4.75832588242E-01 -2.71939533833E-01  6.13573408926E-02
  1.9632888E+00 -1.63064628537E-04  7.36315954859E-05  4.10788604156E-02  6.75531248258E-01 -2.04456750151E-01
  8.0549699E-01  6.47036543356E-05 -7.13368822363E-05 -2.47897040111E-03  5.36378451699E-01 -1.60528590384E-01
  2.0049629E-01 -1.59313933863E-05  7.15411266036E-06  5.68557263418E-04  3.72190509582E-02  4.02282822187E-01
  5.5927884E-02  5.12196372748E-06 -2.27934593892E-06 -1.83079147574E-04 -4.74462616644E-03  7.38316815314E-01
  Tl  p 
  8.0549699E-01  9.99973195320E-01
  Tl  p 
  5.5927884E-02  9.99998138622E-01
  Tl  d 
  7.8021591E+03  4.90628811751E-04 -2.56922488359E-04  8.39823816673E-05
  2.0396979E+03  4.12824321031E-03 -2.18437868036E-03  7.20544279772E-04
  7.3049097E+02  2.33912131909E-02 -1.24250385802E-02  4.07287098924E-03
  3.0516736E+02  9.13834895536E-02 -4.96155484210E-02  1.64442498865E-02
  1.3964975E+02  2.42473340922E-01 -1.33037853006E-01  4.38241297639E-02
  6.7292643E+01  3.98909515600E-01 -2.13055434997E-01  7.07235293541E-02
  3.3520599E+01  3.37264495389E-01 -8.58484428649E-02  1.86015017593E-02
  1.6568385E+01  1.07865428275E-01  3.26040849476E-01 -1.35910419422E-01
  8.0815299E+00  6.92748574918E-03  5.32755367376E-01 -2.24416041812E-01
  3.8806549E+00  1.04929394028E-03  2.58739222331E-01  2.48276029010E-02
  1.6956350E+00 -2.91511078827E-04  2.81618555913E-02  4.46721736109E-01
  6.9524060E-01  1.44453295973E-04 -3.45203888885E-04  5.04640526823E-01
  2.5357650E-01 -9.15614549251E-05  3.48147292286E-04  2.01945262223E-01
  1.5026778E-01  4.79359998942E-05 -1.70393463998E-04  7.03100503656E-03
  Tl  d 
  6.9524060E-01  9.99967611075E-01
  Tl  d 
  2.5357650E-01  9.99988185386E-01
  Tl  d 
  1.5026778E-01  9.99992998551E-01
  Tl  f 
  4.8999559E+02  2.00112547529E-03
  1.6633197E+02  1.70818079436E-02
  6.9980085E+01  7.49156203286E-02
  3.2175090E+01  2.04501693947E-01
  1.5417577E+01  3.46791247105E-01
  7.3699578E+00  3.77818919825E-01
  3.4086613E+00  2.40493642535E-01
  1.4138469E+00  6.36803828111E-02
  Tl  f 
  1.4138469E+00  9.99915339007E-01
  Tl  f 
  4.5262943E-01  9.99972888018E-01
end
basis "Pb_dyall_relpcpvdz_fi_sf_lc" SPHERICAL
  Pb  s 
  5.7879047E+07  2.48942575323E-04 -9.80993641113E-05  4.72099589032E-05  2.38142585109E-05 -1.06828016995E-05 -3.58896857967E-06
  1.4727786E+07  6.14387400452E-04 -2.43121337305E-04  1.17103687015E-04  5.90654916833E-05 -2.65003327122E-05 -8.90283704414E-06
  4.6698079E+06  1.31734286169E-03 -5.23840529879E-04  2.52446190716E-04  1.27405489952E-04 -5.71542844357E-05 -1.92019891771E-05
  1.6059372E+06  2.65963034245E-03 -1.06608854558E-03  5.14642781409E-04  2.59669134864E-04 -1.16526815979E-04 -3.91477333324E-05
  5.8984778E+05  5.34528010534E-03 -2.16398633385E-03  1.04571824179E-03  5.28248630266E-04 -2.36990597485E-04 -7.96254898952E-05
  2.2691267E+05  1.07176396429E-02 -4.39959604008E-03  2.13251974028E-03  1.07666783533E-03 -4.83335923761E-04 -1.62381416760E-04
  9.1063105E+04  2.16264977490E-02 -9.02395410704E-03  4.38067583904E-03  2.21647092136E-03 -9.94488992646E-04 -3.34165999823E-04
  3.7920869E+04  4.35737974993E-02 -1.85982170067E-02  9.07615582475E-03  4.58698736368E-03 -2.06050303802E-03 -6.92260518134E-04
  1.6339134E+04  8.59992167320E-02 -3.78453959242E-02  1.85276943204E-02  9.40204336781E-03 -4.21941637036E-03 -1.41804468084E-03
  7.2625289E+03  1.59124630475E-01 -7.38765021814E-02  3.66186213148E-02  1.85553175908E-02 -8.34669410977E-03 -2.80442201616E-03
  3.3216985E+03  2.54766176560E-01 -1.29410925068E-01  6.49719057988E-02  3.32454686458E-02 -1.49330863764E-02 -5.02100883189E-03
  1.5596475E+03  3.01838948376E-01 -1.77881465961E-01  9.26063407300E-02  4.72959668615E-02 -2.13717656318E-02 -7.18219315702E-03
  7.4863789E+02  2.02192773206E-01 -1.03777011402E-01  5.07024286334E-02  2.64610316538E-02 -1.17600038122E-02 -3.96182751178E-03
  3.5261328E+02  4.51882690313E-02  2.47673279129E-01 -1.91451262720E-01 -1.10815587472E-01  5.08832030202E-02  1.72163341554E-02
  1.7750467E+02 -1.61929802152E-03  5.53528251888E-01 -5.57458636359E-01 -3.33359248407E-01  1.57438409560E-01  5.32979664881E-02
  9.1463274E+01  1.46520610441E-03  3.20905035697E-01 -3.19315223629E-01 -2.19093867302E-01  1.04165210568E-01  3.55984698934E-02
  4.4710172E+01 -8.77129904874E-04  3.82533665164E-02  6.79913641790E-01  7.31782008294E-01 -3.92081424951E-01 -1.36633352284E-01
  2.3527288E+01  4.73505227436E-04 -2.25909426810E-03  6.51997686651E-01  8.38663191049E-01 -4.91675529402E-01 -1.73448791655E-01
  1.0721457E+01 -2.35624754963E-04  7.35482395488E-04  8.50320367682E-02 -7.05669817947E-01  6.15644431811E-01  2.32716687047E-01
  5.5271506E+00  1.20695556267E-04 -4.39297177771E-04 -6.83322632213E-03 -8.28189946770E-01  9.47521991181E-01  3.94237178437E-01
  2.0274627E+00 -4.47484272237E-05  1.50960434901E-04  2.03709492550E-03 -6.40609178980E-02 -8.05396768612E-01 -4.88220080489E-01
  9.6204098E-01  1.96555311334E-05 -5.93270616255E-05 -9.29484891196E-04  9.59186783803E-03 -6.95306845718E-01 -5.00841317578E-01
  2.3294403E-01 -4.85737949734E-06  1.51926646393E-05  2.04091525586E-04 -1.88570680623E-03 -2.82486845095E-02  7.28467050694E-01
  8.6859886E-02  1.79465957381E-06 -5.63623241911E-06 -7.44949197544E-05  6.63279661169E-04  5.54720142343E-03  5.42050337418E-01
  Pb  s 
  9.6204098E-01  9.99980790782E-01
  Pb  s 
  8.6859886E-02  9.99998265489E-01
  Pb  p 
  1.4431585E+07  3.21825976880E-05 -1.66412185900E-05  8.35802027687E-06 -3.50702426923E-06  8.77288734197E-07
  2.5074331E+06  1.05840528988E-04 -5.47610917984E-05  2.75170123611E-05 -1.15427942510E-05  2.88784316226E-06
  5.6044425E+05  3.01355664230E-04 -1.56151677023E-04  7.84425220975E-05 -3.29272990855E-05  8.23604464784E-06
  1.4637279E+05  8.34084497065E-04 -4.33514463104E-04  2.18186139052E-04 -9.15030421864E-05  2.28980861594E-05
  4.3157909E+04  2.41480146247E-03 -1.26268295168E-03  6.35190195380E-04 -2.66953897681E-04  6.67582200005E-05
  1.4152440E+04  7.52781678012E-03 -3.97178717903E-03  2.00795892036E-03 -8.42084076389E-04  2.10824052763E-04
  5.1258744E+03  2.42443453588E-02 -1.29716844051E-02  6.55572948095E-03 -2.76090633671E-03  6.90337723731E-04
  2.0302193E+03  7.35261208203E-02 -4.02607188861E-02  2.05550241452E-02 -8.63177503519E-03  2.16236739722E-03
  8.6682091E+02  1.87347743535E-01 -1.06766575013E-01  5.47464171138E-02 -2.31626450514E-02  5.79240512899E-03
  3.9214842E+02  3.47093259852E-01 -2.08729639452E-01  1.09487610751E-01 -4.61399978563E-02  1.15787014565E-02
  1.8535635E+02  3.71068671608E-01 -2.05809531768E-01  1.02367728452E-01 -4.35375264005E-02  1.08336701817E-02
  8.9519283E+01  1.58420420667E-01  1.61712209178E-01 -1.35875852331E-01  6.53339079728E-02 -1.64614917073E-02
  4.4485764E+01  1.19799394890E-02  5.87870396592E-01 -5.00979552375E-01  2.32263202272E-01 -5.94446275257E-02
  2.2422844E+01  1.65665259320E-03  3.50470600264E-01 -1.27426084649E-01  4.44218649660E-02 -9.73459374807E-03
  1.0675176E+01 -9.75356705798E-04  4.14401658041E-02  6.74484424485E-01 -4.80717469502E-01  1.28114322234E-01
  5.1917731E+00  4.05015192680E-04 -3.40990320778E-04  4.91844140079E-01 -2.93608634620E-01  7.99653214854E-02
  2.0908307E+00 -1.59156439390E-04  2.04641268982E-04  4.44793528229E-02  6.78083664975E-01 -2.47772675522E-01
  8.7171799E-01  6.44702430857E-05 -1.21704907198E-04 -2.81680755485E-03  5.41499138328E-01 -1.75954832375E-01
  2.1674529E-01 -1.61927987785E-05  2.02203420909E-05  6.35087494984E-04  3.56929627744E-02  5.00595348796E-01
  6.5825419E-02  5.53513324709E-06 -6.60908197471E-06 -2.21968806791E-04 -4.95892292786E-03  6.48026034874E-01
  Pb  p 
  8.7171799E-01  9.99970992022E-01
  Pb  p 
  6.5825419E-02  9.99997809218E-01
  Pb  d 
  8.4906900E+03  4.53006725243E-04 -2.38865251970E-04  8.16885553995E-05
  2.2089035E+03  3.78650655975E-03 -2.01585205842E-03  6.95727302526E-04
  7.8849257E+02  2.15602666713E-02 -1.15274152550E-02  3.95310037887E-03
  3.2885432E+02  8.52585357285E-02 -4.65360000633E-02  1.61362979323E-02
  1.5038962E+02  2.30920012868E-01 -1.27594544132E-01  4.39851135809E-02
  7.2513235E+01  3.91820076501E-01 -2.11772828560E-01  7.36267515454E-02
  3.6180561E+01  3.48756190069E-01 -1.04946089175E-01  2.69717369837E-02
  1.7976202E+01  1.20705054542E-01  2.97954749777E-01 -1.31738751849E-01
  8.8200864E+00  9.16824619657E-03  5.35064194237E-01 -2.37992171155E-01
  4.2720364E+00  1.07984498497E-03  2.82255999521E-01  5.58893552836E-04
  1.8890617E+00 -2.90982126319E-04  3.48186312985E-02  4.45628213124E-01
  7.9200114E-01  1.50262431044E-04 -6.80384327465E-04  5.15630754182E-01
  2.9683292E-01 -9.43326613798E-05  5.70319578911E-04  1.94518618722E-01
  1.7545993E-01  4.84709347380E-05 -2.87271021001E-04  6.09628230581E-03
  Pb  d 
  7.9200114E-01  9.99963104242E-01
  Pb  d 
  2.9683292E-01  9.99986170139E-01
  Pb  d 
  1.7545993E-01  9.99991824822E-01
  Pb  f 
  5.2013845E+02  1.90390366741E-03
  1.7651009E+02  1.63609867769E-02
  7.4343014E+01  7.25675978440E-02
  3.4240742E+01  2.00490004488E-01
  1.6461026E+01  3.44730651952E-01
  7.9077033E+00  3.79624598728E-01
  3.6843352E+00  2.42719284256E-01
  1.5478311E+00  6.35191306797E-02
  Pb  f 
  1.5478311E+00  9.99907320136E-01
  Pb  f 
  5.6040871E-01  9.99966433355E-01
end
basis "Bi_dyall_relpcpvdz_fi_sf_lc" SPHERICAL
  Bi  s 
  5.8022684E+07  2.63859602682E-04 -1.04485675464E-04  5.03614080206E-05  2.54837777918E-05 -1.15710657759E-05 -4.07010135593E-06
  1.4819799E+07  6.47568765479E-04 -2.57515085822E-04  1.24229938314E-04  6.28577658309E-05 -2.85453147022E-05 -1.00405506258E-05
  4.7223874E+06  1.37863517451E-03 -5.50942986362E-04  2.65925175362E-04  1.34629978735E-04 -6.11316947613E-05 -2.15036814583E-05
  1.6321833E+06  2.76224538713E-03 -1.11279308927E-03  5.38038291417E-04  2.72334657876E-04 -1.23699054364E-04 -4.35102888448E-05
  6.0232740E+05  5.51055557074E-03 -2.24232990127E-03  1.08532103797E-03  5.49978493103E-04 -2.49750793612E-04 -8.78576406364E-05
  2.3262600E+05  1.09645364954E-02 -4.52449409864E-03  2.19661855819E-03  1.11257691763E-03 -5.05538372942E-04 -1.77821753148E-04
  9.3657019E+04  2.19557775781E-02 -9.21109344100E-03  4.47902197955E-03  2.27336451886E-03 -1.03248461371E-03 -3.63247333692E-04
  3.9098920E+04  4.39119632325E-02 -1.88460905486E-02  9.21261041506E-03  4.67103295650E-03 -2.12379702069E-03 -7.47050717644E-04
  1.6878840E+04  8.61000625889E-02 -3.80990082015E-02  1.86839163781E-02  9.51107779297E-03 -4.32064166247E-03 -1.52037578777E-03
  7.5127674E+03  1.58513523848E-01 -7.39462256816E-02  3.67120763584E-02  1.86634426677E-02 -8.49737354909E-03 -2.98915736120E-03
  3.4393803E+03  2.53142597350E-01 -1.28984421973E-01  6.48478323477E-02  3.32823566857E-02 -1.51333948318E-02 -5.32797462623E-03
  1.6158149E+03  3.00417977006E-01 -1.76796028944E-01  9.20956224176E-02  4.71839851799E-02 -2.15779592183E-02 -7.59166115454E-03
  7.7585154E+02  2.02899611946E-01 -1.03484632592E-01  5.04255887986E-02  2.63447195829E-02 -1.18539839327E-02 -4.18311454087E-03
  3.6612190E+02  4.62738160416E-02  2.44111092709E-01 -1.89252660809E-01 -1.09903707246E-01  5.11182971671E-02  1.81194672733E-02
  1.8440048E+02 -1.51629298565E-03  5.51252966541E-01 -5.54341644702E-01 -3.32656349825E-01  1.59036429399E-01  5.63783767318E-02
  9.5065117E+01  1.46763507123E-03  3.24485103105E-01 -3.24966758327E-01 -2.22954438647E-01  1.07457125881E-01  3.84955216801E-02
  4.6466268E+01 -8.83179562185E-04  3.96017336643E-02  6.72390335112E-01  7.25664736805E-01 -3.94368952084E-01 -1.44170198682E-01
  2.4477290E+01  4.81563090168E-04 -2.41338434476E-03  6.57603434079E-01  8.50235047670E-01 -5.05403274130E-01 -1.87022612248E-01
  1.1190161E+01 -2.43786904518E-04  8.13265458641E-04  8.77533705586E-02 -6.94021052182E-01  6.15919583995E-01  2.44823046040E-01
  5.7978488E+00  1.27022609470E-04 -4.82080956062E-04 -7.17399776372E-03 -8.38803837873E-01  9.76539274789E-01  4.29021403776E-01
  2.1587077E+00 -4.85871892018E-05  1.71043087363E-04  2.18581889069E-03 -6.78674063995E-02 -7.97058512329E-01 -5.15151451318E-01
  1.0422614E+00  2.18094663145E-05 -6.92263656046E-05 -1.01389569854E-03  1.02524649722E-02 -7.14851834313E-01 -5.46791520676E-01
  2.6590866E-01 -5.46122372905E-06  1.78133317195E-05  2.26791881591E-04 -2.00681800312E-03 -2.98908583457E-02  7.62729590163E-01
  1.0073440E-01  1.97333778277E-06 -6.49390118613E-06 -8.02853620877E-05  6.93128282221E-04  5.53119814682E-03  5.34574399401E-01
  Bi  s 
  1.0422614E+00  9.99979189193E-01
  Bi  s 
  1.0073440E-01  9.99997988431E-01
  Bi  p 
  1.5267851E+07  3.21896222287E-05 -1.66829111921E-05  8.41273437165E-06 -3.59068452384E-06  9.88657677915E-07
  2.6863694E+06  1.05663324877E-04 -5.47919131522E-05  2.76438983231E-05 -1.17956518390E-05  3.24836897701E-06
  6.0456060E+05  2.98986682580E-04 -1.55276643807E-04  7.83164730597E-05 -3.34388434244E-05  9.20593441929E-06
  1.5848335E+05  8.20423686211E-04 -4.27303245123E-04  2.15927456891E-04 -9.21186558998E-05  2.53753907803E-05
  4.6785870E+04  2.34689902320E-03 -1.22983954505E-03  6.21122777547E-04 -2.65507493012E-04  7.30752462860E-05
  1.5325077E+04  7.22608348227E-03 -3.81941302870E-03  1.93871853326E-03 -8.27128380205E-04  2.27972047240E-04
  5.5345524E+03  2.30958294005E-02 -1.23812600930E-02  6.28151399705E-03 -2.69056919641E-03  7.40362485435E-04
  2.1842431E+03  7.00662006309E-02 -3.83970209603E-02  1.96798641797E-02 -8.40759186257E-03  2.31893766881E-03
  9.2942393E+02  1.80087520264E-01 -1.02662091211E-01  5.28227312588E-02 -2.27273244006E-02  6.25425989794E-03
  4.1932007E+02  3.40038823843E-01 -2.04240924517E-01  1.07507103040E-01 -4.61002930027E-02  1.27403707862E-02
  1.9785121E+02  3.75890438085E-01 -2.13029260378E-01  1.07227201333E-01 -4.63927309776E-02  1.26984521233E-02
  9.5696786E+01  1.70007369087E-01  1.35836441194E-01 -1.18211323902E-01  5.82304881085E-02 -1.61196331727E-02
  4.7435630E+01  1.52124933451E-02  5.80584049927E-01 -4.96046978244E-01  2.34477972836E-01 -6.62320919642E-02
  2.3929631E+01  1.45917420068E-03  3.72354543225E-01 -1.63803710737E-01  6.44447617240E-02 -1.61720373582E-02
  1.1351604E+01 -8.74320411921E-04  4.81824234087E-02  6.59563209521E-01 -4.79653337275E-01  1.40972860324E-01
  5.5346123E+00  3.64748458200E-04 -8.80682410003E-04  5.14717959055E-01 -3.23770496601E-01  9.86030132985E-02
  2.2410872E+00 -1.48632310608E-04  4.10487069329E-04  4.98622931384E-02  6.71881464763E-01 -2.77801811252E-01
  9.5317500E-01  6.29172639641E-05 -2.03267543536E-04 -3.42249996778E-03  5.53522523603E-01 -1.99136812039E-01
  2.4829310E-01 -1.62514994344E-05  4.20036285041E-05  7.72455369333E-04  3.72951906600E-02  5.47206549955E-01
  7.7915822E-02  5.51865383510E-06 -1.36350316385E-05 -2.72781479775E-04 -4.75307005196E-03  6.10686341185E-01
  Bi  p 
  9.5317500E-01  9.99968281867E-01
  Bi  p 
  7.7915822E-02  9.99997406835E-01
  Bi  d 
  9.1556731E+03  4.25064955136E-04 -2.25648521803E-04  8.02589439225E-05
  2.3714380E+03  3.52953115711E-03 -1.89043871497E-03  6.78481261135E-04
  8.4391026E+02  2.01663296716E-02 -1.08520111093E-02  3.87038300393E-03
  3.5138597E+02  8.05287313160E-02 -4.41925915745E-02  1.59347518888E-02
  1.6056662E+02  2.21731216261E-01 -1.23348634513E-01  4.42347786352E-02
  7.7448462E+01  3.85573021945E-01 -2.10508351186E-01  7.61572382054E-02
  3.8688714E+01  3.57256385658E-01 -1.19355498968E-01  3.39489100177E-02
  1.9301217E+01  1.31503216061E-01  2.75368747038E-01 -1.28420947678E-01
  9.5137428E+00  1.13349634973E-02  5.35632413456E-01 -2.49540163812E-01
  4.6382853E+00  1.08695550803E-03  3.00570738408E-01 -1.89574291001E-02
  2.0735526E+00 -2.81493236457E-04  4.04899477877E-02  4.46008837056E-01
  8.8573771E-01  1.50955276862E-04 -9.12234012686E-04  5.23964386787E-01
  3.3861777E-01 -9.54466661642E-05  7.33144595141E-04  1.87623829149E-01
  2.0223207E-01  4.90447398045E-05 -3.78091145046E-04  5.41840020917E-03
  Bi  d 
  8.8573771E-01  9.99958738469E-01
  Bi  d 
  3.3861777E-01  9.99984223494E-01
  Bi  d 
  2.0223207E-01  9.99990577497E-01
  Bi  f 
  5.5102305E+02  1.81675234906E-03
  1.8692436E+02  1.57076059475E-02
  7.8801541E+01  7.04128453760E-02
  3.6351986E+01  1.96743296740E-01
  1.7527887E+01  3.42727517693E-01
  8.4583618E+00  3.81298815148E-01
  3.9675228E+00  2.44840578226E-01
  1.6865442E+00  6.34408267888E-02
  Bi  f 
  1.6865442E+00  9.99899018990E-01
  Bi  f 
  6.6730197E-01  9.99960032207E-01
end
basis "Po_dyall_relpcpvdz_fi_sf_lc" SPHERICAL
  Po  s 
  5.8309927E+07  2.79267785572E-04 -1.11132406457E-04  5.36465049576E-05  2.72299320323E-05 -1.25092846996E-05 -4.56524123007E-06
  1.4943068E+07  6.81755490809E-04 -2.72457890202E-04  1.31638993286E-04  6.68132903071E-05 -3.06982117640E-05 -1.12029575252E-05
  4.7831618E+06  1.44154278664E-03 -5.78972986048E-04  2.79885177237E-04  1.42135288096E-04 -6.52987711129E-05 -2.38315745788E-05
  1.6607700E+06  2.86718066479E-03 -1.16092192899E-03  5.62176701216E-04  2.85439368571E-04 -1.31175208294E-04 -4.78710576405E-05
  6.1553104E+05  5.67923490672E-03 -2.32288459648E-03  1.12608341295E-03  5.72398732756E-04 -2.62991597258E-04 -9.59885025586E-05
  2.3857506E+05  1.12168230694E-02 -4.65296097221E-03  2.26257344926E-03  1.14958327406E-03 -5.28492594318E-04 -1.92869307762E-04
  9.6330174E+04  2.22954594931E-02 -9.40463732176E-03  4.58065778958E-03  2.33214711508E-03 -1.07166513763E-03 -3.91190891435E-04
  4.0303817E+04  4.42737167604E-02 -1.91069778407E-02  9.35552286440E-03  4.75858702274E-03 -2.18903232283E-03 -7.98874072253E-04
  1.7427602E+04  8.62560242827E-02 -3.83802966213E-02  1.88536826154E-02  9.62713774125E-03 -4.42500212378E-03 -1.61561452790E-03
  7.7659998E+03  1.58012276869E-01 -7.40721957857E-02  3.68324502027E-02  1.87846923525E-02 -8.65301683992E-03 -3.15799753487E-03
  3.5580285E+03  2.51658929913E-01 -1.28640767466E-01  6.47640765243E-02  3.33385001413E-02 -1.53382724288E-02 -5.60335350089E-03
  1.6722965E+03  2.98994685407E-01 -1.75741525401E-01  9.15970811604E-02  4.70734571149E-02 -2.17785475426E-02 -7.94872341176E-03
  8.0318911E+02  2.03373011232E-01 -1.02899499799E-01  4.99727530206E-02  2.61342890451E-02 -1.18966184722E-02 -4.35852185971E-03
  3.7969490E+02  4.72343733753E-02  2.41288291219E-01 -1.87653664097E-01 -1.09334633552E-01  5.14848951475E-02  1.89473395257E-02
  1.9131746E+02 -1.40803902682E-03  5.49074967028E-01 -5.51566366409E-01 -3.32154914561E-01  1.60701782945E-01  5.91103499020E-02
  9.8676878E+01  1.46532107144E-03  3.27331788771E-01 -3.29359940256E-01 -2.26031381344E-01  1.10341367737E-01  4.10703998065E-02
  4.8245567E+01 -8.86597594080E-04  4.07634155695E-02  6.65701026406E-01  7.20648524601E-01 -3.97027175739E-01 -1.50898003989E-01
  2.5440911E+01  4.87812315408E-04 -2.53677941019E-03  6.62340261937E-01  8.60437380220E-01 -5.18527593465E-01 -1.99398583978E-01
  1.1667246E+01 -2.50920631954E-04  8.79684524706E-04  9.02603869461E-02 -6.83630281856E-01  6.17271874172E-01  2.55538502200E-01
  6.0742840E+00  1.32817779882E-04 -5.20156176110E-04 -7.49518774308E-03 -8.48281112056E-01  1.00411287938E+00  4.61543596820E-01
  2.2923081E+00 -5.22638752202E-05  1.90029825430E-04  2.32813175666E-03 -7.14936524883E-02 -7.91280667933E-01 -5.40168873185E-01
  1.1247044E+00  2.39079431446E-05 -7.87987826482E-05 -1.09586980254E-03  1.08944807589E-02 -7.31915838289E-01 -5.87599914244E-01
  2.9979416E-01 -6.02840550407E-06  2.02684729883E-05  2.48251984623E-04 -2.11020085299E-03 -3.13347533333E-02  7.91199970286E-01
  1.1492650E-01  2.13125560076E-06 -7.26497180714E-06 -8.52157908622E-05  7.16938879727E-04  5.46493358617E-03  5.30830240870E-01
  Po  s 
  1.1247044E+00  9.99977543258E-01
  Po  s 
  1.1492650E-01  9.99997705032E-01
  Po  p 
  1.6094731E+07  3.23041506710E-05 -1.67800487705E-05  8.49531562269E-06 -3.68534927689E-06  1.09038152185E-06
  2.8651675E+06  1.05863225161E-04 -5.50173707482E-05  2.78681266015E-05 -1.20863460228E-05  3.57665474660E-06
  6.4891394E+05  2.97851538753E-04 -1.55034462595E-04  7.85044197255E-05 -3.40677345151E-05  1.00783069395E-05
  1.7070019E+05  8.10940383940E-04 -4.23246935255E-04  2.14725067000E-04 -9.31109162413E-05  2.75620800809E-05
  5.0450487E+04  2.29452613328E-03 -1.20497636775E-03  6.10959346544E-04 -2.65425953392E-04  7.84973220342E-05
  1.6508642E+04  6.98327330839E-03 -3.69787727873E-03  1.88444871497E-03 -8.17222336542E-04  2.42055508439E-04
  5.9457148E+03  2.21517986244E-02 -1.18986420522E-02  6.05997466807E-03 -2.63798462756E-03  7.79967534236E-04
  2.3384165E+03  6.71774680625E-02 -3.68517961926E-02  1.89603070267E-02 -8.23378300896E-03  2.44066196433E-03
  9.9171977E+02  1.73905744560E-01 -9.91934881012E-02  5.12172697259E-02 -2.23937735696E-02  6.62140781096E-03
  4.4620759E+02  3.33712161736E-01 -2.00272720872E-01  1.05779009894E-01 -4.61135076358E-02  1.36976479187E-02
  2.1014718E+02  3.79553590611E-01 -2.18545321300E-01  1.11069933124E-01 -4.88497628140E-02  1.43688801930E-02
  1.0171539E+02  1.80241407195E-01  1.14309880124E-01 -1.03731541546E-01  5.23758697347E-02 -1.55706124053E-02
  5.0283133E+01  1.82961095141E-02  5.73322026920E-01 -4.91155780640E-01  2.36419761263E-01 -7.18844931433E-02
  2.5367947E+01  1.27087619886E-03  3.90529287361E-01 -1.93201976316E-01  8.13392804670E-02 -2.24224193095E-02
  1.2001454E+01 -7.75425250491E-04  5.41496094444E-02  6.46222927414E-01 -4.79857110072E-01  1.52053211028E-01
  5.8677985E+00  3.24394379242E-04 -1.36239024397E-03  5.33053253048E-01 -3.49222284261E-01  1.15432762522E-01
  2.3899504E+00 -1.37218869605E-04  6.04098456727E-04  5.46752319964E-02  6.67702267085E-01 -3.03735012439E-01
  1.0360252E+00  6.07046956604E-05 -2.84438700655E-04 -4.00535841282E-03  5.62553003545E-01 -2.19626240380E-01
  2.8231375E-01 -1.60135252448E-05  6.45754281339E-05  9.02532461251E-04  3.88661099922E-02  5.79576140194E-01
  9.0411358E-02  5.33500140037E-06 -2.05503389231E-05 -3.18922075023E-04 -4.40876921938E-03  5.87587149775E-01
  Po  p 
  1.0360252E+00  9.99965525443E-01
  Po  p 
  9.0411358E-02  9.99996990970E-01
  Po  d 
  9.8151605E+03  4.02934244872E-04 -2.15311048731E-04  7.92781512613E-05
  2.5318633E+03  3.32363632068E-03 -1.79079594338E-03  6.65208688286E-04
  8.9834951E+02  1.90373373958E-02 -1.03097568975E-02  3.80633400601E-03
  3.7343320E+02  7.66507870549E-02 -4.22934079156E-02  1.57833861280E-02
  1.7049312E+02  2.14012667325E-01 -1.19834287160E-01  4.44969350481E-02
  8.2252380E+01  3.79914036157E-01 -2.09299090886E-01  7.84065386449E-02
  4.1125487E+01  3.63928124037E-01 -1.30951670460E-01  4.00539480187E-02
  2.0586094E+01  1.40970839520E-01  2.56275421035E-01 -1.25508257001E-01
  1.0185372E+01  1.34457846823E-02  5.35302329012E-01 -2.59753024034E-01
  4.9924674E+00  1.08233534663E-03  3.15618211277E-01 -3.55981500706E-02
  2.2540529E+00 -2.66277962588E-04  4.54784075822E-02  4.47276158950E-01
  9.7833425E-01  1.47915847410E-04 -1.07911659999E-03  5.30622081687E-01
  3.7974903E-01 -9.43382276095E-05  8.56096340903E-04  1.81413773708E-01
  2.2948325E-01  4.87670133992E-05 -4.51574309762E-04  4.92012224345E-03
  Po  d 
  9.7833425E-01  9.99954425999E-01
  Po  d 
  3.7974903E-01  9.99982307338E-01
  Po  d 
  2.2948325E-01  9.99989307870E-01
  Po  f 
  5.8261287E+02  1.73858230841E-03
  1.9756108E+02  1.51155295771E-02
  8.3349358E+01  6.84383332841E-02
  3.8505687E+01  1.93256015445E-01
  1.8616521E+01  3.40800883153E-01
  9.0210323E+00  3.82847167579E-01
  4.2576508E+00  2.46846704395E-01
  1.8295243E+00  6.34037031044E-02
  Po  f 
  1.8295243E+00  9.99890463281E-01
  Po  f 
  7.7352607E-01  9.99953671576E-01
end
basis "At_dyall_relpcpvdz_fi_sf_lc" SPHERICAL
  At  s 
  5.8424409E+07  2.96117688856E-04 -1.18424765655E-04  5.72518675869E-05  2.91480429076E-05 -1.35415827321E-05 -5.09460693640E-06
  1.5020934E+07  7.19130071233E-04 -2.88840010835E-04  1.39762690234E-04  7.11525123122E-05 -3.30608092336E-05 -1.24377095568E-05
  4.8296548E+06  1.51017338383E-03 -6.09618965040E-04  2.95145817627E-04  1.50339908554E-04 -6.98478633533E-05 -2.62792511070E-05
  1.6847653E+06  2.98144506331E-03 -1.21339402281E-03  5.88478957624E-04  2.99707889217E-04 -1.39286778526E-04 -5.24006917356E-05
  6.2725022E+05  5.86313427990E-03 -2.41064787044E-03  1.17044110914E-03  5.96753574442E-04 -2.77278879930E-04 -1.04330163806E-04
  2.4404234E+05  1.14938459366E-02 -4.79335850491E-03  2.33448316491E-03  1.18977587034E-03 -5.53144578621E-04 -2.08097158834E-04
  9.8846917E+04  2.26759444352E-02 -9.61808441926E-03  4.69220908044E-03  2.39621362568E-03 -1.11355667678E-03 -4.19048526502E-04
  4.1458028E+04  4.47026571917E-02 -1.94011129907E-02  9.51496129329E-03  4.85478510996E-03 -2.25850495705E-03 -8.49660408209E-04
  1.7960108E+04  8.65188172409E-02 -3.87153653369E-02  1.90500587565E-02  9.75700202339E-03 -4.53547581577E-03 -1.70718755091E-03
  8.0141080E+03  1.57657227108E-01 -7.42781118873E-02  3.69924134459E-02  1.89255720287E-02 -8.81636986877E-03 -3.31681902379E-03
  3.6751153E+03  2.50294209236E-01 -1.28380803714E-01  6.47219960717E-02  3.34150401639E-02 -1.55477207890E-02 -5.85597053376E-03
  1.7283371E+03  2.97480790072E-01 -1.74673500463E-01  9.10894073118E-02  4.69529634002E-02 -2.19671114906E-02 -8.26388624139E-03
  8.3043748E+02  2.03535269473E-01 -1.01957771374E-01  4.93050125995E-02  2.58086764850E-02 -1.18759835439E-02 -4.48867002958E-03
  3.9327607E+02  4.80482674684E-02  2.39206283745E-01 -1.86652974377E-01 -1.09111800113E-01  5.19883323200E-02  1.97379018563E-02
  1.9824109E+02 -1.29584822997E-03  5.46961843148E-01 -5.49096970775E-01 -3.31831989044E-01  1.62417025839E-01  6.15875365398E-02
  1.0229702E+02  1.45810721834E-03  3.29466827731E-01 -3.32552325367E-01 -2.28353552121E-01  1.12813993058E-01  4.33524714975E-02
  5.0047987E+01 -8.87149917534E-04  4.17450262944E-02  6.59810904557E-01  7.16674989890E-01 -4.00031628346E-01 -1.57061291978E-01
  2.6418236E+01  4.92057877568E-04 -2.63123494061E-03  6.66271863212E-01  8.69361664245E-01 -5.31024725538E-01 -2.10815295191E-01
  1.2152600E+01 -2.56859936379E-04  9.34897669491E-04  9.25511257386E-02 -6.74470530883E-01  6.19673175431E-01  2.65372805755E-01
  6.3563670E+00  1.37953824763E-04 -5.53261751684E-04 -7.79608202964E-03 -8.56689989805E-01  1.03018628812E+00  4.92158929684E-01
  2.4279895E+00 -5.56981132942E-05  2.07604509815E-04  2.46298973563E-03 -7.49215074502E-02 -7.88028804866E-01 -5.64266379620E-01
  1.2090939E+00  2.59095326150E-05 -8.78600673138E-05 -1.17490750024E-03  1.15228470919E-02 -7.46496827388E-01 -6.23888732396E-01
  3.3458672E-01 -6.55290241516E-06  2.25171479810E-05  2.68578604014E-04 -2.20075888887E-03 -3.25937378391E-02  8.16071349805E-01
  1.2947162E-01  2.26878039993E-06 -7.94440728172E-06 -8.94339058469E-05  7.36999962433E-04  5.36375736641E-03  5.28935605250E-01
  At  s 
  1.2090939E+00  9.99975858494E-01
  At  s 
  1.2947162E-01  9.99997414584E-01
  At  p 
  1.6858098E+07  3.25718163136E-05 -1.69567887734E-05  8.61832380056E-06 -3.79679589724E-06  1.18881220215E-06
  3.0353119E+06  1.06586019445E-04 -5.55148242629E-05  2.82301182259E-05 -1.24336179257E-05  3.89386237257E-06
  6.9174566E+05  2.98301381133E-04 -1.55613274529E-04  7.91052523541E-05 -3.48614136002E-05  1.09140077588E-05
  1.8259603E+05  8.06407385113E-04 -4.21765306159E-04  2.14806552245E-04 -9.45957374717E-05  2.96338307892E-05
  5.4034684E+04  2.25922557496E-03 -1.18897193541E-03  6.05188490281E-04 -2.66993755953E-04  8.35610106997E-05
  1.7667826E+04  6.80216886538E-03 -3.60885352152E-03  1.84622263240E-03 -8.13127152829E-04  2.54888695954E-04
  6.3477461E+03  2.14178694875E-02 -1.15276179503E-02  5.89358472448E-03 -2.60530811579E-03  8.15168448448E-04
  2.4885643E+03  6.48809235430E-02 -3.56371779611E-02  1.84049212487E-02 -8.11726114151E-03  2.54655889781E-03
  1.0520744E+03  1.68895876192E-01 -9.64158401866E-02  4.99606832259E-02 -2.21817755822E-02  6.94067805166E-03
  4.7211751E+02  3.28377007570E-01 -1.96992994742E-01  1.04401613241E-01 -4.62262742935E-02  1.45336606825E-02
  2.2192763E+02  3.82235891132E-01 -2.22605749064E-01  1.14023680778E-01 -5.09395728020E-02  1.58593664123E-02
  1.0742120E+02  1.88766754273E-01  9.73659512449E-02 -9.25154904792E-02  4.78854281299E-02 -1.50628676282E-02
  5.2969022E+01  2.10070969482E-02  5.66876792156E-01 -4.87136505767E-01  2.38492521717E-01 -7.68510697979E-02
  2.6715273E+01  1.11074241889E-03  4.04722996186E-01 -2.15695140911E-01  9.49796640993E-02 -2.80557340579E-02
  1.2615512E+01 -6.89130205276E-04  5.90726742370E-02  6.35545063220E-01 -4.82135493014E-01  1.62268808829E-01
  6.1868622E+00  2.88799947495E-04 -1.77550628951E-03  5.46728424757E-01 -3.69565783679E-01  1.30308452373E-01
  2.5347171E+00 -1.26645617310E-04  7.76151891321E-04  5.86537870901E-02  6.66724708411E-01 -3.28001919441E-01
  1.1183934E+00  5.84330710544E-05 -3.60582701173E-04 -4.53826530479E-03  5.67870253845E-01 -2.36346747757E-01
  3.1726392E-01 -1.56655346612E-05  8.64143310904E-05  1.01708986473E-03  4.00868382057E-02  6.05434745124E-01
  1.0310242E-01  5.09238562750E-06 -2.68282891379E-05 -3.58983729012E-04 -3.98397501728E-03  5.70626740043E-01
  At  p 
  1.1183934E+00  9.99962785136E-01
  At  p 
  1.0310242E-01  9.99996568600E-01
  At  d 
  1.0478646E+04  3.84696550765E-04 -2.06886171014E-04  7.85604831161E-05
  2.6925664E+03  3.15209564598E-03 -1.70834605108E-03  6.54292475387E-04
  9.5264445E+02  1.80874728072E-02 -9.85653073418E-03  3.75283352941E-03
  3.9534229E+02  7.33523122449E-02 -4.06928018034E-02  1.56577786572E-02
  1.8032916E+02  2.07310086825E-01 -1.16816542026E-01  4.47428320167E-02
  8.7003427E+01  3.74698639978E-01 -2.08148029968E-01  8.04281542581E-02
  4.3531517E+01  3.69358141367E-01 -1.40662569600E-01  4.55437199366E-02
  2.1852445E+01  1.49481724656E-01  2.39626448611E-01 -1.22806388991E-01
  1.0846574E+01  1.55111946748E-02  5.34453361180E-01 -2.68975682003E-01
  5.3410686E+00  1.07174193058E-03  3.28409407618E-01 -5.02800984830E-02
  2.4330765E+00 -2.47125371276E-04  4.99522142787E-02  4.49114306979E-01
  1.0707747E+00  1.42108017748E-04 -1.20228479554E-03  5.36098377290E-01
  4.2066819E-01 -9.12877297401E-05  9.49921358879E-04  1.75865122010E-01
  2.5699282E-01  4.76100285733E-05 -5.12021620358E-04  4.54494796706E-03
  At  d 
  1.0707747E+00  9.99950121002E-01
  At  d 
  4.2066819E-01  9.99980401103E-01
  At  d 
  2.5699282E-01  9.99988026223E-01
  At  f 
  6.1490293E+02  1.66823120301E-03
  2.0841720E+02  1.45775978123E-02
  8.7984805E+01  6.66256264308E-02
  4.0700851E+01  1.90009831180E-01
  1.9726322E+01  3.38957497971E-01
  9.5953321E+00  3.84279920443E-01
  4.5544477E+00  2.48739931171E-01
  1.9765264E+00  6.33882499666E-02
  At  f 
  1.9765264E+00  9.99881667742E-01
  At  f 
  8.7819427E-01  9.99947404547E-01
end
basis "Rn_dyall_relpcpvdz_fi_sf_lc" SPHERICAL
  Rn  s 
  5.6847660E+07  3.19538860589E-04 -1.28438310642E-04  6.21851667401E-05  3.17511027687E-05 -1.49094088539E-05 -5.75378388207E-06
  1.4679406E+07  7.71494345992E-04 -3.11474267018E-04  1.50934907101E-04  7.70790700552E-05 -3.62054260752E-05 -1.39787445451E-05
  4.7491256E+06  1.60718439682E-03 -6.52198924533E-04  3.16240341383E-04  1.61545893298E-04 -7.58512183269E-05 -2.92663905860E-05
  1.6678766E+06  3.14572077190E-03 -1.28716225168E-03  6.25209422958E-04  3.19404984007E-04 -1.50080551015E-04 -5.79563600916E-05
  6.2517053E+05  6.13634618272E-03 -2.53697937779E-03  1.23369420498E-03  6.30828081072E-04 -2.96200054012E-04 -1.14282899604E-04
  2.4468143E+05  1.19309184361E-02 -5.00409341332E-03  2.44100943345E-03  1.24794321277E-03 -5.86615784844E-04 -2.26534684589E-04
  9.9616040E+04  2.33458162827E-02 -9.96124895031E-03  4.86763074699E-03  2.49307741700E-03 -1.17081603932E-03 -4.51830810299E-04
  4.1959535E+04  4.56450252499E-02 -1.99325040033E-02  9.79195745561E-03  5.01181089987E-03 -2.35729945213E-03 -9.10210246043E-04
  1.8241735E+04  8.76352145673E-02 -3.94641134236E-02  1.94527172533E-02  9.99278231927E-03 -4.69448201236E-03 -1.81237325969E-03
  8.1632227E+03  1.58486536754E-01 -7.51266287868E-02  3.74788950045E-02  1.92350297565E-02 -9.05920471468E-03 -3.49753401721E-03
  3.7522497E+03  2.49895668609E-01 -1.28820382374E-01  6.50520837838E-02  3.36848784969E-02 -1.58404474288E-02 -6.12027429620E-03
  1.7679903E+03  2.95342528358E-01 -1.73543882259E-01  9.05737095832E-02  4.68257560349E-02 -2.21496572838E-02 -8.54977124393E-03
  8.5097957E+02  2.01380470989E-01 -9.84805546370E-02  4.71389985635E-02  2.46806412154E-02 -1.14548092966E-02 -4.44290090991E-03
  4.0411811E+02  4.76522967789E-02  2.41906433408E-01 -1.89602370193E-01 -1.11214868006E-01  5.35811301740E-02  2.08818343558E-02
  2.0390712E+02 -1.18405316143E-03  5.45131384312E-01 -5.48523844637E-01 -3.32882912419E-01  1.64833705946E-01  6.41336085387E-02
  1.0535432E+02  1.41147661650E-03  3.27243475925E-01 -3.28940602700E-01 -2.26246088255E-01  1.12952206778E-01  4.46048539129E-02
  5.1722745E+01 -8.63756545469E-04  4.15675123942E-02  6.58492842108E-01  7.18584549832E-01 -4.06179119544E-01 -1.63961527617E-01
  2.7337532E+01  4.80358226279E-04 -2.53677655614E-03  6.66042029762E-01  8.72571217714E-01 -5.40359929821E-01 -2.20396240728E-01
  1.2628208E+01 -2.53659851233E-04  9.10822723993E-04  9.37008175504E-02 -6.70078704053E-01  6.26528186645E-01  2.76192998283E-01
  6.6353468E+00  1.38003662724E-04 -5.47841991298E-04 -7.93512356202E-03 -8.61539433374E-01  1.05240107960E+00  5.20088408631E-01
  2.5655390E+00 -5.69916992622E-05  2.10491739012E-04  2.54467835272E-03 -7.77415479332E-02 -7.88375263970E-01 -5.88851365810E-01
  1.2947508E+00  2.68567935117E-05 -8.99670256590E-05 -1.22897786080E-03  1.20140224444E-02 -7.58118676168E-01 -6.55683949702E-01
  3.7027959E-01 -6.79547176457E-06  2.29485233036E-05  2.82647099997E-04 -2.25912598429E-03 -3.36119684736E-02  8.38633244600E-01
  1.4437317E-01  2.30596179082E-06 -7.99282676820E-06 -9.12607883764E-05  7.47159879836E-04  5.22020424937E-03  5.27893648729E-01
  Rn  s 
  1.2947508E+00  9.99974148459E-01
  Rn  s 
  1.4437317E-01  9.99997117020E-01
  Rn  p 
  1.7282412E+07  3.32192111403E-05 -1.73319578868E-05  8.84286429235E-06 -3.95545331054E-06  1.28793036339E-06
  3.1564173E+06  1.08573022924E-04 -5.66734808246E-05  2.89303093815E-05 -1.29373345938E-05  4.21340285093E-06
  7.2528272E+05  3.02174326298E-04 -1.57981705476E-04  8.06183262572E-05 -3.60729145230E-05  1.17441024407E-05
  1.9241250E+05  8.11304120932E-04 -4.25234237980E-04  2.17404974395E-04 -9.72085115552E-05  3.16686150757E-05
  5.7089883E+04  2.25255198575E-03 -1.18802505544E-03  6.07034435329E-04 -2.71912819625E-04  8.84971945372E-05
  1.8676502E+04  6.71465667931E-03 -3.56969067055E-03  1.83319507087E-03 -8.19783706397E-04  2.67245988396E-04
  6.7019044E+03  2.09832312526E-02 -1.13176862975E-02  5.80848377140E-03 -2.60709755153E-03  8.48279470090E-04
  2.6216916E+03  6.34059566194E-02 -3.48840731484E-02  1.80842955218E-02 -8.09830149393E-03  2.64226742041E-03
  1.1057445E+03  1.65529060032E-01 -9.46125995240E-02  4.92056189620E-02 -2.21818317303E-02  7.21770182938E-03
  4.9517941E+02  3.24606955674E-01 -1.94785935232E-01  1.03592309282E-01 -4.65730193318E-02  1.52298320536E-02
  2.3240436E+02  3.83834205935E-01 -2.25111681821E-01  1.16007017476E-01 -5.26360908037E-02  1.70428988421E-02
  1.1245943E+02  1.94650886647E-01  8.63345472708E-02 -8.54413709301E-02  4.52946035442E-02 -1.48208595104E-02
  5.5355725E+01  2.29510659588E-02  5.62297324934E-01 -4.85039731281E-01  2.41405903451E-01 -8.10224057580E-02
  2.7913637E+01  1.00467986222E-03  4.13841062361E-01 -2.30010152867E-01  1.04530378576E-01 -3.22907733767E-02
  1.3172835E+01 -6.31884923684E-04  6.24201080612E-02  6.29042371322E-01 -4.88047687847E-01  1.71556738520E-01
  6.4826142E+00  2.66368767432E-04 -2.08383721534E-03  5.54829422631E-01 -3.83972179713E-01  1.41877365035E-01
  2.6726335E+00 -1.20516830344E-04  9.06905577631E-04  6.14059736265E-02  6.70672998475E-01 -3.50950828097E-01
  1.1986360E+00  5.75384769720E-05 -4.21484724501E-04 -4.97756095202E-03  5.69195340984E-01 -2.47451791769E-01
  3.5258556E-01 -1.55322502190E-05  1.03099191920E-04  1.13126300857E-03  3.95537071360E-02  6.27944604942E-01
  1.1589315E-01  5.06867925185E-06 -3.30109232589E-05 -3.64308648430E-04 -4.57540671091E-03  5.56513047052E-01
  Rn  p 
  1.1986360E+00  9.99960115626E-01
  Rn  p 
  1.1589315E-01  9.99996142914E-01
  Rn  d 
  1.1152045E+04  3.69250148650E-04 -1.99821495038E-04  7.80091984492E-05
  2.8550238E+03  3.00528432329E-03 -1.63817294729E-03  6.44883557033E-04
  1.0073064E+03  1.72671254095E-02 -9.46698504278E-03  3.70570942654E-03
  4.1732411E+02  7.04747941619E-02 -3.93064269228E-02  1.55455518719E-02
  1.9017176E+02  2.01354559552E-01 -1.14157162213E-01  4.49604517301E-02
  9.1749017E+01  3.69830916824E-01 -2.07047739957E-01  8.22572072782E-02
  4.5931215E+01  3.73889377447E-01 -1.49022641909E-01  5.05688897662E-02
  2.3113258E+01  1.57266051194E-01  2.24786779150E-01 -1.20216792245E-01
  1.1504271E+01  1.75391133941E-02  5.33285614157E-01 -2.77410092087E-01
  5.6878631E+00  1.05857214700E-03  3.39550719801E-01 -6.35370517189E-02
  2.6121186E+00 -2.25421550986E-04  5.40225209335E-02  4.51343055011E-01
  1.1636518E+00  1.34639960071E-04 -1.29930688830E-03  5.40674366008E-01
  4.6165150E-01 -8.79048742742E-05  1.03600063010E-03  1.70916937049E-01
  2.8667532E-01  4.66902203545E-05 -5.73758560482E-04  4.24448850207E-03
  Rn  d 
  1.1636518E+00  9.99945795875E-01
  Rn  d 
  4.6165150E-01  9.99978491920E-01
  Rn  d 
  2.8667532E-01  9.99986643362E-01
  Rn  f 
  6.4790027E+02  1.60465509079E-03
  2.1949386E+02  1.40871142876E-02
  9.2708199E+01  6.49562663541E-02
  4.2937519E+01  1.86981923280E-01
  2.0857278E+01  3.37195052942E-01
  1.0181223E+01  3.85607518046E-01
  4.8578411E+00  2.50530538252E-01
  2.1274354E+00  6.33869156003E-02
  Rn  f 
  2.1274354E+00  9.99872639334E-01
  Rn  f 
  9.7888964E-01  9.99941375800E-01
end
