# $Id$
basis "Ga_dyall_relrcapvdz_fi_sf_fw" SPHERICAL
  Ga  s
  2.5339378E+06  2.27494264941E-04 -7.24347944377E-05  2.77404574706E-05 -6.53930970462E-06
  3.0189559E+05  8.97392237454E-04 -2.87605417662E-04  1.10275704948E-04 -2.57458382332E-05
  5.8328565E+04  3.31369377347E-03 -1.04744901715E-03  4.02489898024E-04 -9.48339515696E-05
  1.4613208E+04  1.22278385085E-02 -3.95121536318E-03  1.51144359424E-03 -3.53494273454E-04
  4.3363195E+03  4.21052820494E-02 -1.36460351664E-02  5.27558641652E-03 -1.24249145059E-03
  1.4515728E+03  1.24315996098E-01 -4.33216916964E-02  1.66397766190E-02 -3.89443927313E-03
  5.3216174E+02  2.86505953567E-01 -1.09002893928E-01  4.32459171524E-02 -1.02239565100E-02
  2.0978123E+02  4.12470443998E-01 -2.17117106319E-01  8.71579487870E-02 -2.04944545756E-02
  8.6925370E+01  2.53950515561E-01 -1.54430752650E-01  7.07361682586E-02 -1.71949096464E-02
  2.7823619E+01  2.56767013179E-02  4.90562619304E-01 -3.01347285807E-01  7.60336984282E-02
  1.1739618E+01 -5.21103110119E-03  6.23321339339E-01 -5.18365459618E-01  1.34114528718E-01
  3.3959518E+00  1.67963605820E-03  6.70534120578E-02  5.90508645639E-01 -1.89623169512E-01
  1.3690033E+00 -7.58386191666E-04 -1.14505605033E-02  6.68945390930E-01 -3.56099241476E-01
  2.0161929E-01  1.84257710835E-04  2.58217310428E-03  2.75575903867E-02  6.26002167045E-01
  7.3544566E-02 -8.56920900572E-05 -1.17492529399E-03 -9.12465313099E-03  5.24264329217E-01
  Ga  s
  1.3690033E+00  1.00000000000E+00
  Ga  s
  7.3544566E-02  1.00000000000E+00
  Ga  s
  2.3477550E-02  1.00000000000E+00
  Ga  p
  5.1226521E+03  1.18657092355E-03 -4.51599645246E-04  7.47458095248E-05
  1.0412557E+03  9.64049485772E-03 -3.70089980018E-03  6.04877254925E-04
  3.1099341E+02  5.08162631321E-02 -1.98562092185E-02  3.29624947236E-03
  1.1152002E+02  1.79246079159E-01 -7.29374182437E-02  1.19683724998E-02
  4.4242428E+01  3.90752005854E-01 -1.69239037451E-01  2.85796000056E-02
  1.8549857E+01  4.24065835810E-01 -1.83886336569E-01  2.94710764079E-02
  7.6945833E+00  1.33453465053E-01  1.76214051341E-01 -3.29480683634E-02
  3.1465846E+00  1.79576756380E-03  5.88718373771E-01 -1.25798764353E-01
  1.1994069E+00  2.11678457296E-03  3.80674218869E-01 -6.62038502897E-02
  2.3982093E-01 -3.18940614289E-04  2.22990020327E-02  4.25167919544E-01
  6.5156257E-02  1.15593600103E-04 -4.18821254420E-03  6.98336228191E-01
  Ga  p
  1.1994069E+00  1.00000000000E+00
  Ga  p
  6.5156257E-02  1.00000000000E+00
  Ga  p
  1.4296794E-02  1.00000000000E+00
  Ga  d
  1.0527765E+02  1.14587119628E-02
  3.0546613E+01  7.31433048691E-02
  1.0887423E+01  2.34528317682E-01
  4.1460714E+00  4.02196018656E-01
  1.5253821E+00  4.11725060171E-01
  5.0539708E-01  1.98366931852E-01
  1.9138954E-01  1.38580456877E-02
  Ga  d
  5.0539708E-01  1.00000000000E+00
  Ga  d
  1.9138954E-01  1.00000000000E+00
  Ga  d
  5.2395868E-02  1.00000000000E+00
end
basis "Ge_dyall_relrcapvdz_fi_sf_fw" SPHERICAL
  Ge  s
  2.8175173E+06  2.34447333015E-04 -7.50878477622E-05  2.90406641474E-05 -7.53908251435E-06
  3.3473037E+05  9.15262431847E-04 -2.94977565039E-04  1.14362068080E-04 -2.94104963818E-05
  6.4402606E+04  3.31956399368E-03 -1.05608026248E-03  4.09782946540E-04 -1.06327338500E-04
  1.6069168E+04  1.20767415272E-02 -3.92266566913E-03  1.51741249717E-03 -3.90941326750E-04
  4.7513554E+03  4.13518912682E-02 -1.34722484762E-02  5.25961239792E-03 -1.36391723527E-03
  1.5856341E+03  1.22178978502E-01 -4.27370422118E-02  1.65991951341E-02 -4.28106086986E-03
  5.7974908E+02  2.83137476204E-01 -1.07996463640E-01  4.32430993799E-02 -1.12510989605E-02
  2.2793794E+02  4.12759730729E-01 -2.16620516417E-01  8.79915842234E-02 -2.28271889344E-02
  9.4165431E+01  2.59457541613E-01 -1.59123920704E-01  7.31665906966E-02 -1.95172754063E-02
  3.0123898E+01  2.70364901543E-02  4.83619204958E-01 -2.99812084864E-01  8.32920875917E-02
  1.2748988E+01 -5.62822176644E-03  6.27885096091E-01 -5.29187356275E-01  1.52157665435E-01
  3.7562490E+00  1.88983255741E-03  7.09678118916E-02  5.67821718192E-01 -2.04362564923E-01
  1.5461753E+00 -8.76500270966E-04 -1.23498577442E-02  6.90814535451E-01 -4.05705628161E-01
  2.5478689E-01  2.25305473221E-04  2.88135851415E-03  3.14144849647E-02  6.51986811758E-01
  9.4605272E-02 -1.02172331741E-04 -1.28117756604E-03 -9.64542984464E-03  5.19646480685E-01
  Ge  s
  1.5461753E+00  1.00000000000E+00
  Ge  s
  9.4605272E-02  1.00000000000E+00
  Ge  s
  3.2435410E-02  1.00000000000E+00
  Ge  p
  5.8318413E+03  1.12212757441E-03 -4.33189068393E-04  8.55812631844E-05
  1.1709342E+03  9.06256154910E-03 -3.53402162002E-03  6.86969320272E-04
  3.4765990E+02  4.81364043628E-02 -1.90670006561E-02  3.77874455472E-03
  1.2427841E+02  1.72094217302E-01 -7.10759816798E-02  1.38705227237E-02
  4.9266501E+01  3.82986290263E-01 -1.67865369265E-01  3.39080535569E-02
  2.0682780E+01  4.29275817145E-01 -1.91653408435E-01  3.64326118349E-02
  8.6697716E+00  1.44508239192E-01  1.56907109381E-01 -3.46207782326E-02
  3.5576107E+00  3.49004739355E-03  5.87678017285E-01 -1.54149764533E-01
  1.3783228E+00  2.02615936269E-03  3.93922797913E-01 -7.84586761535E-02
  2.9396632E-01 -3.27627789036E-04  2.41819932857E-02  4.89176567412E-01
  8.4171224E-02  1.17649211775E-04 -4.32562642323E-03  6.38460054709E-01
  Ge  p
  1.3783228E+00  1.00000000000E+00
  Ge  p
  8.4171224E-02  1.00000000000E+00
  Ge  p
  2.1751938E-02  1.00000000000E+00
  Ge  d
  1.2138547E+02  1.05680495976E-02
  3.5349248E+01  6.90274735833E-02
  1.2678712E+01  2.27333669432E-01
  4.8868358E+00  4.01939503235E-01
  1.8375790E+00  4.16609777369E-01
  6.3009513E-01  1.90982285736E-01
  2.4355143E-01  1.14797575420E-02
  Ge  d
  6.3009513E-01  1.00000000000E+00
  Ge  d
  2.4355143E-01  1.00000000000E+00
  Ge  d
  7.4917623E-02  1.00000000000E+00
end
basis "As_dyall_relrcapvdz_fi_sf_fw" SPHERICAL
  As  s
  3.1243334E+06  2.41598831471E-04 -7.78139061344E-05  3.03974208266E-05 -8.47642626535E-06
  3.7008937E+05  9.34276462281E-04 -3.02728519121E-04  1.18664679498E-04 -3.27898223289E-05
  7.0907383E+04  3.33195443395E-03 -1.06668859968E-03  4.18020333053E-04 -1.16508420896E-04
  1.7619521E+04  1.19518510676E-02 -3.90186481352E-03  1.52629835927E-03 -4.22518381184E-04
  5.1909618E+03  4.06780342302E-02 -1.33211362938E-02  5.25254768111E-03 -1.46292258343E-03
  1.7269528E+03  1.20228994082E-01 -4.22110411723E-02  1.65778681468E-02 -4.59542419785E-03
  6.2969403E+02  2.80018788430E-01 -1.07086578411E-01  4.32854352605E-02 -1.20905337468E-02
  2.4691683E+02  4.12952337985E-01 -2.16154793867E-01  8.88297692798E-02 -2.47951149234E-02
  1.0170796E+02  2.64566862990E-01 -1.63414145903E-01  7.55213314787E-02 -2.15743917569E-02
  3.2528466E+01  2.83611780099E-02  4.76885689151E-01 -2.98523916733E-01  8.90705296849E-02
  1.3807231E+01 -6.03913707123E-03  6.32175904827E-01 -5.39802021972E-01  1.68152676922E-01
  4.1370645E+00  2.10310152635E-03  7.47934197540E-02  5.47547741242E-01 -2.15460252735E-01
  1.7359875E+00 -9.97833621322E-04 -1.32097892144E-02  7.10466117734E-01 -4.48294206300E-01
  3.1149420E-01  2.65976915057E-04  3.12775537256E-03  3.50737562011E-02  6.68217246262E-01
  1.1697081E-01 -1.17675325187E-04 -1.36126377237E-03 -1.00223383399E-02  5.22498258041E-01
  As  s
  1.7359875E+00  1.00000000000E+00
  As  s
  1.1697081E-01  1.00000000000E+00
  As  s
  4.0876142E-02  1.00000000000E+00
  As  p
  6.6086638E+03  1.06736497891E-03 -4.17918463401E-04  9.31206847628E-05
  1.3107309E+03  8.55836582572E-03 -3.38917847671E-03  7.42367925176E-04
  3.8681121E+02  4.57681809527E-02 -1.83777251274E-02  4.10822247972E-03
  1.3781978E+02  1.65660931981E-01 -6.94260149045E-02  1.52711114018E-02
  5.4579618E+01  3.75697539712E-01 -1.66694392657E-01  3.80075565151E-02
  2.2935656E+01  4.33543617908E-01 -1.98587331167E-01  4.26568798123E-02
  9.6959046E+00  1.54918240791E-01  1.40012997708E-01 -3.50680051466E-02
  3.9922459E+00  5.20303482316E-03  5.86083103776E-01 -1.76434281453E-01
  1.5721764E+00  1.93166838235E-03  4.04981112165E-01 -9.10564419572E-02
  3.5909732E-01 -3.31449719578E-04  2.63094774554E-02  5.21463505680E-01
  1.0528574E-01  1.14160280268E-04 -4.24094287114E-03  6.10536826671E-01
  As  p
  1.5721764E+00  1.00000000000E+00
  As  p
  1.0528574E-01  1.00000000000E+00
  As  p
  2.8566617E-02  1.00000000000E+00
  As  d
  1.3796566E+02  9.89905926232E-03
  4.0280939E+01  6.59100269413E-02
  1.4521035E+01  2.21818652019E-01
  5.6501102E+00  4.01933206370E-01
  2.1613585E+00  4.20401931636E-01
  7.6004375E-01  1.84750115310E-01
  3.0271319E-01  9.88988343872E-03
  As  d
  7.6004375E-01  1.00000000000E+00
  As  d
  3.0271319E-01  1.00000000000E+00
  As  d
  1.0085234E-01  1.00000000000E+00
end
basis "Se_dyall_relrcapvdz_fi_sf_fw" SPHERICAL
  Se  s
  3.4418289E+06  2.49386149628E-04 -8.07560699431E-05  3.18609964088E-05 -9.39657118491E-06
  4.0706814E+05  9.55740196720E-04 -3.11293574782E-04  1.23333149648E-04 -3.60552401969E-05
  7.7724485E+04  3.35457428897E-03 -1.08051014772E-03  4.27614124929E-04 -1.26055456918E-04
  1.9242613E+04  1.18638378960E-02 -3.89257662546E-03  1.53932372139E-03 -4.50810268339E-04
  5.6502473E+03  4.01108979155E-02 -1.32025913684E-02  5.25728631842E-03 -1.54855188991E-03
  1.8742536E+03  1.18518236957E-01 -4.17658314145E-02  1.65815808912E-02 -4.86407206556E-03
  6.8163116E+02  2.77208083670E-01 -1.06306186966E-01  4.33766723881E-02 -1.28085526508E-02
  2.6660898E+02  4.13024597064E-01 -2.15741347098E-01  8.96645800110E-02 -2.65104697623E-02
  1.0952284E+02  2.69168384414E-01 -1.67232166976E-01  7.77417234637E-02 -2.34310996616E-02
  3.5034690E+01  2.96218613869E-02  4.70487967924E-01 -2.97480907654E-01  9.38690325788E-02
  1.4913074E+01 -6.43284638262E-03  6.36125287803E-01 -5.50023572159E-01  1.82649549641E-01
  4.5376170E+00  2.31384816967E-03  7.84818895542E-02  5.29517942419E-01 -2.24238333788E-01
  1.9376206E+00 -1.11931109408E-03 -1.40236360074E-02  7.28042987734E-01 -4.85732512820E-01
  3.7182040E-01  3.05733226005E-04  3.33322412015E-03  3.85460393256E-02  6.79828883661E-01
  1.4072142E-01 -1.32165400243E-04 -1.42328137702E-03 -1.02950435830E-02  5.28017710450E-01
  Se  s
  1.9376206E+00  1.00000000000E+00
  Se  s
  1.4072142E-01  1.00000000000E+00
  Se  s
  4.9278383E-02  1.00000000000E+00
  Se  p
  7.4146984E+03  1.02845360640E-03 -4.08314069897E-04  9.94221205022E-05
  1.4535510E+03  8.17989769246E-03 -3.28739992849E-03  7.86499634609E-04
  4.2640806E+02  4.39796690163E-02 -1.79004282230E-02  4.37319153179E-03
  1.5142274E+02  1.60808418336E-01 -6.83540964155E-02  1.64273965705E-02
  5.9888667E+01  3.70190211442E-01 -1.66359576737E-01  4.14784527704E-02
  2.5177368E+01  4.36607067694E-01 -2.04231902096E-01  4.80349862004E-02
  1.0701263E+01  1.62844515691E-01  1.28624296165E-01 -3.55257236018E-02
  4.4231956E+00  6.51649800369E-03  5.85324028165E-01 -1.95673470779E-01
  1.7702028E+00  1.86848660876E-03  4.10974519011E-01 -1.00628903145E-01
  4.2839630E-01 -3.40797649321E-04  2.79130733992E-02  5.43973199254E-01
  1.2754023E-01  1.11126281222E-04 -4.00480501216E-03  5.92181866092E-01
  Se  p
  1.7702028E+00  1.00000000000E+00
  Se  p
  1.2754023E-01  1.00000000000E+00
  Se  p
  3.5265773E-02  1.00000000000E+00
  Se  d
  1.5513405E+02  9.37204222410E-03
  4.5376266E+01  6.34312648529E-02
  1.6426797E+01  2.17397932550E-01
  6.4410698E+00  4.02055677884E-01
  2.4987276E+00  4.23432494590E-01
  8.9598920E-01  1.79516856703E-01
  3.6572097E-01  8.76528518535E-03
  Se  d
  8.9598920E-01  1.00000000000E+00
  Se  d
  3.6572097E-01  1.00000000000E+00
  Se  d
  1.2830440E-01  1.00000000000E+00
end
basis "Br_dyall_relrcapvdz_fi_sf_fw" SPHERICAL
  Br  s
  3.7895813E+06  2.57184147936E-04 -8.37156019308E-05  3.33491162413E-05 -1.02928496209E-05
  4.4717799E+05  9.77550627951E-04 -3.19999163392E-04  1.28091612281E-04 -3.91997621589E-05
  8.5061721E+04  3.38033735963E-03 -1.09531592992E-03  4.37637585412E-04 -1.35017555216E-04
  2.0977397E+04  1.17900486935E-02 -3.88748894335E-03  1.55352319109E-03 -4.76246051788E-04
  6.1380826E+03  3.95879673702E-02 -1.30961213462E-02  5.26509558579E-03 -1.62297263663E-03
  2.0298456E+03  1.16913299185E-01 -4.13521238394E-02  1.65895098463E-02 -5.09523332029E-03
  7.3621983E+02  2.74544698458E-01 -1.05575665422E-01  4.34768178896E-02 -1.34302552672E-02
  2.8721282E+02  4.13046642211E-01 -2.15342919629E-01  9.04691828062E-02 -2.80297371499E-02
  1.1766792E+02  2.73544633297E-01 -1.70794304540E-01  7.98920739351E-02 -2.51481785614E-02
  3.7649015E+01  3.08667372677E-02  4.64286514173E-01 -2.96514230129E-01  9.79169160858E-02
  1.6068678E+01 -6.82373949959E-03  6.39873755301E-01 -5.59875456311E-01  1.95983402434E-01
  4.9578277E+00  2.52658475676E-03  8.20536978528E-02  5.13354127197E-01 -2.31379550827E-01
  2.1507746E+00 -1.24272478627E-03 -1.48012574313E-02  7.43859321993E-01 -5.19118694344E-01
  4.3577719E-01  3.45204753502E-04  3.50817086493E-03  4.18454907271E-02  6.88933445721E-01
  1.6587169E-01 -1.46059704603E-04 -1.47317479640E-03 -1.04917426811E-02  5.34352983247E-01
  Br  s
  2.1507746E+00  1.00000000000E+00
  Br  s
  1.6587169E-01  1.00000000000E+00
  Br  s
  5.7784523E-02  1.00000000000E+00
  Br  p
  8.2263682E+03  1.00503463767E-03 -4.04434083519E-04  1.05494708235E-04
  1.5952921E+03  7.92519842436E-03 -3.22977313937E-03  8.27534892252E-04
  4.6530995E+02  4.27774917711E-02 -1.76447547449E-02  4.61831161390E-03
  1.6469220E+02  1.57637069793E-01 -6.79264273582E-02  1.74883920935E-02
  6.5035208E+01  3.66808780551E-01 -1.67028744931E-01  4.46429236554E-02
  2.7337365E+01  4.38708703160E-01 -2.08724039806E-01  5.26628142269E-02
  1.1649478E+01  1.67784023854E-01  1.23137374238E-01 -3.67915425491E-02
  4.8374515E+00  7.22147236301E-03  5.86028149369E-01 -2.13228353049E-01
  1.9673705E+00  1.86574889059E-03  4.11460263528E-01 -1.06440069554E-01
  5.0065031E-01 -3.65993912995E-04  2.88340174636E-02  5.61905228737E-01
  1.5075992E-01  1.12343832754E-04 -3.63576214898E-03  5.77916685327E-01
  Br  p
  1.9673705E+00  1.00000000000E+00
  Br  p
  1.5075992E-01  1.00000000000E+00
  Br  p
  4.1995292E-02  1.00000000000E+00
  Br  d
  1.7296284E+02  8.94283019803E-03
  5.0656480E+01  6.13918196481E-02
  1.8403483E+01  2.13739848406E-01
  7.2628043E+00  4.02245948380E-01
  2.8508637E+00  4.25920601329E-01
  1.0383609E+00  1.75070497678E-01
  4.3215895E-01  7.92924831164E-03
  Br  d
  1.0383609E+00  1.00000000000E+00
  Br  d
  4.3215895E-01  1.00000000000E+00
  Br  d
  1.5902031E-01  1.00000000000E+00
end
basis "In_dyall_relrcapvdz_fi_sf_fw" SPHERICAL
  In  s
  3.5273853E+07  1.44157804575E-04 -4.99314326338E-05  2.19396109515E-05  9.42598515961E-06  2.62353788606E-06
  5.5955652E+06  4.42907078927E-04 -1.53786657165E-04  6.78149684547E-05  2.91403641372E-05  8.09782527868E-06
  1.2143865E+06  1.14783552934E-03 -3.98933957093E-04  1.75307962224E-04  7.53227515159E-05  2.09747056194E-05
  3.1483490E+05  2.82084496728E-03 -9.83750757257E-04  4.34818396044E-04  1.86796635466E-04  5.18985105491E-05
  9.3260917E+04  6.93494732503E-03 -2.42631072345E-03  1.06785419082E-03  4.59096004182E-04  1.27882060168E-04
  3.0645910E+04  1.75079176048E-02 -6.17470340929E-03  2.73775765063E-03  1.17567499006E-03  3.26720473169E-04
  1.0953510E+04  4.44733905474E-02 -1.59873650328E-02  7.05929415979E-03  3.04062752389E-03  8.47125163842E-04
  4.1948598E+03  1.07492762002E-01 -4.02081784908E-02  1.79897661717E-02  7.72475152912E-03  2.14652182107E-03
  1.7007703E+03  2.25844999139E-01 -9.26272881705E-02  4.16220562339E-02  1.80373152985E-02  5.03114153224E-03
  7.2264737E+02  3.55817448109E-01 -1.75521808434E-01  8.22786970386E-02  3.55423565415E-02  9.88077517516E-03
  3.1801130E+02  3.16625871588E-01 -2.13673694443E-01  1.03227050122E-01  4.58852370025E-02  1.28858907529E-02
  1.3987329E+02  9.10377320823E-02  4.47080024386E-02 -2.49377094851E-02 -1.30837499456E-02 -3.88222005068E-03
  6.5405728E+01 -1.68298011657E-03  5.62857470269E-01 -4.51407980155E-01 -2.14507350455E-01 -6.04377011321E-02
  3.0768410E+01  2.13627436139E-03  4.87679196393E-01 -4.97610036375E-01 -2.69996968048E-01 -7.89736567282E-02
  1.2042923E+01 -1.13004062731E-03  6.52890217596E-02  5.62964309850E-01  4.35207068543E-01  1.36536661209E-01
  5.9404913E+00  5.70639341856E-04 -9.78839549245E-03  7.38022901057E-01  7.86663022950E-01  2.55266654536E-01
  2.0529594E+00 -2.20683387499E-04  2.75565339705E-03  6.91536080429E-02 -7.20092062024E-01 -3.18404933990E-01
  9.1175079E-01  9.39323992423E-05 -1.19509285746E-03 -9.37671849090E-03 -6.90137064624E-01 -4.21200549554E-01
  1.6986675E-01 -2.22419733888E-05  2.62460762315E-04  1.98319442319E-03 -2.48034646158E-02  6.62427621154E-01
  6.3031726E-02  9.38214433368E-06 -1.11126754160E-04 -8.13681673184E-04  6.71311190915E-03  5.33188603377E-01
  In  s
  9.1175079E-01  1.00000000000E+00
  In  s
  6.3031726E-02  1.00000000000E+00
  In  s
  1.9569848E-02  1.00000000000E+00
  In  p
  1.5343905E+05  1.69669391608E-04 -7.76111407253E-05  3.19041125337E-05 -6.39869014870E-06
  2.3200840E+04  8.34603869817E-04 -3.82907974311E-04  1.55840614804E-04 -3.13562867206E-05
  5.5031001E+03  4.21815940681E-03 -1.95264771251E-03  8.04214967260E-04 -1.61322450703E-04
  1.6982515E+03  1.95044907758E-02 -9.11495271370E-03  3.72514306746E-03 -7.49807399884E-04
  6.1832874E+02  7.36516634945E-02 -3.53734147904E-02  1.46682335333E-02 -2.94495533263E-03
  2.5100531E+02  2.08386508941E-01 -1.04546427952E-01  4.32539987513E-02 -8.72624312582E-03
  1.0931559E+02  3.87757728715E-01 -2.09076656157E-01  8.91831595201E-02 -1.79386255910E-02
  4.9808315E+01  3.72985663042E-01 -1.79300128533E-01  7.07536763765E-02 -1.43413644023E-02
  2.2516122E+01  1.19167288232E-01  2.35688926092E-01 -1.33070490046E-01  2.84289534533E-02
  1.0496080E+01  1.69766806064E-03  6.06612765250E-01 -3.99953070312E-01  8.45227311159E-02
  4.9584017E+00  2.32410545078E-03  2.88956693640E-01 -5.03643261345E-02  6.92864553552E-03
  2.0901780E+00 -9.85600878952E-04  2.04682953432E-02  6.68686246989E-01 -1.83305177119E-01
  8.4039014E-01  2.73329762738E-04  4.22846548488E-04  4.66787712193E-01 -1.17379247638E-01
  1.8883852E-01 -7.55740019161E-05  4.55886714386E-05  2.78193737075E-02  4.38660359536E-01
  5.5054613E-02  2.62342359472E-05 -1.61326683743E-05 -4.62381766462E-03  6.91036364511E-01
  In  p
  8.4039014E-01  1.00000000000E+00
  In  p
  5.5054613E-02  1.00000000000E+00
  In  p
  1.2852814E-02  1.00000000000E+00
  In  d
  6.8982131E+02  3.54174491506E-03 -1.27478506302E-03
  2.0085350E+02  2.86747596758E-02 -1.02103491969E-02
  7.5107455E+01  1.23416055586E-01 -4.54382770752E-02
  3.1500654E+01  3.12946480772E-01 -1.13379302059E-01
  1.3826508E+01  4.44046399077E-01 -1.57432229811E-01
  6.2052383E+00  2.81653106240E-01  1.11207505475E-02
  2.5683242E+00  4.64409532980E-02  4.01116380594E-01
  1.0117775E+00 -1.28657500873E-03  5.20677833755E-01
  3.5616355E-01  8.62606370320E-04  2.36821150461E-01
  1.5088292E-01 -3.31047872339E-04  1.24975811157E-02
  In  d
  3.5616355E-01  1.00000000000E+00
  In  d
  1.5088292E-01  1.00000000000E+00
  In  d
  4.3912144E-02  1.00000000000E+00
end
basis "Sn_dyall_relrcapvdz_fi_sf_fw" SPHERICAL
  Sn  s
  3.6003685E+07  1.51857523235E-04 -5.28178535216E-05  2.33219539520E-05  1.01501819487E-05  3.05117348108E-06
  5.8067184E+06  4.62357975305E-04 -1.61185950951E-04  7.13991764932E-05  3.10936130437E-05  9.33418150064E-06
  1.2727830E+06  1.18826782041E-03 -4.14772773184E-04  1.83172948452E-04  7.97175393950E-05  2.39734986420E-05
  3.3188926E+05  2.89374089703E-03 -1.01350205990E-03  4.49968022981E-04  1.95923856236E-04  5.88064206675E-05
  9.8649286E+04  7.04017167394E-03 -2.47494574607E-03  1.09470598195E-03  4.76704372168E-04  1.43400900146E-04
  3.2477697E+04  1.75765167153E-02 -6.22747857299E-03  2.77388432361E-03  1.20730589353E-03  3.62457866826E-04
  1.1619233E+04  4.42414292440E-02 -1.59788090908E-02  7.09088464343E-03  3.09374843526E-03  9.30825358598E-04
  4.4515132E+03  1.06363594825E-01 -3.99304842663E-02  1.79486853819E-02  7.81193170416E-03  2.34533654999E-03
  1.8049709E+03  2.23253850944E-01 -9.17917997772E-02  4.14430819002E-02  1.81900793388E-02  5.47882730413E-03
  7.6692971E+02  3.53459548165E-01 -1.74011268027E-01  8.18922591025E-02  3.58610219419E-02  1.07735506612E-02
  3.3769568E+02  3.18888874003E-01 -2.14377225596E-01  1.04009670664E-01  4.67949596406E-02  1.41842953137E-02
  1.4941795E+02  9.50098194245E-02  3.59114526321E-02 -2.02824259681E-02 -1.09910328916E-02 -3.52877938286E-03
  6.9479760E+01 -8.54518690214E-04  5.57323170702E-01 -4.46742142517E-01 -2.15503129249E-01 -6.57240818914E-02
  3.2638162E+01  1.97264506263E-03  4.96388588606E-01 -5.09865778448E-01 -2.79949916755E-01 -8.84206838014E-02
  1.2803297E+01 -1.08283222832E-03  6.85517225739E-02  5.49861305455E-01  4.31978096383E-01  1.46741962222E-01
  6.3511153E+00  5.57155796666E-04 -1.05316778698E-02  7.48357604758E-01  8.10925505777E-01  2.86981217886E-01
  2.2359332E+00 -2.24326994511E-04  3.06886060800E-03  7.42355679394E-02 -6.98590155944E-01 -3.39306012345E-01
  1.0133249E+00  9.81813219503E-05 -1.35868689061E-03 -1.01546955402E-02 -7.17329397049E-01 -4.79455440262E-01
  2.0620170E-01 -2.41600930784E-05  3.10777130336E-04  2.17748878464E-03 -2.78272558609E-02  6.98643044347E-01
  7.8132498E-02  9.92117778380E-06 -1.27820419439E-04 -8.74418935155E-04  6.97172113118E-03  5.24524694021E-01
  Sn  s
  1.0133249E+00  1.00000000000E+00
  Sn  s
  7.8132498E-02  1.00000000000E+00
  Sn  s
  2.6090678E-02  1.00000000000E+00
  Sn  p
  1.7556411E+05  1.63433116902E-04 -7.51584992220E-05  3.14478251102E-05 -7.29765280439E-06
  2.6360370E+04  7.87661375584E-04 -3.63707891466E-04  1.50655514580E-04 -3.51746868002E-05
  6.1852424E+03  3.91397026179E-03 -1.82134424738E-03  7.63686357627E-04 -1.77253299233E-04
  1.8905853E+03  1.80604405904E-02 -8.49116286860E-03  3.53144062028E-03 -8.24671252472E-04
  6.8361664E+02  6.88208701213E-02 -3.31788946957E-02  1.40044961880E-02 -3.25362870990E-03
  2.7617930E+02  1.98187610832E-01 -9.98287032386E-02  4.20219502808E-02 -9.83910443439E-03
  1.1991829E+02  3.79631248015E-01 -2.04911997715E-01  8.89456421823E-02 -2.06867831848E-02
  5.4568520E+01  3.82762540782E-01 -1.91883520896E-01  7.80907241409E-02 -1.84867311520E-02
  2.4834700E+01  1.32408635051E-01  2.03387994283E-01 -1.18175727941E-01  2.98074090536E-02
  1.1594392E+01  3.78461826624E-03  6.03413627737E-01 -4.04365306205E-01  9.85770087649E-02
  5.5089234E+00  2.21641934578E-03  3.16953624807E-01 -8.62232178472E-02  1.90837036430E-02
  2.3139102E+00 -9.59357974139E-04  2.60614728022E-02  6.63111636468E-01 -2.18723690231E-01
  9.4612519E-01  2.71363344585E-04 -8.76309899556E-05  4.84465758350E-01 -1.37621262243E-01
  2.2149651E-01 -7.86529441033E-05  1.54913501514E-04  2.96491011284E-02  5.11163780585E-01
  6.8160564E-02  2.80791056275E-05 -5.91266032704E-05 -4.81585791723E-03  6.25778972603E-01
  Sn  p
  9.4612519E-01  1.00000000000E+00
  Sn  p
  6.8160564E-02  1.00000000000E+00
  Sn  p
  1.8703874E-02  1.00000000000E+00
  Sn  d
  7.5613441E+02  3.28066757614E-03 -1.23317428658E-03
  2.1973777E+02  2.67806019964E-02 -9.96657682559E-03
  8.2222517E+01  1.16905610200E-01 -4.49407636551E-02
  3.4557054E+01  3.02936494464E-01 -1.14987334071E-01
  1.5232025E+01  4.42259619091E-01 -1.64555817853E-01
  6.8776607E+00  2.93985308399E-01 -2.09826839133E-03
  2.8867910E+00  5.27450861452E-02  3.97505825040E-01
  1.1623384E+00 -1.33532710936E-03  5.28362640787E-01
  4.2174340E-01  9.89100153992E-04  2.28634284956E-01
  1.8443076E-01 -3.87774035315E-04  1.05718636029E-02
  Sn  d
  4.2174340E-01  1.00000000000E+00
  Sn  d
  1.8443076E-01  1.00000000000E+00
  Sn  d
  6.0682311E-02  1.00000000000E+00
end
basis "Sb_dyall_relrcapvdz_fi_sf_fw" SPHERICAL
  Sb  s
  3.7139322E+07  1.59111676934E-04 -5.55710610553E-05  2.46533229891E-05  1.08641911526E-05  3.45888373841E-06
  6.0704746E+06  4.80562793717E-04 -1.68204403080E-04  7.48317303890E-05  3.30100471384E-05  1.04982199855E-05
  1.3412241E+06  1.22575104823E-03 -4.29692531676E-04  1.90665043402E-04  8.40115403399E-05  2.67566775949E-05
  3.5130597E+05  2.95985981633E-03 -1.04106926691E-03  4.64186668403E-04  2.04745181411E-04  6.51085930959E-05
  1.0467895E+05  7.13006632394E-03 -2.51843931106E-03  1.11928471442E-03  4.93468222900E-04  1.57205121030E-04
  3.4502938E+04  1.76110025123E-02 -6.26819869804E-03  2.80435571984E-03  1.23643601177E-03  3.93273121775E-04
  1.2348351E+04  4.39386106923E-02 -1.59431763230E-02  7.10911114412E-03  3.14042103005E-03  1.00064912580E-03
  4.7303981E+03  1.05107010139E-01 -3.95981404560E-02  1.78785858257E-02  7.88312413497E-03  2.50768074147E-03
  1.9174365E+03  2.20494592855E-01 -9.08645762921E-02  4.12101520577E-02  1.83115329970E-02  5.84043024814E-03
  8.1445573E+02  3.51003943187E-01 -1.72401272511E-01  8.14342772076E-02  3.61291933105E-02  1.15031253908E-02
  3.5873859E+02  3.21303970869E-01 -2.15068770694E-01  1.04759594201E-01  4.76881453502E-02  1.52994986715E-02
  1.5959530E+02  9.93189647319E-02  2.70299847738E-02 -1.55520872026E-02 -8.82398491823E-03 -3.00692326510E-03
  7.3751405E+01  4.77776458737E-05  5.51560226381E-01 -4.41851126568E-01 -2.16200488507E-01 -6.99924534461E-02
  3.4589058E+01  1.79331924459E-03  5.05050221574E-01 -5.21803206265E-01 -2.89887711086E-01 -9.69405730324E-02
  1.3594156E+01 -1.02573918429E-03  7.18906844808E-02  5.36607632821E-01  4.28420068264E-01  1.54422929221E-01
  6.7788357E+00  5.36362172981E-04 -1.12933248749E-02  7.58554445357E-01  8.34631701120E-01  3.15809371871E-01
  2.4248870E+00 -2.24045328866E-04  3.39217294411E-03  7.92947691920E-02 -6.79619929289E-01 -3.55687516582E-01
  1.1196249E+00  1.00444456052E-04 -1.52856532705E-03 -1.09504808677E-02 -7.41697113452E-01 -5.30462944333E-01
  2.4392169E-01 -2.53165092642E-05  3.58802152137E-04  2.34406793817E-03 -3.06944063287E-02  7.24378033042E-01
  9.3738580E-02  1.01224524177E-05 -1.43418866244E-04 -9.23831073425E-04  7.13996339505E-03  5.23491424129E-01
  Sb  s
  1.1196249E+00  1.00000000000E+00
  Sb  s
  9.3738580E-02  1.00000000000E+00
  Sb  s
  3.1954356E-02  1.00000000000E+00
  Sb  p
  2.0066627E+05  1.57522955077E-04 -7.28117787151E-05  3.09816622649E-05 -7.95746831111E-06
  2.9934203E+04  7.44706513450E-04 -3.46014335550E-04  1.45764793908E-04 -3.76909074191E-05
  6.9502806E+03  3.63677210062E-03 -1.70083038496E-03  7.25373447255E-04 -1.86340989719E-04
  2.1039777E+03  1.67283135927E-02 -7.91090873235E-03  3.34561774737E-03 -8.65244933384E-04
  7.5541099E+02  6.42776250036E-02 -3.11012182841E-02  1.33505211364E-02 -3.43318577604E-03
  3.0367606E+02  1.88260831293E-01 -9.51902531608E-02  4.07366802100E-02 -1.05641317729E-02
  1.3145302E+02  3.70849160283E-01 -2.00331414798E-01  8.83996180382E-02 -2.27593471977E-02
  5.9741391E+01  3.91304213661E-01 -2.03006464210E-01  8.49215079135E-02 -2.22852114030E-02
  2.7362415E+01  1.46344650597E-01  1.71582097243E-01 -1.03064644420E-01  2.91234179121E-02
  1.2773639E+01  6.44972879354E-03  5.98067783735E-01 -4.06815615570E-01  1.10044612569E-01
  6.0915680E+00  2.02283648450E-03  3.44703228416E-01 -1.21435062073E-01  3.17996776774E-02
  2.5522684E+00 -9.03684999549E-04  3.20889205658E-02  6.55057532282E-01 -2.44819933763E-01
  1.0618502E+00  2.60458344620E-04 -6.61937430745E-04  5.02139480800E-01 -1.59971820733E-01
  2.6284350E-01 -7.92706364029E-05  2.86804775909E-04  3.23798887029E-02  5.47037452337E-01
  8.2855312E-02  2.82566740249E-05 -1.09772877816E-04 -4.78191586121E-03  5.97889990898E-01
  Sb  p
  1.0618502E+00  1.00000000000E+00
  Sb  p
  8.2855312E-02  1.00000000000E+00
  Sb  p
  2.3905405E-02  1.00000000000E+00
  Sb  d
  8.2274435E+02  3.07773285651E-03 -1.20128042209E-03
  2.3862421E+02  2.52881814349E-02 -9.77993497461E-03
  8.9320021E+01  1.11719648887E-01 -4.45905010820E-02
  3.7599814E+01  2.94768182872E-01 -1.16499427540E-01
  1.6630446E+01  4.40473618469E-01 -1.70837097370E-01
  7.5470265E+00  3.03668962376E-01 -1.29345986464E-02
  3.2057523E+00  5.81345641984E-02  3.95256147064E-01
  1.3141999E+00 -1.31288276816E-03  5.34708669544E-01
  4.8770339E-01  1.08740559823E-03  2.21251884988E-01
  2.2123480E-01 -4.39563089724E-04  9.22134402965E-03
  Sb  d
  4.8770339E-01  1.00000000000E+00
  Sb  d
  2.2123480E-01  1.00000000000E+00
  Sb  d
  7.9478182E-02  1.00000000000E+00
end
basis "Te_dyall_relrcapvdz_fi_sf_fw" SPHERICAL
  Te  s
  3.7317280E+07  1.68688965414E-04 -5.91602449120E-05  2.63638203870E-05  1.17575926986E-05  3.91685639843E-06
  6.2149644E+06  5.04598326685E-04 -1.77336252068E-04  7.92270436566E-05  3.53787412540E-05  1.17764345275E-05
  1.3893377E+06  1.27581961771E-03 -4.49149769826E-04  2.00203854893E-04  8.92691509539E-05  2.97471009410E-05
  3.6654660E+05  3.05297063496E-03 -1.07845686627E-03  4.82860225074E-04  2.15614248649E-04  7.17673974321E-05
  1.0972341E+05  7.28088335031E-03 -2.58383677063E-03  1.15361625005E-03  5.14677515603E-04  1.71545973978E-04
  3.6268603E+04  1.77892320585E-02 -6.36157797644E-03  2.85832116064E-03  1.27581206429E-03  4.24750584834E-04
  1.3002736E+04  4.39649139644E-02 -1.60295138562E-02  7.18081501980E-03  3.21010564032E-03  1.07017751390E-03
  4.9861643E+03  1.04506703456E-01 -3.95336138307E-02  1.79270243320E-02  8.00268754260E-03  2.66484614078E-03
  2.0223146E+03  2.18684011502E-01 -9.04003908011E-02  4.11837108121E-02  1.85179547980E-02  6.17903217343E-03
  8.5935647E+02  3.48947964283E-01 -1.71334254920E-01  8.12389751771E-02  3.64930075154E-02  1.21652913224E-02
  3.7879619E+02  3.22529692230E-01 -2.15212007318E-01  1.05257664116E-01  4.84702474688E-02  1.62612753844E-02
  1.6921220E+02  1.02433672746E-01  2.12575376810E-02 -1.26123418559E-02 -7.48605771048E-03 -2.66230498931E-03
  7.7894761E+01  7.35561953591E-04  5.46925756150E-01 -4.38683380820E-01 -2.17602703020E-01 -7.38761418605E-02
  3.6514229E+01  1.65900306940E-03  5.10940480244E-01 -5.30754403873E-01 -2.98493779404E-01 -1.04428535200E-01
  1.4397038E+01 -9.84775059327E-04  7.45814555178E-02  5.25934206249E-01  4.26902172030E-01  1.61244883469E-01
  7.2142155E+00  5.22104133887E-04 -1.18945614667E-02  7.66696629260E-01  8.56137538259E-01  3.42071752399E-01
  2.6191775E+00 -2.25200887818E-04  3.66656730584E-03  8.39232027257E-02 -6.64033362056E-01 -3.69913705633E-01
  1.2298459E+00  1.02979663285E-04 -1.67759472879E-03 -1.16586849578E-02 -7.62889265362E-01 -5.75741620350E-01
  2.8314368E-01 -2.63653895637E-05  4.00390478234E-04  2.47157359929E-03 -3.33544289909E-02  7.44880574939E-01
  1.0993922E-01  1.02731512723E-05 -1.55681896384E-04 -9.58761225737E-04  7.22219221661E-03  5.25486408403E-01
  Te  s
  1.2298459E+00  1.00000000000E+00
  Te  s
  1.0993922E-01  1.00000000000E+00
  Te  s
  3.7609302E-02  1.00000000000E+00
  Te  p
  2.2700415E+05  1.53121626823E-04 -7.11330542736E-05  3.07497040304E-05 -8.51887925671E-06
  3.3675937E+04  7.11900776996E-04 -3.32729179679E-04  1.42429028244E-04 -3.97375523208E-05
  7.7445553E+03  3.41975708398E-03 -1.60724795051E-03  6.96506297107E-04 -1.92990450194E-04
  2.3230247E+03  1.56657434177E-02 -7.45036533628E-03  3.20128987753E-03 -8.93320991822E-04
  8.2838118E+02  6.05961715428E-02 -2.94323886896E-02  1.28364459151E-02 -3.56071952177E-03
  3.3140183E+02  1.80027202133E-01 -9.13840384368E-02  3.97277275321E-02 -1.11168888103E-02
  1.4301670E+02  3.63038953046E-01 -1.96389588115E-01  8.80164801339E-02 -2.44478102666E-02
  6.4905819E+01  3.97716542408E-01 -2.11481984224E-01  9.05624450636E-02 -2.56526854306E-02
  2.9863622E+01  1.58601549659E-01  1.45863649141E-01 -9.09034798876E-02  2.80355389495E-02
  1.3926391E+01  9.09030535519E-03  5.92624737366E-01 -4.09329663889E-01  1.19779504833E-01
  6.6553399E+00  1.81070519458E-03  3.66712718740E-01 -1.49211463017E-01  4.33489989183E-02
  2.7883962E+00 -8.42163069897E-04  3.73102015266E-02  6.48567669791E-01 -2.66913747000E-01
  1.1797399E+00  2.45763649123E-04 -1.18172582458E-03  5.15153607466E-01 -1.79214719912E-01
  3.0651489E-01 -7.78176567657E-05  4.07155022187E-04  3.47881626393E-02  5.72072704310E-01
  9.8149645E-02  2.76622263904E-05 -1.56030554040E-04 -4.61856613540E-03  5.80643455988E-01
  Te  p
  1.1797399E+00  1.00000000000E+00
  Te  p
  9.8149645E-02  1.00000000000E+00
  Te  p
  2.8891834E-02  1.00000000000E+00
  Te  d
  8.9045304E+02  2.91286028207E-03 -1.17523587745E-03
  2.5774269E+02  2.40604424402E-02 -9.62575338430E-03
  9.6487271E+01  1.07412336307E-01 -4.43141575657E-02
  4.0667485E+01  2.87845323526E-01 -1.17876978983E-01
  1.8039816E+01  4.38739271737E-01 -1.76473106688E-01
  8.2221940E+00  3.11612684580E-01 -2.22006068500E-02
  3.5287484E+00  6.28609191002E-02  3.93831639703E-01
  1.4688800E+00 -1.24550697049E-03  5.40062773996E-01
  5.5474524E-01  1.15932945887E-03  2.14733224937E-01
  2.5935413E-01 -4.81984746134E-04  8.23457342291E-03
  Te  d
  5.5474524E-01  1.00000000000E+00
  Te  d
  2.5935413E-01  1.00000000000E+00
  Te  d
  1.0038750E-01  1.00000000000E+00
end
basis "I_dyall_relrcapvdz_fi_sf_fw" SPHERICAL
  I   s
  3.8827270E+07  1.75902725401E-04 -6.19454503639E-05  2.77248354612E-05  1.25056440123E-05  4.32322891459E-06
  6.5322030E+06  5.22510991342E-04 -1.84369936170E-04  8.27012389806E-05  3.73621688032E-05  1.29092954279E-05
  1.4690767E+06  1.31230688996E-03 -4.63950937162E-04  2.07706882723E-04  9.36650936869E-05  3.23872449648E-05
  3.8884228E+05  3.11640822728E-03 -1.10551508568E-03  4.96937794094E-04  2.24510849129E-04  7.75724802199E-05
  1.1658354E+05  7.36516577055E-03 -2.62589778543E-03  1.17756827565E-03  5.31311466504E-04  1.83754665352E-04
  3.8555711E+04  1.78148011719E-02 -6.39971279378E-03  2.88717872686E-03  1.30385089354E-03  4.50596782408E-04
  1.3820613E+04  4.36543014620E-02 -1.59896213834E-02  7.19479815216E-03  3.25290387353E-03  1.12527622361E-03
  5.2970277E+03  1.03256529862E-01 -3.91996164246E-02  1.78486188320E-02  8.06193259175E-03  2.78697074840E-03
  2.1469383E+03  2.15957331916E-01 -8.94745255446E-02  4.09311439953E-02  1.86115066011E-02  6.44343237208E-03
  9.1174304E+02  3.46462953712E-01 -1.69738927608E-01  8.07517194567E-02  3.67034462445E-02  1.27044652947E-02
  4.0189592E+02  3.24813473054E-01 -2.15724879686E-01  1.05882093351E-01  4.92867106197E-02  1.71486696188E-02
  1.8029330E+02  1.06901107166E-01  1.31398849900E-02 -8.28340331005E-03 -5.44072258929E-03 -2.01400724534E-03
  8.2464682E+01  1.68794842522E-03  5.41174283115E-01 -4.33956923760E-01 -2.18011566773E-01 -7.69631707911E-02
  3.8596572E+01  1.46807412442E-03  5.18730474134E-01 -5.41353870127E-01 -3.07879797818E-01 -1.11749476498E-01
  1.5243975E+01 -9.16235984060E-04  7.78329431250E-02  5.13279559846E-01  4.23289100769E-01  1.66103939323E-01
  7.6733417E+00  4.91102135153E-04 -1.26298051227E-02  7.76084961364E-01  8.78178632786E-01  3.67201425799E-01
  2.8196232E+00 -2.18594045866E-04  3.98729374768E-03  8.87674829805E-02 -6.49481882588E-01 -3.81837049506E-01
  1.3448350E+00  1.01846144885E-04 -1.84967903507E-03 -1.24687894847E-02 -7.82398445915E-01 -6.16936508625E-01
  3.2392157E-01 -2.63524090665E-05  4.46577295556E-04  2.60204978409E-03 -3.59447485389E-02  7.62049567889E-01
  1.2679223E-01  1.00174849258E-05 -1.69252589212E-04 -9.96526316994E-04  7.27702481302E-03  5.28841762027E-01
  I   s
  1.3448350E+00  1.00000000000E+00
  I   s
  1.2679223E-01  1.00000000000E+00
  I   s
  4.3232875E-02  1.00000000000E+00
  I   p
  2.5437690E+05  1.50012339272E-04 -7.00323400608E-05  3.07272757352E-05 -9.03241001788E-06
  3.7550013E+04  6.87445676100E-04 -3.23105955583E-04  1.40408115470E-04 -4.15772958028E-05
  8.5598497E+03  3.25202968812E-03 -1.53588980154E-03  6.75649118368E-04 -1.98639899481E-04
  2.5453153E+03  1.48273026528E-02 -7.09017707745E-03  3.09247670348E-03 -9.15906699287E-04
  9.0167892E+02  5.76537507054E-02 -2.81155165507E-02  1.24467732961E-02 -3.66365056514E-03
  3.5901989E+02  1.73343738159E-01 -8.83448041437E-02  3.89816283005E-02 -1.15779314822E-02
  1.5445974E+02  3.56413735726E-01 -1.93193844788E-01  8.78643246045E-02 -2.59014613444E-02
  6.9988166E+01  4.02522723796E-01 -2.17947713597E-01  9.52387329688E-02 -2.86412429028E-02
  3.2296925E+01  1.68960842122E-01  1.25746208263E-01 -8.14800072630E-02  2.69870236302E-02
  1.5039799E+01  1.14866834219E-02  5.87865378251E-01 -4.12524826746E-01  1.28451808056E-01
  7.1982764E+00  1.61316000469E-03  3.83388366899E-01 -1.70360489579E-01  5.33795732246E-02
  3.0206841E+00 -7.85537123130E-04  4.16123732573E-02  6.44412887950E-01 -2.86886627703E-01
  1.2986469E+00  2.31264778068E-04 -1.63823072882E-03  5.23790337320E-01 -1.94967975465E-01
  3.5172841E-01 -7.55343228175E-05  5.10457188977E-04  3.67653212129E-02  5.91886728015E-01
  1.1394397E-01  2.68578403944E-05 -1.96201371488E-04 -4.36577408412E-03  5.68174889539E-01
  I   p
  1.2986469E+00  1.00000000000E+00
  I   p
  1.1394397E-01  1.00000000000E+00
  I   p
  3.3808205E-02  1.00000000000E+00
  I   d
  9.5973373E+02  2.77489286290E-03 -1.15308050126E-03
  2.7722627E+02  2.30208582679E-02 -9.49196928813E-03
  1.0377420E+02  1.03733179669E-01 -4.40773236362E-02
  4.3781879E+01  2.81828042302E-01 -1.19115692090E-01
  1.9470228E+01  4.37074815929E-01 -1.81587201452E-01
  8.9080134E+00  3.18327210642E-01 -3.03414956139E-02
  3.8577521E+00  6.70775194369E-02  3.92945294411E-01
  1.6272114E+00 -1.15018567644E-03  5.44660113128E-01
  6.2325440E-01  1.21106272431E-03  2.08976403822E-01
  2.9852385E-01 -5.16265827559E-04  7.48412433500E-03
  I   d
  6.2325440E-01  1.00000000000E+00
  I   d
  2.9852385E-01  1.00000000000E+00
  I   d
  1.2325670E-01  1.00000000000E+00
end
basis "Tl_dyall_relrcapvdz_fi_sf_fw" SPHERICAL
  Tl  s
  5.8033828E+07  6.15573492235E-04 -2.45256392769E-04  1.18040195632E-04  5.94082193226E-05 -2.63198751919E-05 -8.32871916746E-06
  1.4702562E+07  1.41035417223E-03 -5.62995385741E-04  2.71109076490E-04  1.36311641336E-04 -6.04011830995E-05 -1.91069159936E-05
  4.6355575E+06  2.73689117560E-03 -1.09437232589E-03  5.26925921384E-04  2.65375392198E-04 -1.17564206472E-04 -3.72087383292E-05
  1.5852740E+06  5.02430495338E-03 -2.01846509575E-03  9.73111717984E-04  4.89150730758E-04 -2.16785977089E-04 -6.85671144050E-05
  5.7924626E+05  9.08363235510E-03 -3.67052800409E-03  1.77020280296E-03  8.92222737023E-04 -3.95268376773E-04 -1.25120361370E-04
  2.2187944E+05  1.63549825159E-02 -6.68113549310E-03  3.23129633496E-03  1.62463981057E-03 -7.20259773539E-04 -2.27781888574E-04
  8.8730780E+04  2.96965661538E-02 -1.22994889010E-02  5.95800469629E-03  3.00676429787E-03 -1.33192946680E-03 -4.21604122107E-04
  3.6848078E+04  5.45441903734E-02 -2.31031345585E-02  1.12534604552E-02  5.66574335122E-03 -2.51495212331E-03 -7.95584862416E-04
  1.5843298E+04  1.00059585922E-01 -4.37263697308E-02  2.13818005798E-02  1.08213849487E-02 -4.79427079633E-03 -1.51760788795E-03
  7.0310514E+03  1.75626133898E-01 -8.12472813647E-02  4.02200748940E-02  2.02908493095E-02 -9.01482443986E-03 -2.85185729820E-03
  3.2121888E+03  2.70385735386E-01 -1.37580516464E-01  6.91448292956E-02  3.53227201502E-02 -1.56694044535E-02 -4.96175631671E-03
  1.5070783E+03  3.09404580091E-01 -1.84668604562E-01  9.63820142957E-02  4.90620920484E-02 -2.19036680283E-02 -6.93157021923E-03
  7.2301062E+02  1.99215781610E-01 -1.03478848741E-01  5.09485427845E-02  2.66687397049E-02 -1.17091176864E-02 -3.71706653508E-03
  3.3980515E+02  4.14945955979E-02  2.56922213004E-01 -1.97395276124E-01 -1.13859854963E-01  5.15832034206E-02  1.64316641316E-02
  1.7093901E+02 -2.36138040681E-03  5.58936814917E-01 -5.64816656111E-01 -3.36709214392E-01  1.57095343367E-01  5.00685563676E-02
  8.8017323E+01  1.37643504866E-03  3.16314872523E-01 -3.12620597923E-01 -2.14956459549E-01  1.00743380688E-01  3.23995894939E-02
  4.3016225E+01 -9.21922983043E-04  3.64997149393E-02  6.89673148026E-01  7.40322573073E-01 -3.90846970333E-01 -1.28046928078E-01
  2.2609863E+01  4.62907781542E-04 -2.27426995110E-03  6.46297778245E-01  8.26940213918E-01 -4.78171832753E-01 -1.58481662926E-01
  1.0266569E+01 -2.37303998594E-04  6.96296347320E-04  8.20859108155E-02 -7.18374446683E-01  6.16182730866E-01  2.18212817098E-01
  5.2648225E+00  1.12616062985E-04 -4.20405435737E-04 -6.53962025839E-03 -8.17189476018E-01  9.17880382106E-01  3.56653516703E-01
  1.8988944E+00 -4.18723122587E-05  1.32186105749E-04  1.91051995335E-03 -6.01433640186E-02 -8.16058147758E-01 -4.57457913695E-01
  8.8461372E-01  1.75128361847E-05 -5.18662942398E-05 -8.57317009049E-04  8.94217433677E-03 -6.73499152090E-01 -4.48660803467E-01
  2.0106574E-01 -4.49487521485E-06  1.33880385870E-05  1.80478086199E-04 -1.75011302561E-03 -2.64098549713E-02  6.83005841218E-01
  7.3237091E-02  1.63761005919E-06 -5.29882373271E-06 -6.74787186270E-05  6.27532339955E-04  5.48580640647E-03  5.58196495388E-01
  Tl  s
  8.8461372E-01  1.00000000000E+00
  Tl  s
  7.3237091E-02  1.00000000000E+00
  Tl  s
  1.9127759E-02  1.00000000000E+00
  Tl  p
  1.3728265E+07  2.98826689956E-05 -1.52963890793E-05  7.62075388087E-06 -3.14676103602E-06  6.86043888923E-07
  2.3572128E+06  1.03823460699E-04 -5.32509742686E-05  2.67139175738E-05 -1.09817085504E-05  2.39282683942E-06
  5.2356678E+05  3.17313441215E-04 -1.63340193563E-04  8.14291712280E-05 -3.36497200343E-05  7.33688324316E-06
  1.3629076E+05  9.34327693351E-04 -4.83469585234E-04  2.42968393440E-04 -9.99159600019E-05  2.17720567409E-05
  4.0148089E+04  2.77913447805E-03 -1.44845647628E-03  7.24345204299E-04 -2.99485240639E-04  6.53024014640E-05
  1.3182021E+04  8.58946024522E-03 -4.52012864098E-03  2.27870961263E-03 -9.37997754426E-04  2.04423429157E-04
  4.7879862E+03  2.69648202910E-02 -1.43920270514E-02  7.24049887433E-03 -2.99743672987E-03  6.53698092992E-04
  1.9028441E+03  7.96436405489E-02 -4.35693713681E-02  2.21653458618E-02 -9.14118548071E-03  1.99272085004E-03
  8.1502288E+02  1.97806798582E-01 -1.12740143832E-01  5.76076089171E-02 -2.39541170857E-02  5.22711940170E-03
  3.6967602E+02  3.56294160212E-01 -2.14714261434E-01  1.12282437879E-01 -4.64743045750E-02  1.01366486790E-02
  1.7504377E+02  3.67578328847E-01 -2.00123617104E-01  9.84653474737E-02 -4.11473472340E-02  8.98295374006E-03
  8.4456267E+01  1.48989174854E-01  1.83276460188E-01 -1.50381632479E-01  7.06720212576E-02 -1.56720235226E-02
  4.2043229E+01  9.62966850654E-03  5.93010471792E-01 -5.03726313483E-01  2.28969819251E-01 -5.05922130618E-02
  2.1172075E+01  1.75267969243E-03  3.33770843623E-01 -9.93982895772E-02  2.93039668929E-02 -5.94805357970E-03
  1.0107599E+01 -1.02877750145E-03  3.66994836898E-02  6.83311255601E-01 -4.76306134889E-01  1.11592249736E-01
  4.9031493E+00  4.21533252202E-04  2.89279245734E-05  4.75788659176E-01 -2.71886214476E-01  6.13412925951E-02
  1.9632888E+00 -1.62776912714E-04  7.87419825358E-05  4.10513965147E-02  6.75602183707E-01 -2.04467901508E-01
  8.0549699E-01  6.44404276407E-05 -7.33163473259E-05 -2.47899533906E-03  5.36385798951E-01 -1.60539581989E-01
  2.0049629E-01 -1.58393883001E-05  7.35922670986E-06  5.67975503176E-04  3.72131542506E-02  4.02284748718E-01
  5.5927884E-02  5.08783024270E-06 -2.34485874541E-06 -1.82941206302E-04 -4.74350422952E-03  7.38321628550E-01
  Tl  p
  8.0549699E-01  1.00000000000E+00
  Tl  p
  5.5927884E-02  1.00000000000E+00
  Tl  p
  1.1431281E-02  1.00000000000E+00
  Tl  d
  7.8021591E+03  5.35717395357E-04 -2.80206150026E-04  9.14019592985E-05
  2.0396979E+03  4.31402924790E-03 -2.28240898340E-03  7.53304004584E-04
  7.3049097E+02  2.39535540000E-02 -1.27218962488E-02  4.16910222995E-03
  3.0516736E+02  9.25548893960E-02 -5.02596277530E-02  1.66591701297E-02
  1.3964975E+02  2.44042968885E-01 -1.33925376333E-01  4.41153180906E-02
  6.7292643E+01  4.00005171398E-01 -2.13693910774E-01  7.09406058150E-02
  3.3520599E+01  3.37429510601E-01 -8.57538575368E-02  1.85478985946E-02
  1.6568385E+01  1.07768846086E-01  3.26448262337E-01 -1.36066787567E-01
  8.0815299E+00  6.91052934143E-03  5.32901963793E-01 -2.24481037709E-01
  3.8806549E+00  1.04773841723E-03  2.58714480818E-01  2.48623001018E-02
  1.6956350E+00 -2.90976386735E-04  2.81631657271E-02  4.46747758693E-01
  6.9524060E-01  1.44122486969E-04 -3.50460580211E-04  5.04656832688E-01
  2.5357650E-01 -9.17279446016E-05  3.43308913913E-04  2.01942872380E-01
  1.5026778E-01  4.79930327561E-05 -1.68481993617E-04  7.04646520741E-03
  Tl  d
  2.5357650E-01  1.00000000000E+00
  Tl  d
  1.5026778E-01  1.00000000000E+00
  Tl  d
  4.1035648E-02  1.00000000000E+00
  Tl  f
  4.8999559E+02  2.03969968909E-03
  1.6633197E+02  1.72320007394E-02
  6.9980085E+01  7.52035171534E-02
  3.2175090E+01  2.04941575282E-01
  1.5417577E+01  3.46927219250E-01
  7.3699578E+00  3.78245691548E-01
  3.4086613E+00  2.39897782543E-01
  1.4138469E+00  6.47875909354E-02
end
basis "Pb_dyall_relrcapvdz_fi_sf_fw" SPHERICAL
  Pb  s
  5.7879047E+07  6.52741623860E-04 -2.61315016719E-04  1.25968879898E-04  6.35981894715E-05 -2.85302294595E-05 -9.58647006059E-06
  1.4727786E+07  1.48731118495E-03 -5.96581941121E-04  2.87730260143E-04  1.45140379947E-04 -6.51168739482E-05 -2.18724452492E-05
  4.6698079E+06  2.86747498403E-03 -1.15216607785E-03  5.55649024121E-04  2.80710899202E-04 -1.25925065111E-04 -4.23197814110E-05
  1.6059372E+06  5.22917875485E-03 -2.11109326160E-03  1.01935698076E-03  5.14088003068E-04 -2.30678211387E-04 -7.74724518029E-05
  5.8984778E+05  9.39496493402E-03 -3.81529221633E-03  1.84303510181E-03  9.31807285119E-04 -4.18017321830E-04 -1.40506359438E-04
  2.2691267E+05  1.68053380171E-02 -6.90018865904E-03  3.34251145356E-03  1.68615443276E-03 -7.56840518683E-04 -2.54149333160E-04
  9.1063105E+04  3.03038819027E-02 -1.26177316131E-02  6.12244805691E-03  3.09935286289E-03 -1.39031108868E-03 -4.67308725246E-04
  3.7920869E+04  5.52484881635E-02 -2.35295018137E-02  1.14801061937E-02  5.79920711409E-03 -2.60622798604E-03 -8.75437801632E-04
  1.6339134E+04  1.00615186476E-01 -4.42128682185E-02  2.16576865501E-02  1.09952419653E-02 -4.93298814137E-03 -1.65813306480E-03
  7.2625289E+03  1.75519468330E-01 -8.15982969473E-02  4.04615655257E-02  2.04819736774E-02 -9.21313451173E-03 -3.09484783516E-03
  3.3216985E+03  2.69206683945E-01 -1.37439670223E-01  6.91786527544E-02  3.54476620445E-02 -1.59244983071E-02 -5.35455455841E-03
  1.5596475E+03  3.08144643764E-01 -1.83719219317E-01  9.59584733151E-02  4.90071494831E-02 -2.21491310712E-02 -7.44268911163E-03
  7.4863789E+02  1.99687279921E-01 -1.02943601755E-01  5.05367959315E-02  2.64821474265E-02 -1.17789829424E-02 -3.97121806531E-03
  3.5261328E+02  4.23407196921E-02  2.53908952678E-01 -1.95647848972E-01 -1.13223121955E-01  5.19846240620E-02  1.75903565731E-02
  1.7750467E+02 -2.28693605437E-03  5.56794102337E-01 -5.62003226219E-01 -3.36273575900E-01  1.58866108660E-01  5.37834943626E-02
  9.1463274E+01  1.36596727702E-03  3.19553310911E-01 -3.17879832309E-01 -2.18536455568E-01  1.03901246734E-01  3.55068683336E-02
  4.4710172E+01 -9.24911523441E-04  3.77241183059E-02  6.82549354458E-01  7.34669067059E-01 -3.93625764760E-01 -1.37166827100E-01
  2.3527288E+01  4.67737769866E-04 -2.41965885068E-03  6.51752969880E-01  8.38507869385E-01 -4.91686813632E-01 -1.73454485285E-01
  1.0721457E+01 -2.44330076485E-04  7.68083687878E-04  8.47320065924E-02 -7.06634313140E-01  6.16416124670E-01  2.33007306686E-01
  5.5271506E+00  1.18033943983E-04 -4.60251838001E-04 -6.86680172677E-03 -8.28125125898E-01  9.47504324149E-01  3.94215896707E-01
  2.0274627E+00 -4.54038311912E-05  1.50287923787E-04  2.05587827146E-03 -6.39690632917E-02 -8.05573221681E-01 -4.88269001002E-01
  9.6204098E-01  1.94846812594E-05 -6.09084097897E-05 -9.39619498915E-04  9.58399314580E-03 -6.95294732583E-01 -5.00852244618E-01
  2.3294403E-01 -5.11218873663E-06  1.59679888874E-05  2.03369257157E-04 -1.88867306861E-03 -2.82360353516E-02  7.28436539523E-01
  8.6859886E-02  1.82318782280E-06 -6.20500732212E-06 -7.39124377821E-05  6.65144664927E-04  5.54493199231E-03  5.42090643567E-01
  Pb  s
  9.6204098E-01  1.00000000000E+00
  Pb  s
  8.6859886E-02  1.00000000000E+00
  Pb  s
  2.5041970E-02  1.00000000000E+00
  Pb  p
  1.4431585E+07  2.99922649618E-05 -1.53899920814E-05  7.69863473191E-06 -3.23539643816E-06  8.08345448066E-07
  2.5074331E+06  1.04059298871E-04 -5.34868505961E-05  2.69429486306E-05 -1.12755110141E-05  2.82460274118E-06
  5.6044425E+05  3.16243748095E-04 -1.63185341054E-04  8.16833821466E-05 -3.43532803531E-05  8.58133365431E-06
  1.4637279E+05  9.24777925725E-04 -4.79517908830E-04  2.41980589115E-04 -1.01303425403E-04  2.53782378920E-05
  4.3157909E+04  2.72680592249E-03 -1.42449778685E-03  7.15227652256E-04 -3.00967455967E-04  7.52005592090E-05
  1.4152440E+04  8.34698074495E-03 -4.40117086626E-03  2.22800094010E-03 -9.33634677170E-04  2.33865986191E-04
  5.1258744E+03  2.60269795950E-02 -1.39207633967E-02  7.03099902371E-03 -2.96248397615E-03  7.40509691954E-04
  2.0302193E+03  7.68365754007E-02 -4.20816769814E-02  2.14950077775E-02 -9.02422763041E-03  2.26101113387E-03
  8.6682091E+02  1.92110024284E-01 -1.09572007038E-01  5.61905390888E-02 -2.37790360126E-02  5.94597085586E-03
  3.9214842E+02  3.51300940788E-01 -2.11600964937E-01  1.11068178422E-01 -4.68056062078E-02  1.17464244687E-02
  1.8535635E+02  3.72131204316E-01 -2.06601145464E-01  1.02788758531E-01 -4.37335142963E-02  1.08816627293E-02
  8.9519283E+01  1.57727377557E-01  1.63413115911E-01 -1.37005325670E-01  6.58622659590E-02 -1.65934663058E-02
  4.4485764E+01  1.17750190084E-02  5.89027206781E-01 -5.02166063649E-01  2.32824682320E-01 -5.95891823960E-02
  2.2422844E+01  1.63310689049E-03  3.50211221288E-01 -1.26930063753E-01  4.41825008849E-02 -9.67135437767E-03
  1.0675176E+01 -9.73800304488E-04  4.13501261882E-02  6.74908106391E-01 -4.81044757899E-01  1.28201023636E-01
  5.1917731E+00  4.02453637381E-04 -3.61023576021E-04  4.91800714944E-01 -2.93554396893E-01  7.99486259254E-02
  2.0908307E+00 -1.58790725189E-04  2.10299006629E-04  4.44484216936E-02  6.78167548844E-01 -2.47792565767E-01
  8.7171799E-01  6.41579344298E-05 -1.23933279287E-04 -2.81684419929E-03  5.41501502890E-01 -1.75963415291E-01
  2.1674529E-01 -1.60815512872E-05  2.04604113514E-05  6.34662210586E-04  3.56873860138E-02  5.00596802743E-01
  6.5825419E-02  5.49152389124E-06 -6.68893858887E-06 -2.21854705238E-04 -4.95789467499E-03  6.48032591693E-01
  Pb  p
  8.7171799E-01  1.00000000000E+00
  Pb  p
  6.5825419E-02  1.00000000000E+00
  Pb  p
  1.6728072E-02  1.00000000000E+00
  Pb  d
  8.4906900E+03  4.96345419956E-04 -2.61456699117E-04  8.92247239637E-05
  2.2089035E+03  3.96609713953E-03 -2.11107459420E-03  7.29022693637E-04
  7.8849257E+02  2.21088403404E-02 -1.18190849556E-02  4.05205660389E-03
  3.2885432E+02  8.64220326002E-02 -4.71781055340E-02  1.63605778190E-02
  1.5038962E+02  2.32527887023E-01 -1.28509639939E-01  4.42997295638E-02
  7.2513235E+01  3.93001874562E-01 -2.12466591530E-01  7.38742828201E-02
  3.6180561E+01  3.48975564491E-01 -1.04897297619E-01  2.69320742051E-02
  1.7976202E+01  1.20601611326E-01  2.98384044358E-01 -1.31913173073E-01
  8.8200864E+00  9.14765225572E-03  5.35237464632E-01 -2.38075559811E-01
  4.2720364E+00  1.07759257033E-03  2.82232518703E-01  5.96970568864E-04
  1.8890617E+00 -2.90253383666E-04  3.48172063116E-02  4.45664690628E-01
  7.9200114E-01  1.49846444034E-04 -6.85198310676E-04  5.15645990719E-01
  2.9683292E-01 -9.44269690596E-05  5.66073165218E-04  1.94516197680E-01
  1.7545993E-01  4.84946652548E-05 -2.85556672963E-04  6.10723227764E-03
  Pb  d
  2.9683292E-01  1.00000000000E+00
  Pb  d
  1.7545993E-01  1.00000000000E+00
  Pb  d
  5.5772624E-02  1.00000000000E+00
  Pb  f
  5.2013845E+02  1.94238346934E-03
  1.7651009E+02  1.65126117187E-02
  7.4343014E+01  7.28625499144E-02
  3.4240742E+01  2.00950319305E-01
  1.6461026E+01  3.44876532383E-01
  7.9077033E+00  3.80079172922E-01
  3.6843352E+00  2.42086607938E-01
  1.5478311E+00  6.47007631688E-02
end
basis "Bi_dyall_relrcapvdz_fi_sf_fw" SPHERICAL
  Bi  s
  5.8022684E+07  6.90366695365E-04 -2.77715591411E-04  1.34082550102E-04  6.79044056389E-05 -3.08338786140E-05 -1.08476372790E-05
  1.4819799E+07  1.56494331770E-03 -6.30771560021E-04  3.04683078297E-04  1.54184457798E-04 -7.00151087286E-05 -2.46228024815E-05
  4.7223874E+06  2.99846172431E-03 -1.21068943828E-03  5.84793509110E-04  2.96338957165E-04 -1.34562421056E-04 -4.73496448559E-05
  1.6321833E+06  5.43303715116E-03 -2.20421782640E-03  1.06594503386E-03  5.39327468755E-04 -2.44938732810E-04 -8.61255984314E-05
  6.0232740E+05  9.70167348829E-03 -3.95955498327E-03  1.91578101437E-03  9.71539236694E-04 -4.41184121105E-04 -1.55271523903E-04
  2.3262600E+05  1.72429705580E-02 -7.11603968478E-03  3.45237665856E-03  1.74727671465E-03 -7.93779953120E-04 -2.79070681934E-04
  9.3657019E+04  3.08819457936E-02 -1.29264466686E-02  6.28250604042E-03  3.19010945287E-03 -1.44859338326E-03 -5.09816306448E-04
  3.9098920E+04  5.58926989062E-02 -2.39331146690E-02  1.16957896278E-02  5.92758959525E-03 -2.69618479096E-03 -9.48181560710E-04
  1.6878840E+04  1.01063435798E-01 -4.46525735922E-02  2.19102519076E-02  1.11576549307E-02 -5.06738452584E-03 -1.78350218181E-03
  7.5127674E+03  1.75261897158E-01 -8.18697908085E-02  4.06616149192E-02  2.06517398655E-02 -9.40217623411E-03 -3.30667574888E-03
  3.4393803E+03  2.67914003371E-01 -1.37206799117E-01  6.91595018757E-02  3.55437720467E-02 -1.61643007644E-02 -5.69121693756E-03
  1.6158149E+03  3.06975920781E-01 -1.82773099232E-01  9.55250975035E-02  4.89421924211E-02 -2.23857314211E-02 -7.87496228745E-03
  7.7585154E+02  2.00441674917E-01 -1.02682656417E-01  5.02778373113E-02  2.63744150335E-02 -1.18785805969E-02 -4.19551575517E-03
  3.6612190E+02  4.33328202131E-02  2.50481664946E-01 -1.93542177820E-01 -1.12369932796E-01  5.22620821417E-02  1.85267814708E-02
  1.8440048E+02 -2.21364610001E-03  5.54665534169E-01 -5.59041888321E-01 -3.35681813769E-01  1.60535904759E-01  5.69128282107E-02
  9.5065117E+01  1.36105531293E-03  3.23117671419E-01 -3.23541604464E-01 -2.22408331055E-01  1.07197160395E-01  3.84016801456E-02
  4.6466268E+01 -9.31656125407E-04  3.90413143035E-02  6.75134365741E-01  7.28657405951E-01 -3.95992643803E-01 -1.44760471000E-01
  2.4477290E+01  4.74808679409E-04 -2.58046047542E-03  6.57366746645E-01  8.50108688822E-01 -5.05436528530E-01 -1.87037544062E-01
  1.1190161E+01 -2.52553215283E-04  8.47329672154E-04  8.74367778372E-02 -6.95039138070E-01  6.16744311466E-01  2.45150428660E-01
  5.7978488E+00  1.24078980721E-04 -5.04292292731E-04 -7.20987089458E-03 -8.38740536269E-01  9.76530170718E-01  4.29008097046E-01
  2.1587077E+00 -4.92349527624E-05  1.70562635004E-04  2.20593038452E-03 -6.77680005086E-02 -7.97260015701E-01 -5.15225200240E-01
  1.0422614E+00  2.16223022636E-05 -7.11356197244E-05 -1.02468439348E-03  1.02444818086E-02 -7.14833276928E-01 -5.46797616560E-01
  2.6590866E-01 -5.73930438042E-06  1.87427930393E-05  2.25838258625E-04 -2.01051122147E-03 -2.98766145513E-02  7.62711758316E-01
  1.0073440E-01  2.00060522477E-06 -7.14170170882E-06 -7.95773813957E-05  6.95369186418E-04  5.52863337569E-03  5.34605166191E-01
  Bi  s
  1.0422614E+00  1.00000000000E+00
  Bi  s
  1.0073440E-01  1.00000000000E+00
  Bi  s
  3.0028180E-02  1.00000000000E+00
  Bi  p
  1.5267851E+07  2.99125137944E-05 -1.53864417590E-05  7.72805385121E-06 -3.30294321589E-06  9.08021566659E-07
  2.6863694E+06  1.03620719014E-04 -5.33726745625E-05  2.69937016403E-05 -1.14939566472E-05  3.17047438983E-06
  6.0456060E+05  3.12985760053E-04 -1.61893241841E-04  8.13648866970E-05 -3.47990179260E-05  9.56439329073E-06
  1.5848335E+05  9.08364914694E-04 -4.71936362316E-04  2.39118064214E-04 -1.01851904679E-04  2.80957091454E-05
  4.6785870E+04  2.65323101980E-03 -1.38921246028E-03  7.00281136137E-04 -2.99682567607E-04  8.23925610485E-05
  1.5325077E+04  8.03643557435E-03 -4.24508234583E-03  2.15775963789E-03 -9.19936522287E-04  2.53723130916E-04
  5.5345524E+03  2.48689448105E-02 -1.33277233893E-02  6.75738151513E-03 -2.89566202397E-03  7.96476536700E-04
  2.1842431E+03  7.33787910200E-02 -4.02198586068E-02  2.06245307504E-02 -8.80923710518E-03  2.43021082507E-03
  9.2942393E+02  1.84929131502E-01 -1.05509865325E-01  5.42930477265E-02 -2.33649563602E-02  6.42891932700E-03
  4.1932007E+02  3.44463835074E-01 -2.07230868712E-01  1.09153993599E-01 -4.68063989944E-02  1.29365357300E-02
  1.9785121E+02  3.77155048295E-01 -2.14002680315E-01  1.07754096504E-01 -4.66385022986E-02  1.27646696307E-02
  9.5696786E+01  1.69303136598E-01  1.37527524104E-01 -1.19326042688E-01  5.87598314839E-02 -1.62647076819E-02
  4.7435630E+01  1.49789831918E-02  5.81866756575E-01 -4.97342086114E-01  2.35103376407E-01 -6.64103368526E-02
  2.3929631E+01  1.43036569459E-03  3.72112076283E-01 -1.63336286032E-01  6.42170749610E-02 -1.61048023474E-02
  1.1351604E+01 -8.71849848569E-04  4.80763684792E-02  6.60033668124E-01 -4.80018255853E-01  1.41079476100E-01
  5.5346123E+00  3.61669513002E-04 -9.02225023849E-04  5.14677953567E-01 -3.23719145464E-01  9.85865619054E-02
  2.2410872E+00 -1.48170696715E-04  4.16738393763E-04  4.98266061394E-02  6.71979203155E-01 -2.77831725150E-01
  9.5317500E-01  6.25363670402E-05 -2.05807222407E-04 -3.42239690607E-03  5.53521330703E-01 -1.99142851726E-01
  2.4829310E-01 -1.61113837251E-05  4.22770682574E-05  7.72177644554E-04  3.72893898165E-02  5.47209566472E-01
  7.7915822E-02  5.46379194189E-06 -1.37215844716E-05 -2.72722339239E-04 -4.75213484903E-03  6.10692695291E-01
  Bi  p
  9.5317500E-01  1.00000000000E+00
  Bi  p
  7.7915822E-02  1.00000000000E+00
  Bi  p
  2.1317209E-02  1.00000000000E+00
  Bi  d
  9.1556731E+03  4.67186220775E-04 -2.47800120229E-04  8.79523176213E-05
  2.3714380E+03  3.70502585715E-03 -1.98395737846E-03  7.12473562821E-04
  8.4391026E+02  2.07061227064E-02 -1.11410379315E-02  3.97241985717E-03
  3.5138597E+02  8.16904376410E-02 -4.48363577200E-02  1.61686163484E-02
  1.6056662E+02  2.23376643369E-01 -1.24291102165E-01  4.45722199326E-02
  7.7448462E+01  3.86832436944E-01 -2.11252373463E-01  7.64337150383E-02
  3.8688714E+01  3.57525938664E-01 -1.19347246613E-01  3.39228337995E-02
  1.9301217E+01  1.31394725123E-01  2.75817290340E-01 -1.28612238004E-01
  9.5137428E+00  1.13107045336E-02  5.35830249630E-01 -2.49641289994E-01
  4.6382853E+00  1.08406048925E-03  3.00549109073E-01 -1.89167589454E-02
  2.0735526E+00 -2.80606884817E-04  4.04856484212E-02  4.46055056645E-01
  8.8573771E-01  1.50462870140E-04 -9.16620924490E-04  5.23979184652E-01
  3.3861777E-01 -9.54724690793E-05  7.29410884043E-04  1.87620744926E-01
  2.0223207E-01  4.90366833617E-05 -3.76542648878E-04  5.42640550380E-03
  Bi  d
  3.3861777E-01  1.00000000000E+00
  Bi  d
  2.0223207E-01  1.00000000000E+00
  Bi  d
  6.9683454E-02  1.00000000000E+00
  Bi  f
  5.5102305E+02  1.85521690550E-03
  1.8692436E+02  1.58605508168E-02
  7.8801541E+01  7.07157391620E-02
  3.6351986E+01  1.97221473250E-01
  1.7527887E+01  3.42890947352E-01
  8.4583618E+00  3.81765703598E-01
  3.9675228E+00  2.44202931390E-01
  1.6865442E+00  6.46375709320E-02
end
basis "Po_dyall_relrcapvdz_fi_sf_fw" SPHERICAL
  Po  s
  5.8309927E+07  7.29271195890E-04 -2.94796696652E-04  1.42544909536E-04  7.24103328896E-05 -3.32669535323E-05 -1.21430108450E-05
  1.4943068E+07  1.64502353029E-03 -6.66293159892E-04  3.22320205943E-04  1.63621785130E-04 -7.51722361318E-05 -2.74279306035E-05
  4.7831618E+06  3.13317175734E-03 -1.27131158272E-03  6.15020913033E-04  3.12597207851E-04 -1.43618973390E-04 -5.24350923914E-05
  1.6607700E+06  5.64212273038E-03 -2.30040846729E-03  1.11411953958E-03  5.65491417481E-04 -2.59829564020E-04 -9.47856792169E-05
  6.1553104E+05  1.00157621341E-02 -4.10830901895E-03  1.99085813216E-03  1.01265004520E-03 -4.65283660594E-04 -1.69909485277E-04
  2.3857506E+05  1.76913971927E-02 -7.33855477442E-03  3.56568381374E-03  1.81040102565E-03 -8.32085814405E-04 -3.03497858806E-04
  9.6330174E+04  3.14776080216E-02 -1.32457290965E-02  6.44798555648E-03  3.28402070921E-03 -1.50887360157E-03 -5.51003365803E-04
  4.0303817E+04  5.65696297268E-02 -2.43550230023E-02  1.19206301801E-02  6.06098966613E-03 -2.78911700843E-03 -1.01760715591E-03
  1.7427602E+04  1.01577160849E-01 -4.51262492998E-02  2.21796184480E-02  1.13290906057E-02 -5.20616415888E-03 -1.90128760163E-03
  7.7659998E+03  1.75123063794E-01 -8.22037261382E-02  4.08917906681E-02  2.08363638689E-02 -9.59744505492E-03 -3.50179877239E-03
  3.5580285E+03  2.66762745634E-01 -1.37059978894E-01  6.91824796416E-02  3.56604745354E-02 -1.64095579946E-02 -5.99515075275E-03
  1.6722965E+03  3.05798170177E-01 -1.81854840949E-01  9.51025297284E-02  4.88779694705E-02 -2.26167774441E-02 -8.25352653249E-03
  8.0318911E+02  2.00960751007E-01 -1.02119335159E-01  4.98369075925E-02  2.61694938539E-02 -1.19253212509E-02 -4.37360192203E-03
  3.7969490E+02  4.42035329267E-02  2.47797938201E-01 -1.92042450523E-01 -1.11863965776E-01  5.26732720793E-02  1.93871385786E-02
  1.9131746E+02 -2.13495001170E-03  5.52628201472E-01 -5.56418627781E-01 -3.35290060201E-01  1.62273606961E-01  5.96919840970E-02
  9.8676878E+01  1.35144664319E-03  3.25947453926E-01 -3.27940272170E-01 -2.25493751576E-01  1.10083945654E-01  4.09747432050E-02
  4.8245567E+01 -9.35845175629E-04  4.01724595830E-02  6.68552732030E-01  7.23749074130E-01 -3.98732459502E-01 -1.51544183764E-01
  2.5440911E+01  4.80077840128E-04 -2.71017822227E-03  6.62110905864E-01  8.60338134804E-01 -5.18582510324E-01 -1.99423026095E-01
  1.1667246E+01 -2.59740605740E-04  9.15047024338E-04  8.99273983426E-02 -6.84702129635E-01  6.18151085007E-01  2.55902422089E-01
  6.0742840E+00  1.29598160077E-04 -5.43587755639E-04 -7.53353482094E-03 -8.48219599540E-01  1.00411242264E+00  4.61538893756E-01
  2.2923081E+00 -5.29012038791E-05  1.89740371110E-04  2.34962795116E-03 -7.13865933246E-02 -7.91507126786E-01 -5.40268051179E-01
  1.1247044E+00  2.37015460825E-05 -8.10457974986E-05 -1.10732991717E-03  1.08864810617E-02 -7.31891512928E-01 -5.87600810957E-01
  2.9979416E-01 -6.32795503235E-06  2.13534041379E-05  2.47053063399E-04 -2.11468934822E-03 -3.13187895883E-02  7.91193042035E-01
  1.1492650E-01  2.15658477304E-06 -7.98958747751E-06 -8.43783500960E-05  7.19578736123E-04  5.46206180929E-03  5.30853189265E-01
  Po  s
  1.1247044E+00  1.00000000000E+00
  Po  s
  1.1492650E-01  1.00000000000E+00
  Po  s
  3.4735952E-02  1.00000000000E+00
  Po  p
  1.6094731E+07  2.99385840574E-05 -1.54365491924E-05  7.78441929745E-06 -3.38107511658E-06  9.98638173341E-07
  2.8651675E+06  1.03576846169E-04 -5.34627403561E-05  2.71455323280E-05 -1.17501326087E-05  3.48348532146E-06
  6.4891394E+05  3.11105163967E-04 -1.61300224355E-04  8.13937817337E-05 -3.53755669877E-05  1.04458815355E-05
  1.7070019E+05  8.96678951847E-04 -4.66801634203E-04  2.37449312624E-04 -1.02816716390E-04  3.04825363480E-05
  5.0450487E+04  2.59665906163E-03 -1.36263777409E-03  6.89607520019E-04 -2.99906850314E-04  8.85883568381E-05
  1.6508642E+04  7.78809842237E-03 -4.12159923584E-03  2.10333970107E-03 -9.11564794877E-04  2.70206556308E-04
  5.9457148E+03  2.39218472532E-02 -1.28459250388E-02  6.53824026956E-03 -2.84733680409E-03  8.41480316891E-04
  2.3384165E+03  7.05010481036E-02 -3.86821333372E-02  1.99124498661E-02 -8.64559249374E-03  2.56335066750E-03
  9.9171977E+02  1.78828942871E-01 -1.02086391677E-01  5.27157324656E-02 -2.30536919739E-02  6.81555870787E-03
  4.4620759E+02  3.38341903263E-01 -2.03376397776E-01  1.07490188448E-01 -4.68596584995E-02  1.39205681074E-02
  2.1014718E+02  3.81010529025E-01 -2.19685873557E-01  1.11694796807E-01 -4.91433324201E-02  1.44540548376E-02
  1.0171539E+02  1.79531961540E-01  1.15990848911E-01 -1.04834727569E-01  5.29076473591E-02 -1.57269832153E-02
  5.0283133E+01  1.80343228294E-02  5.74720222792E-01 -4.92549881088E-01  2.37105528698E-01 -7.20952645645E-02
  2.5367947E+01  1.23711646017E-03  3.90304647813E-01 -1.92761553157E-01  8.11230499067E-02 -2.23530369266E-02
  1.2001454E+01 -7.72180891768E-04  5.40283838438E-02  6.46736870061E-01 -4.80258878632E-01  1.52179978770E-01
  5.8677985E+00  3.20835463161E-04 -1.38533491308E-03  5.33016646709E-01 -3.49173512432E-01  1.15416939224E-01
  2.3899504E+00 -1.36666558620E-04  6.10910228569E-04  5.46349723772E-02  6.67813410590E-01 -3.03775661446E-01
  1.0360252E+00  6.02549853672E-05 -2.87284127351E-04 -4.00518859419E-03  5.62548877331E-01 -2.19629604461E-01
  2.8231375E-01 -1.58436049560E-05  6.48747500206E-05  9.02432268331E-04  3.88599061451E-02  5.79581459913E-01
  9.0411358E-02  5.26909479825E-06 -2.06389708047E-05 -3.18934022262E-04 -4.40790166379E-03  5.87592555262E-01
  Po  p
  1.0360252E+00  1.00000000000E+00
  Po  p
  9.0411358E-02  1.00000000000E+00
  Po  p
  2.5607296E-02  1.00000000000E+00
  Po  d
  9.8151605E+03  4.44149458370E-04 -2.37167762012E-04  8.71455395992E-05
  2.5318633E+03  3.49627871780E-03 -1.88326580752E-03  6.99977409160E-04
  8.9834951E+02  1.95713340705E-02 -1.05976496688E-02  3.91160187265E-03
  3.7343320E+02  7.78143884583E-02 -4.29410415881E-02  1.60268766812E-02
  1.7049312E+02  2.15695369849E-01 -1.20804102830E-01  4.48567638427E-02
  8.2252380E+01  3.81246293378E-01 -2.10090766939E-01  7.87112377038E-02
  4.1125487E+01  3.64245636255E-01 -1.30981041840E-01  4.00415272405E-02
  2.0586094E+01  1.40858551026E-01  2.56741611267E-01 -1.25715626319E-01
  1.0185372E+01  1.34177977946E-02  5.35523663757E-01 -2.59871631371E-01
  4.9924674E+00  1.07881731718E-03  3.15598794129E-01 -3.55554346063E-02
  2.2540529E+00 -2.65252069921E-04  4.54712582696E-02  4.47331564858E-01
  9.7833425E-01  1.47349679291E-04 -1.08315407568E-03  5.30636818281E-01
  3.7974903E-01 -9.42985239590E-05  8.52802398743E-04  1.81410014731E-01
  2.2948325E-01  4.87276583281E-05 -4.50177622534E-04  4.92608443789E-03
  Po  d
  3.7974903E-01  1.00000000000E+00
  Po  d
  2.2948325E-01  1.00000000000E+00
  Po  d
  9.0407004E-02  1.00000000000E+00
  Po  f
  5.8261287E+02  1.77709599147E-03
  1.9756108E+02  1.52697913525E-02
  8.3349358E+01  6.87496721595E-02
  3.8505687E+01  1.93750825705E-01
  1.8616521E+01  3.40985995264E-01
  9.0210323E+00  3.83318686178E-01
  4.2576508E+00  2.46220475277E-01
  1.8295243E+00  6.45838316465E-02
end
basis "At_dyall_relrcapvdz_fi_sf_fw" SPHERICAL
  At  s
  5.8424409E+07  7.71562362149E-04 -3.13424866250E-04  1.51776469821E-04  7.73309579879E-05 -3.59289083773E-05 -1.35199224622E-05
  1.5020934E+07  1.73197818194E-03 -7.04972801914E-04  3.41527956165E-04  1.73905143509E-04 -8.07970081019E-05 -3.03899135349E-05
  4.8296548E+06  3.27904041576E-03 -1.33711145423E-03  6.47826870593E-04  3.30249925511E-04 -1.53445607973E-04 -5.77555585805E-05
  1.6847653E+06  5.86773959266E-03 -2.40439484867E-03  1.16618101415E-03  5.93753420258E-04 -2.75886152236E-04 -1.03745845628E-04
  6.2725022E+05  1.03539818801E-02 -4.26865292829E-03  2.07172782934E-03  1.05690923274E-03 -4.91118874460E-04 -1.84895967263E-04
  2.4404234E+05  1.81747963212E-02 -7.57822775420E-03  3.68757429610E-03  1.87814811647E-03 -8.72937647667E-04 -3.28208956770E-04
  9.8846917E+04  3.21248326015E-02 -1.35907643896E-02  6.62636061090E-03  3.38491891932E-03 -1.57286574570E-03 -5.92162980953E-04
  4.1458028E+04  5.73237831095E-02 -2.48162333557E-02  1.21651102422E-02  6.20476448734E-03 -2.88739851039E-03 -1.08591862971E-03
  1.7960108E+04  1.02205234920E-01 -4.56593785039E-02  2.24786256486E-02  1.15162022221E-02 -5.35220996050E-03 -2.01519706459E-03
  8.0141080E+03  1.75132171713E-01 -8.26216129166E-02  4.11637759629E-02  2.10418694553E-02 -9.80142293747E-03 -3.68639530194E-03
  3.6751153E+03  2.65722040865E-01 -1.36996338904E-01  6.92472896204E-02  3.57980791700E-02 -1.66598185186E-02 -6.27545523663E-03
  1.7283371E+03  3.04515321431E-01 -1.80915743680E-01  9.46672524536E-02  4.88018888210E-02 -2.28352405915E-02 -8.58901881135E-03
  8.3043748E+02  2.01165224935E-01 -1.01187323619E-01  4.91735554603E-02  2.58454902606E-02 -1.19068214551E-02 -4.50582374774E-03
  3.9327607E+02  4.49320543578E-02  2.45859262950E-01 -1.91147727161E-01 -1.11708978921E-01  5.32236633554E-02  2.02099552099E-02
  1.9824109E+02 -2.05191964532E-03  5.50648734059E-01 -5.54097165967E-01 -3.35075069924E-01  1.64061518115E-01  6.22151100318E-02
  1.0229702E+02  1.33697373520E-03  3.28064262994E-01 -3.31132875969E-01 -2.27821209476E-01  1.12557403980E-01  4.32550126317E-02
  5.0047987E+01 -9.37242877351E-04  4.11241627348E-02  6.62769637054E-01  7.19885813901E-01 -4.01820723463E-01 -1.57763056996E-01
  2.6418236E+01  4.83352400007E-04 -2.81073291249E-03  6.66049066343E-01  8.69287458993E-01 -5.31100908306E-01 -2.10849392359E-01
  1.2152600E+01 -2.65729045169E-04  9.71363189161E-04  9.22019110935E-02 -6.75596248475E-01  6.20608493907E-01  2.65773494287E-01
  6.3563670E+00  1.34465920497E-04 -5.77857668061E-04 -7.83706787349E-03 -8.56630555827E-01  1.03019434107E+00  4.92162993026E-01
  2.4279895E+00 -5.63234752992E-05  2.07495587952E-04  2.48592343135E-03 -7.48066332451E-02 -7.88280168974E-01 -5.64391123433E-01
  1.2090939E+00  2.56813016732E-05 -9.04488651500E-05 -1.18705569977E-03  1.15148740462E-02 -7.46467299715E-01 -6.23884320797E-01
  3.3458672E-01 -6.87241203505E-06  2.37576375048E-05  2.67120990321E-04 -2.20609354034E-03 -3.25759185858E-02  8.16073602794E-01
  1.2947162E-01  2.29166464723E-06 -8.74383562090E-06 -8.84630855612E-05  7.40054741154E-04  5.36055958820E-03  5.28952440866E-01
  At  s
  1.2090939E+00  1.00000000000E+00
  At  s
  1.2947162E-01  1.00000000000E+00
  At  s
  3.9268263E-02  1.00000000000E+00
  At  p
  1.6858098E+07  3.01133472025E-05 -1.55628838447E-05  7.87924424744E-06 -3.47517545826E-06  1.08610245569E-06
  3.0353119E+06  1.04077772924E-04 -5.38362959438E-05  2.74407516527E-05 -1.20636137676E-05  3.78536444079E-06
  6.9174566E+05  3.10986666096E-04 -1.61612330344E-04  8.18759958916E-05 -3.61345849485E-05  1.12902400440E-05
  1.8259603E+05  8.90633718877E-04 -4.64608745813E-04  2.37248434230E-04 -1.04335820272E-04  3.27400329530E-05
  5.4034684E+04  2.55900736557E-03 -1.34585892899E-03  6.83791320015E-04 -3.01974634574E-04  9.43865261195E-05
  1.7667826E+04  7.60557565993E-03 -4.03284751403E-03  2.06608578414E-03 -9.09407133505E-04  2.85309839106E-04
  6.3477461E+03  2.31927425139E-02 -1.24799648330E-02  6.37642886220E-03 -2.81986132706E-03  8.81854285098E-04
  2.4885643E+03  6.82268801633E-02 -3.74820832585E-02  1.93682035600E-02 -8.54059349823E-03  2.68010610137E-03
  1.0520744E+03  1.73905952319E-01 -9.93586429506E-02  5.14902083310E-02 -2.28654762785E-02  7.15348320462E-03
  4.7211751E+02  3.33198444789E-01 -2.00206191911E-01  1.06175712819E-01 -4.70121291660E-02  1.47822557960E-02
  2.2192763E+02  3.83868669565E-01 -2.23894321609E-01  1.14735841453E-01 -5.12775324179E-02  1.59633296932E-02
  1.0742120E+02  1.88055286268E-01  9.90414372776E-02 -9.36131345303E-02  4.84225693662E-02 -1.52298430107E-02
  5.2969022E+01  2.07187251300E-02  5.68378420670E-01 -4.88620430660E-01  2.39234985725E-01 -7.70932431554E-02
  2.6715273E+01  1.07254899110E-03  4.04514480714E-01 -2.15276538375E-01  9.47728088761E-02 -2.79848229202E-02
  1.2615512E+01 -6.85264704663E-04  5.89378369497E-02  6.36098608674E-01 -4.82573282963E-01  1.62415791358E-01
  6.1868622E+00  2.84815401547E-04 -1.79983900597E-03  5.46694669359E-01 -3.69518464310E-01  1.30293217127E-01
  2.5347171E+00 -1.26011652833E-04  7.83526397213E-04  5.86092912203E-02  6.66848696930E-01 -3.28053668886E-01
  1.1183934E+00  5.79166030205E-05 -3.63733865647E-04 -4.53811644363E-03  5.67863564901E-01 -2.36347371364E-01
  3.1726392E-01 -1.54659501125E-05  8.67348066781E-05  1.01719565635E-03  4.00801427007E-02  6.05442585928E-01
  1.0310242E-01  5.01589490565E-06 -2.69163028485E-05 -3.59077670673E-04 -3.98314940036E-03  5.70630997943E-01
  At  p
  1.1183934E+00  1.00000000000E+00
  At  p
  1.0310242E-01  1.00000000000E+00
  At  p
  2.9747816E-02  1.00000000000E+00
  At  d
  1.0478646E+04  4.25208121910E-04 -2.28540579347E-04  8.66085399743E-05
  2.6925664E+03  3.32270556986E-03 -1.80019963070E-03  6.89880770667E-04
  9.5264445E+02  1.86176608747E-02 -1.01442871887E-02  3.86139842672E-03
  3.9534229E+02  7.45202746686E-02 -4.13457914658E-02  1.59108718455E-02
  1.8032916E+02  2.09029969154E-01 -1.17813763592E-01  4.51247307220E-02
  8.7003427E+01  3.76100822380E-01 -2.08985924295E-01  8.07607524774E-02
  4.3531517E+01  3.69722417764E-01 -1.40727857246E-01  4.55452327186E-02
  2.1852445E+01  1.49366605248E-01  2.40109188084E-01 -1.23029286144E-01
  1.0846574E+01  1.54793996866E-02  5.34697667052E-01 -2.69111775551E-01
  5.3410686E+00  1.06760236461E-03  3.28392441534E-01 -5.02357220780E-02
  2.4330765E+00 -2.45969395222E-04  4.99422882915E-02  4.49178554125E-01
  1.0707747E+00  1.41468728922E-04 -1.20605322852E-03  5.36113304329E-01
  4.2066819E-01 -9.11861341206E-05  9.46987757824E-04  1.75860749360E-01
  2.5699282E-01  4.75402868099E-05 -5.10757194811E-04  4.54945559970E-03
  At  d
  4.2066819E-01  1.00000000000E+00
  At  d
  2.5699282E-01  1.00000000000E+00
  At  d
  1.0938918E-01  1.00000000000E+00
  At  f
  6.1490293E+02  1.70684655952E-03
  2.0841720E+02  1.47332255515E-02
  8.7984805E+01  6.69456938595E-02
  4.0700851E+01  1.90520783213E-01
  1.9726322E+01  3.39166469087E-01
  9.5953321E+00  3.84752644224E-01
  4.5544477E+00  2.48133049835E-01
  1.9765264E+00  6.45347712615E-02
end
