# $Id$
basis "Ga_dyall_relrcpvdz_fi_sf_sc" SPHERICAL
  Ga  s 
  2.5339378E+06  3.24638965618E-05 -1.02554132821E-05  3.93198344248E-06 -9.23027570672E-07
  3.0189559E+05  3.37322342463E-04 -1.07319132400E-04  4.09907090822E-05 -9.60793049579E-06
  5.8328565E+04  2.10353722230E-03 -6.64111945138E-04  2.55124158095E-04 -5.99318159509E-05
  1.4613208E+04  9.90506098225E-03 -3.18564636990E-03  1.21568806332E-03 -2.84776585582E-04
  4.3363195E+03  3.80141414644E-02 -1.22393344915E-02  4.72627897814E-03 -1.11166488725E-03
  1.4515728E+03  1.18580890004E-01 -4.09246865566E-02  1.57026685560E-02 -3.67830375558E-03
  5.3216174E+02  2.81913554496E-01 -1.06171490928E-01  4.20723431594E-02 -9.94104475755E-03
  2.0978123E+02  4.13042030071E-01 -2.14751530563E-01  8.60510786617E-02 -2.02315555296E-02
  8.6925370E+01  2.56835108710E-01 -1.55227926915E-01  7.10289674067E-02 -1.72602117500E-02
  2.7823619E+01  2.61677800804E-02  4.89087819922E-01 -3.00061511354E-01  7.56943728879E-02
  1.1739618E+01 -5.19889586779E-03  6.24120516997E-01 -5.18454274062E-01  1.34130056285E-01
  3.3959518E+00  1.68086685673E-03  6.71192342904E-02  5.90252492965E-01 -1.89508813593E-01
  1.3690033E+00 -7.57699702470E-04 -1.13947396252E-02  6.69066851797E-01 -3.56108841690E-01
  2.0161929E-01  1.84846874465E-04  2.54104502981E-03  2.75677300148E-02  6.25987054220E-01
  7.3544566E-02 -8.53767018619E-05 -1.14185570420E-03 -9.12647782590E-03  5.24273204580E-01
  Ga  s 
  1.3690033E+00  9.99917997631E-01
  Ga  s 
  7.3544566E-02  9.99995594142E-01
  Ga  p 
  5.1226521E+03  8.59258436047E-04 -3.27578349586E-04  5.41994016693E-05
  1.0412557E+03  8.86142792443E-03 -3.40066435289E-03  5.55875642348E-04
  3.1099341E+02  4.92245690612E-02 -1.92231053892E-02  3.19086284660E-03
  1.1152002E+02  1.77117929424E-01 -7.20202666090E-02  1.18171427183E-02
  4.4242428E+01  3.89038556812E-01 -1.68397853199E-01  2.84354664779E-02
  1.8549857E+01  4.23536708901E-01 -1.83634153240E-01  2.94324127424E-02
  7.6945833E+00  1.33066206759E-01  1.76053218462E-01 -3.29137942145E-02
  3.1465846E+00  1.38579469703E-03  5.88700032027E-01 -1.25779365132E-01
  1.1994069E+00  1.60821169114E-03  3.80761035954E-01 -6.62203282159E-02
  2.3982093E-01 -7.78157263731E-04  2.23435949856E-02  4.25145422107E-01
  6.5156257E-02 -1.33028195342E-04 -4.16679516657E-03  6.98329397610E-01
  Ga  p 
  1.1994069E+00  9.99880268352E-01
  Ga  p 
  6.5156257E-02  9.99993494461E-01
  Ga  d 
  1.0527765E+02  1.12706253505E-02
  3.0546613E+01  7.28181828431E-02
  1.0887423E+01  2.34159742345E-01
  4.1460714E+00  4.02007437746E-01
  1.5253821E+00  4.11641977015E-01
  5.0539708E-01  1.98350461666E-01
  1.9138954E-01  1.38421045452E-02
  Ga  d 
  5.0539708E-01  9.99929361752E-01
  Ga  d 
  1.9138954E-01  9.99973247879E-01
end
basis "Ge_dyall_relrcpvdz_fi_sf_sc" SPHERICAL
  Ge  s 
  2.8175173E+06  3.10401322395E-05 -9.85430209697E-06  3.81706098252E-06 -9.86722799841E-07
  3.3473037E+05  3.24252737913E-04 -1.03659192774E-04  4.00148519297E-05 -1.03319918490E-05
  6.4402606E+04  2.03161749390E-03 -6.44615256211E-04  2.50138801617E-04 -6.46966988346E-05
  1.6069168E+04  9.60755307444E-03 -3.10414920672E-03  1.19742704818E-03 -3.09049012386E-04
  4.7513554E+03  3.70249153370E-02 -1.19756516997E-02  4.67003435558E-03 -1.20916390500E-03
  1.5856341E+03  1.16087017426E-01 -4.01897290771E-02  1.55910771614E-02 -4.02510850266E-03
  5.7974908E+02  2.78168163234E-01 -1.04956431607E-01  4.19734489262E-02 -1.09139527650E-02
  2.2793794E+02  4.13253178094E-01 -2.14049074470E-01  8.67738743900E-02 -2.25080109698E-02
  9.4165431E+01  2.62567205300E-01 -1.59938162525E-01  7.34680319206E-02 -1.95912890355E-02
  3.0123898E+01  2.75873296395E-02  4.82008326796E-01 -2.98409342302E-01  8.28834691431E-02
  1.2748988E+01 -5.61907754123E-03  6.28745316758E-01 -5.29270554512E-01  1.52170463370E-01
  3.7562490E+00  1.89272509748E-03  7.10401658487E-02  5.67531388630E-01 -2.04218359911E-01
  1.5461753E+00 -8.76547339396E-04 -1.22842532009E-02  6.90947727653E-01 -4.05715347120E-01
  2.5478689E-01  2.26278524320E-04  2.83215566735E-03  3.14300198074E-02  6.51966158100E-01
  9.4605272E-02 -1.01935055185E-04 -1.24258478753E-03 -9.64948212998E-03  5.19658857157E-01
  Ge  s 
  1.5461753E+00  9.99907386843E-01
  Ge  s 
  9.4605272E-02  9.99994332463E-01
  Ge  p 
  5.8318413E+03  7.86021522915E-04 -3.03996573712E-04  6.00290752311E-05
  1.1709342E+03  8.25204089157E-03 -3.21683765738E-03  6.25424353686E-04
  3.4765990E+02  4.64686862416E-02 -1.83950090049E-02  3.64516160226E-03
  1.2427841E+02  1.69815793350E-01 -7.00808373875E-02  1.36753485757E-02
  4.9266501E+01  3.81105311573E-01 -1.66933864954E-01  3.37169717757E-02
  2.0682780E+01  4.28672010484E-01 -1.91348158047E-01  3.63769029047E-02
  8.6697716E+00  1.44109098501E-01  1.56728813380E-01 -3.45761070301E-02
  3.5576107E+00  3.04476645509E-03  5.87647047900E-01 -1.54118684548E-01
  1.3783228E+00  1.48683471728E-03  3.94018875486E-01 -7.84815567327E-02
  2.9396632E-01 -8.10634440775E-04  2.42296486380E-02  4.89146224809E-01
  8.4171224E-02 -1.63871253087E-04 -4.30169347696E-03  6.38451416630E-01
  Ge  p 
  1.3783228E+00  9.99862412176E-01
  Ge  p 
  8.4171224E-02  9.99991595936E-01
  Ge  d 
  1.2138547E+02  1.03697199190E-02
  3.5349248E+01  6.86708918659E-02
  1.2678712E+01  2.26914331967E-01
  4.8868358E+00  4.01714319185E-01
  1.8375790E+00  4.16512157097E-01
  6.3009513E-01  1.90963799836E-01
  2.4355143E-01  1.14598173285E-02
  Ge  d 
  6.3009513E-01  9.99911935621E-01
  Ge  d 
  2.4355143E-01  9.99965957202E-01
end
basis "As_dyall_relrcpvdz_fi_sf_sc" SPHERICAL
  As  s 
  3.1243334E+06  2.97274348595E-05 -9.48289270537E-06  3.71124580355E-06 -1.03048859163E-06
  3.7008937E+05  3.12124750343E-04 -1.00247768055E-04  3.91111909180E-05 -1.08508512771E-05
  7.0907383E+04  1.96476601187E-03 -6.26425057229E-04  2.45562538778E-04 -6.82117288378E-05
  1.7619521E+04  9.33115154275E-03 -3.02823543898E-03  1.18079361455E-03 -3.27508597511E-04
  5.1909618E+03  3.61065726760E-02 -1.17308336962E-02  4.62026623398E-03 -1.28454988548E-03
  1.7269528E+03  1.13769643087E-01 -3.95083034527E-02  1.54953527889E-02 -4.30023262249E-03
  6.2969403E+02  2.74660140725E-01 -1.03830551068E-01  4.19145285838E-02 -1.16995000044E-02
  2.4691683E+02  4.13360150491E-01 -2.13369848730E-01  8.74955790431E-02 -2.44186773135E-02
  1.0170796E+02  2.67907605083E-01 -1.64243706550E-01  7.58303345141E-02 -2.16558767633E-02
  3.2528466E+01  2.89755663707E-02  4.75133071926E-01 -2.96997214884E-01  8.85918323241E-02
  1.3807231E+01 -6.03350506415E-03  6.33098697113E-01 -5.39878211078E-01  1.68160942984E-01
  4.1370645E+00  2.10800083050E-03  7.48728992267E-02  5.47220204252E-01 -2.15283802684E-01
  1.7359875E+00 -9.98816397340E-04 -1.31336370530E-02  7.10611894680E-01 -4.48303850890E-01
  3.1149420E-01  2.67423406136E-04  3.07033493248E-03  3.50954061893E-02  6.68190455463E-01
  1.1697081E-01 -1.17555050171E-04 -1.31724113914E-03 -1.00288223213E-02  5.22514372388E-01
  As  s 
  1.7359875E+00  9.99896019464E-01
  As  s 
  1.1697081E-01  9.99992992623E-01
  As  p 
  6.6086638E+03  7.22246971163E-04 -2.83352236127E-04  6.31052258157E-05
  1.3107309E+03  7.71540365013E-03 -3.05429578634E-03  6.69148168778E-04
  3.8681121E+02  4.40226432723E-02 -1.76651471812E-02  3.94842525654E-03
  1.3781978E+02  1.63228612469E-01 -6.83495261779E-02  1.50330896330E-02
  5.4579618E+01  3.73642988556E-01 -1.65667210359E-01  3.77695994657E-02
  2.2935656E+01  4.32858949575E-01 -1.98224684869E-01  4.25814852120E-02
  9.6959046E+00  1.54506753484E-01  1.39816627108E-01 -3.50123438351E-02
  3.9922459E+00  4.72137989503E-03  5.86038126749E-01 -1.76390148799E-01
  1.5721764E+00  1.36367040486E-03  4.05086769097E-01 -9.10856424082E-02
  3.5909732E-01 -8.37173767551E-04  2.63603059552E-02  5.21425443491E-01
  1.0528574E-01 -2.09767161996E-04 -4.21374356615E-03  6.10525640760E-01
  As  p 
  1.5721764E+00  9.99843066424E-01
  As  p 
  1.0528574E-01  9.99989487798E-01
  As  d 
  1.3796566E+02  9.68956883328E-03
  4.0280939E+01  6.55208048966E-02
  1.4521035E+01  2.21347024776E-01
  5.6501102E+00  4.01669849269E-01
  2.1613585E+00  4.20289377440E-01
  7.6004375E-01  1.84729909843E-01
  3.0271319E-01  9.86565676245E-03
  As  d 
  7.6004375E-01  9.99893776852E-01
  As  d 
  3.0271319E-01  9.99957688373E-01
end
basis "Se_dyall_relrcpvdz_fi_sf_sc" SPHERICAL
  Se  s 
  3.4418289E+06  2.86096242044E-05 -9.16886898204E-06  3.62490229316E-06 -1.06452940200E-06
  4.0706814E+05  3.01599855858E-04 -9.73064879025E-05  3.83605936097E-05 -1.12593152967E-05
  7.7724485E+04  1.90584021605E-03 -6.10500914340E-04  2.41728288225E-04 -7.10081747722E-05
  1.9242613E+04  9.08544790737E-03 -2.96125227606E-03  1.16689593782E-03 -3.42457463842E-04
  5.6502473E+03  3.52848271448E-02 -1.15140965363E-02  4.57968387138E-03 -1.34628178257E-03
  1.8742536E+03  1.11680793597E-01 -3.89019123009E-02  1.54211986310E-02 -4.52938112045E-03
  6.8163116E+02  2.71450611351E-01 -1.02827053251E-01  4.18995643517E-02 -1.23629923072E-02
  2.6660898E+02  4.13342588448E-01 -2.12736604479E-01  8.82090393675E-02 -2.60752360688E-02
  1.0952284E+02  2.72745110984E-01 -1.68076395115E-01  7.80576433702E-02 -2.35191971152E-02
  3.5034690E+01  3.03030922315E-02  4.68588583026E-01 -2.95823589660E-01  9.33183689760E-02
  1.4913074E+01 -6.43116991315E-03  6.37112009788E-01 -5.50091429756E-01  1.82651638989E-01
  4.5376170E+00  2.32109654591E-03  7.85692151713E-02  5.29150231294E-01 -2.24026921844E-01
  1.9376206E+00 -1.12143568643E-03 -1.39363319123E-02  7.28202231085E-01 -4.85742011580E-01
  3.7182040E-01  3.07743815421E-04  3.26743763284E-03  3.85743961624E-02  6.79795348197E-01
  1.4072142E-01 -1.32200836864E-04 -1.37388012424E-03 -1.03040734549E-02  5.28037817847E-01
  Se  s 
  1.9376206E+00  9.99883944644E-01
  Se  s 
  1.4072142E-01  9.99991569814E-01
  Se  p 
  7.4146984E+03  6.72540388379E-04 -2.67574095993E-04  6.51194384426E-05
  1.4535510E+03  7.30012733437E-03 -2.93281419494E-03  7.01819474512E-04
  4.2640806E+02  4.21487185715E-02 -1.71431100988E-02  4.18756512989E-03
  1.5142274E+02  1.58215480806E-01 -6.71914197281E-02  1.61464581242E-02
  5.9888667E+01  3.67961123951E-01 -1.65232719412E-01  4.11928580902E-02
  2.5177368E+01  4.35842298863E-01 -2.03813395101E-01  4.79391716239E-02
  1.0701263E+01  1.62417616051E-01  1.28408319430E-01 -3.54583858841E-02
  4.4231956E+00  5.99961676845E-03  5.85265647661E-01 -1.95615078606E-01
  1.7702028E+00  1.27145987268E-03  4.11090143476E-01 -1.00664995148E-01
  4.2839630E-01 -8.70561220802E-04  2.79671731670E-02  5.43927396128E-01
  1.2754023E-01 -2.56465711958E-04 -3.97430188438E-03  5.92167790542E-01
  Se  p 
  1.7702028E+00  9.99823305572E-01
  Se  p 
  1.2754023E-01  9.99987265858E-01
  Se  d 
  1.5513405E+02  9.15069393477E-03
  4.5376266E+01  6.30082687284E-02
  1.6426797E+01  2.16872226984E-01
  6.4410698E+00  4.01752375792E-01
  2.4987276E+00  4.23304570111E-01
  8.9598920E-01  1.79494980656E-01
  3.6572097E-01  8.73651300420E-03
  Se  d 
  8.9598920E-01  9.99874781315E-01
  Se  d 
  3.6572097E-01  9.99948882259E-01
end
basis "Br_dyall_relrcpvdz_fi_sf_sc" SPHERICAL
  Br  s 
  3.7895813E+06  2.75301654264E-05 -8.86301494240E-06  3.53856451277E-06 -1.08752535787E-06
  4.4717799E+05  2.91430495880E-04 -9.44405019738E-05  3.76068863515E-05 -1.15546294742E-05
  8.5061721E+04  1.84911429528E-03 -5.95048801205E-04  2.37910247226E-04 -7.31304145337E-05
  2.0977397E+04  8.84974170295E-03 -2.89658300819E-03  1.15306877948E-03 -3.54279182300E-04
  6.1380826E+03  3.44992172630E-02 -1.13058217432E-02  4.54000588807E-03 -1.39637496450E-03
  2.0298456E+03  1.09686903223E-01 -3.83219079273E-02  1.53481491980E-02 -4.72045398339E-03
  7.3621983E+02  2.68374388701E-01 -1.01865847960E-01  4.18887026383E-02 -1.29290387082E-02
  2.8721282E+02  4.13265504067E-01 -2.12109881698E-01  8.88865887487E-02 -2.75335423178E-02
  1.1766792E+02  2.77363809498E-01 -1.71651017887E-01  8.02134883680E-02 -2.52419345434E-02
  3.7649015E+01  3.16190309864E-02  4.62234454397E-01 -2.94719589927E-01  9.72917856467E-02
  1.6068678E+01 -6.82663367981E-03  6.40925966601E-01 -5.59933510960E-01  1.95977676926E-01
  4.9578277E+00  2.53657932748E-03  8.21495282001E-02  5.12943315548E-01 -2.31130290048E-01
  2.1507746E+00 -1.24622664417E-03 -1.47021321875E-02  7.44032880991E-01 -5.19128044070E-01
  4.3577719E-01  3.47874094895E-04  3.43376434934E-03  4.18811196137E-02  6.88892559529E-01
  1.6587169E-01 -1.46287733263E-04 -1.41834060204E-03 -1.05034231772E-02  5.34377345732E-01
  Br  s 
  2.1507746E+00  9.99871180448E-01
  Br  s 
  1.6587169E-01  9.99990063165E-01
  Br  p 
  8.2263682E+03  6.35983279875E-04 -2.56491073598E-04  6.68687594514E-05
  1.5952921E+03  7.00289477960E-03 -2.85292335311E-03  7.31153233064E-04
  4.6530995E+02  4.08509244228E-02 -1.68373942963E-02  4.40627177083E-03
  1.6469220E+02  1.54874642732E-01 -6.66716690358E-02  1.71635222641E-02
  6.5035208E+01  3.64405904207E-01 -1.65798655910E-01  4.43085464023E-02
  2.7337365E+01  4.37868505555E-01 -2.08254238360E-01  5.25470707907E-02
  1.1649478E+01  1.67338249727E-01  1.22899227147E-01 -3.67113214147E-02
  4.8374515E+00  6.67069746809E-03  5.85958158785E-01 -2.13154942728E-01
  1.9673705E+00  1.23965277452E-03  4.11586198141E-01 -1.06483950532E-01
  5.0065031E-01 -9.20214255638E-04  2.88912831479E-02  5.61851719147E-01
  1.5075992E-01 -2.99815715277E-04 -3.60193444198E-03  5.77899418774E-01
  Br  p 
  1.9673705E+00  9.99803631753E-01
  Br  p 
  1.5075992E-01  9.99984947569E-01
  Br  d 
  1.7296284E+02  8.70904621160E-03
  5.0656480E+01  6.09339369604E-02
  1.8403483E+01  2.13158124902E-01
  7.2628043E+00  4.01900810036E-01
  2.8508637E+00  4.25776823672E-01
  1.0383609E+00  1.75046943201E-01
  4.3215895E-01  7.89567464325E-03
  Br  d 
  1.0383609E+00  9.99854889174E-01
  Br  d 
  4.3215895E-01  9.99939597021E-01
end
basis "Kr_dyall_relrcpvdz_fi_sf_sc" SPHERICAL
  Kr  s 
  4.1409874E+06  2.66440138157E-05 -8.61577416315E-06  3.47247300973E-06 -1.10839581694E-06
  4.8847354E+05  2.82849744310E-04 -9.20554018117E-05  3.70119551600E-05 -1.18133368423E-05
  9.2664030E+04  1.80005997851E-03 -5.81862781497E-04  2.34823197284E-04 -7.49598321395E-05
  2.2777635E+04  8.64299274917E-03 -2.84061216402E-03  1.14184017497E-03 -3.64489487596E-04
  6.6441807E+03  3.38024120738E-02 -1.11241260057E-02  4.50837489976E-03 -1.43984927646E-03
  2.1910986E+03  1.07898558539E-01 -3.78112294831E-02  1.52931044318E-02 -4.88757169662E-03
  7.9272239E+02  2.65563635507E-01 -1.01015257366E-01  4.19083807859E-02 -1.34290487811E-02
  3.0851234E+02  4.13080636629E-01 -2.11527602294E-01  8.95419417295E-02 -2.88396522028E-02
  1.2608342E+02  2.81528410395E-01 -1.74812393616E-01  8.22175223206E-02 -2.68255430895E-02
  4.0366599E+01  3.28710946692E-02  4.56234990917E-01 -2.93773754895E-01  1.00722776009E-01
  1.7272037E+01 -7.20156280814E-03  6.44426222934E-01 -5.69288814943E-01  2.08316463699E-01
  5.3973698E+00  2.74622836653E-03  8.55712390224E-02  4.98464711306E-01 -2.37121792245E-01
  2.3750913E+00 -1.36887112309E-03 -1.54216395065E-02  7.58249247646E-01 -5.49144531934E-01
  5.0339441E-01  3.86723818662E-04  3.57307209966E-03  4.50081438741E-02  6.96474817876E-01
  1.9243731E-01 -1.59451661090E-04 -1.45290550691E-03 -1.06379340741E-02  5.40780257787E-01
  Kr  s 
  2.3750913E+00  9.99857748404E-01
  Kr  s 
  1.9243731E-01  9.99988471736E-01
  Kr  p 
  9.0159079E+03  6.11821566214E-04 -2.50104674570E-04  6.85009969040E-05
  1.7313108E+03  6.82129250861E-03 -2.81668969509E-03  7.58278299900E-04
  5.0226194E+02  4.01343428248E-02 -1.67655813655E-02  4.60994528201E-03
  1.7720157E+02  1.53289471266E-01 -6.68810772345E-02  1.80920457155E-02
  6.9850788E+01  3.63244867745E-01 -1.67596478002E-01  4.70956636974E-02
  2.9341601E+01  4.39102236578E-01 -2.11684082087E-01  5.61492140162E-02
  1.2501417E+01  1.68905756086E-01  1.23892314727E-01 -3.93117408869E-02
  5.2199001E+00  6.55468812604E-03  5.89018422715E-01 -2.29134371030E-01
  2.1574198E+00  1.29474618542E-03  4.06041156966E-01 -1.07186615817E-01
  5.7498183E-01 -9.80702245363E-04  2.81403702723E-02  5.77458344846E-01
  1.7477232E-01 -3.23033767885E-04 -3.91207259467E-03  5.65247064897E-01
  Kr  p 
  2.1574198E+00  9.99784669483E-01
  Kr  p 
  1.7477232E-01  9.99982550154E-01
  Kr  d 
  1.9150272E+02  8.33762383280E-03
  5.6136172E+01  5.91763074163E-02
  2.0456151E+01  2.09993868111E-01
  8.1173800E+00  4.02085566515E-01
  3.2185448E+00  4.27808126964E-01
  1.1874422E+00  1.71494295828E-01
  4.6525124E-01  7.37643845314E-03
  Kr  d 
  1.1874422E+00  9.99834061029E-01
  Kr  d 
  4.6525124E-01  9.99934972220E-01
end
basis "In_dyall_relrcpvdz_fi_sf_sc" SPHERICAL
  In  s 
  3.5273853E+07  3.28102216187E-06 -1.12099245804E-06  4.92208008140E-07  2.11507369556E-07  5.88532860954E-08
  5.5955652E+06  3.07409812391E-05 -1.04975856186E-05  4.61958813674E-06  1.98198350532E-06  5.51096173412E-07
  1.2143865E+06  1.74778810693E-04 -5.97623343049E-05  2.62309308962E-05  1.12756575346E-05  3.13801627800E-06
  3.1483490E+05  8.11183716132E-04 -2.77383212773E-04  1.22167460593E-04  5.23942991883E-05  1.45655546138E-05
  9.3260917E+04  3.21748435836E-03 -1.10460740189E-03  4.84772159767E-04  2.08510704885E-04  5.80429690567E-05
  3.0645910E+04  1.12576854263E-02 -3.88540785261E-03  1.71505217946E-03  7.35318391668E-04  2.04372040037E-04
  1.0953510E+04  3.49755107962E-02 -1.22961352251E-02  5.40955238791E-03  2.33006948390E-03  6.48916562035E-04
  4.1948598E+03  9.51407408882E-02 -3.47052748086E-02  1.54675012429E-02  6.63646081266E-03  1.84424291027E-03
  1.7007703E+03  2.14508372809E-01 -8.56908969527E-02  3.83487028503E-02  1.66054752184E-02  4.63072970668E-03
  7.2264737E+02  3.52988422801E-01 -1.69304670802E-01  7.90554926053E-02  3.41279861089E-02  9.48701703884E-03
  3.1801130E+02  3.22897900403E-01 -2.12174404770E-01  1.02202258808E-01  4.53839720187E-02  1.27399182918E-02
  1.3987329E+02  9.48938739928E-02  4.09065250579E-02 -2.26807799531E-02 -1.20199241535E-02 -3.57769192345E-03
  6.5405728E+01 -1.44152387209E-03  5.60935236060E-01 -4.47998032797E-01 -2.12712912991E-01 -5.99228009745E-02
  3.0768410E+01  2.24550467495E-03  4.89455456097E-01 -4.98122598129E-01 -2.70133640618E-01 -7.90043666227E-02
  1.2042923E+01 -1.15225840118E-03  6.57303698259E-02  5.61721773443E-01  4.33952442538E-01  1.36126485309E-01
  5.9404913E+00  5.92236118470E-04 -9.77605488152E-03  7.38628512598E-01  7.86814484065E-01  2.55307784603E-01
  2.0529594E+00 -2.24618862564E-04  2.74466958498E-03  6.92202399353E-02 -7.19877265711E-01 -3.18274802395E-01
  9.1175079E-01  9.78887547059E-05 -1.19025467408E-03 -9.34907335585E-03 -6.90243663217E-01 -4.21222943377E-01
  1.6986675E-01 -2.30293486831E-05  2.62823467062E-04  1.96143491233E-03 -2.48119186755E-02  6.62415529795E-01
  6.3031726E-02  9.71982996686E-06 -1.11059775289E-04 -7.97420496719E-04  6.71447434565E-03  5.33195364648E-01
  In  s 
  9.1175079E-01  9.99945384170E-01
  In  s 
  6.3031726E-02  9.99996223934E-01
  In  p 
  1.5343905E+05  2.37155265888E-05 -1.09173753049E-05  4.48975591760E-06 -9.00506278919E-07
  2.3200840E+04  3.55801375707E-04 -1.63735230197E-04  6.67193843787E-05 -1.34244721882E-05
  5.5031001E+03  2.98936834002E-03 -1.38423689043E-03  5.69810368333E-04 -1.14308958468E-04
  1.6982515E+03  1.69028044120E-02 -7.88888066437E-03  3.22375331306E-03 -6.48833771072E-04
  6.1832874E+02  6.91948695936E-02 -3.31660469225E-02  1.37469436156E-02 -2.75991249072E-03
  2.5100531E+02  2.02897487641E-01 -1.01583067535E-01  4.20123672520E-02 -8.47519702453E-03
  1.0931559E+02  3.83808242624E-01 -2.06581312106E-01  8.80857517298E-02 -1.77173015188E-02
  4.9808315E+01  3.71800498513E-01 -1.78812312387E-01  7.05990856270E-02 -1.43099820627E-02
  2.2516122E+01  1.18282720065E-01  2.34940709190E-01 -1.32562021586E-01  2.83180335676E-02
  1.0496080E+01  6.78770370357E-04  6.06524363461E-01 -3.99640590110E-01  8.44520837068E-02
  4.9584017E+00  1.28982703684E-03  2.89264642194E-01 -5.06557067787E-02  6.99651177607E-03
  2.0901780E+00 -1.79048071441E-03  2.05438563452E-02  6.68513340979E-01 -1.83250751642E-01
  8.4039014E-01 -6.68246243324E-04  4.91811725197E-04  4.66715783112E-01 -1.17366413169E-01
  1.8883852E-01 -9.25531189792E-04  1.02926174618E-04  2.77206093382E-02  4.38667081695E-01
  5.5054613E-02 -5.01302236406E-04  2.09340109876E-05 -4.68688649193E-03  6.91045928342E-01
  In  p 
  8.4039014E-01  9.99916102275E-01
  In  p 
  5.5054613E-02  9.99994503052E-01
  In  d 
  6.8982131E+02  3.22593035589E-03 -1.16121763287E-03
  2.0085350E+02  2.78452195708E-02 -9.91186665444E-03
  7.5107455E+01  1.21986982279E-01 -4.49014912604E-02
  3.1500654E+01  3.11595518965E-01 -1.12871838764E-01
  1.3826508E+01  4.43348370049E-01 -1.57175320949E-01
  6.2052383E+00  2.81526686559E-01  1.10301107223E-02
  2.5683242E+00  4.63281529296E-02  4.00990698437E-01
  1.0117775E+00 -1.34394272042E-03  5.20638976578E-01
  3.5616355E-01  8.22882624971E-04  2.36816033851E-01
  1.5088292E-01 -3.43637622005E-04  1.24916001309E-02
  In  d 
  3.5616355E-01  9.99950218009E-01
  In  d 
  1.5088292E-01  9.99978909624E-01
end
basis "Sn_dyall_relrcpvdz_fi_sf_sc" SPHERICAL
  Sn  s 
  3.6003685E+07  3.34100654266E-06 -1.14597898665E-06  5.05547394598E-07  2.20094489800E-07  6.61463752057E-08
  5.8067184E+06  3.10162326811E-05 -1.06320409986E-05  4.70059080935E-06  2.04345966076E-06  6.13752852323E-07
  1.2727830E+06  1.74531845056E-04 -5.99146445287E-05  2.64222547681E-05  1.15067988992E-05  3.45865738819E-06
  3.3188926E+05  8.04709343016E-04 -2.76215946549E-04  1.22218743897E-04  5.31128599342E-05  1.59498922699E-05
  9.8649286E+04  3.17737548352E-03 -1.09518894853E-03  4.82926886073E-04  2.10431683387E-04  6.32638929083E-05
  3.2477697E+04  1.10866128978E-02 -3.84039149005E-03  1.70300210348E-03  7.39893176217E-04  2.22152379268E-04
  1.1619233E+04  3.43894579672E-02 -1.21346975365E-02  5.36398622072E-03  2.34050367159E-03  7.03932437840E-04
  4.4515132E+03  9.35471525698E-02 -3.42129991780E-02  1.53164167843E-02  6.65984467185E-03  1.99948647894E-03
  1.8049709E+03  2.11393549785E-01 -8.45659213418E-02  3.80195958107E-02  1.66752309825E-02  5.02153640473E-03
  7.6692971E+02  3.50285712884E-01 -1.67495066421E-01  7.85066521547E-02  3.43529137666E-02  1.03196888175E-02
  3.3769568E+02  3.25304614625E-01 -2.12661859922E-01  1.02851747597E-01  4.62275028838E-02  1.40062349911E-02
  1.4941795E+02  9.91589612886E-02  3.19852154474E-02 -1.79565975669E-02 -9.88475461343E-03 -3.18691093977E-03
  6.9479760E+01 -5.69440735801E-04  5.55187824523E-01 -4.43100143307E-01 -2.13557519658E-01 -6.51193030240E-02
  3.2638162E+01  2.09036641065E-03  4.98254735272E-01 -5.10354219785E-01 -2.80067190897E-01 -8.84475380762E-02
  1.2803297E+01 -1.10699593583E-03  6.90274788699E-02  5.48516331631E-01  4.30616894040E-01  1.46259936886E-01
  6.3511153E+00  5.81186616946E-04 -1.05128567565E-02  7.48999295564E-01  8.11075769760E-01  2.87022259464E-01
  2.2359332E+00 -2.29267739386E-04  3.05209851527E-03  7.43121294236E-02 -6.98344435475E-01 -3.39145010097E-01
  1.0133249E+00  1.02951711281E-04 -1.35008391671E-03 -1.01242725402E-02 -7.17447746182E-01 -4.79481516207E-01
  2.0620170E-01 -2.52140169248E-05  3.09347230972E-04  2.15319412683E-03 -2.78389160023E-02  6.98627210530E-01
  7.8132498E-02  1.03908145827E-05 -1.26371483753E-04 -8.56767049869E-04  6.97406722207E-03  5.24533852689E-01
  Sn  s 
  1.0133249E+00  9.99939300298E-01
  Sn  s 
  7.8132498E-02  9.99995319293E-01
  Sn  p 
  1.7556411E+05  2.10362830958E-05 -9.73729880116E-06  4.07702742178E-06 -9.46260903264E-07
  2.6360370E+04  3.15862677214E-04 -1.46333211855E-04  6.06818744168E-05 -1.41651941852E-05
  6.1852424E+03  2.69005250086E-03 -1.25233744074E-03  5.24855302856E-04 -1.21845794333E-04
  1.8905853E+03  1.54454677654E-02 -7.25235830399E-03  3.01589714334E-03 -7.04171425334E-04
  6.8361664E+02  6.42766508832E-02 -3.09235554609E-02  1.30465869056E-02 -3.03105818935E-03
  2.7617930E+02  1.92453392885E-01 -9.67300770701E-02  4.07013706988E-02 -9.52908871900E-03
  1.1991829E+02  3.75330150623E-01 -2.02209900906E-01  8.77374746343E-02 -2.04051865315E-02
  5.4568520E+01  3.81412790556E-01 -1.91234377002E-01  7.78583551017E-02 -1.84307608672E-02
  2.4834700E+01  1.31528346458E-01  2.02599630308E-01 -1.17638581303E-01  2.96697961361E-02
  1.1594392E+01  2.71498549587E-03  6.03258591120E-01 -4.03982925449E-01  9.84778860271E-02
  5.5089234E+00  1.12773178773E-03  3.17289058950E-01 -8.65295342075E-02  1.91651151702E-02
  2.3139102E+00 -1.81638351429E-03  2.61475473198E-02  6.62910786162E-01 -2.18647762938E-01
  9.4612519E-01 -7.05828056015E-04 -1.70283860983E-05  4.84392576201E-01 -1.37607432624E-01
  2.2149651E-01 -9.56221933340E-04  2.12935454675E-04  2.95448813089E-02  5.11170592426E-01
  6.8160564E-02 -5.40418424436E-04 -1.97004030390E-05 -4.88577507348E-03  6.25791690637E-01
  Sn  p 
  9.4612519E-01  9.99905548263E-01
  Sn  p 
  6.8160564E-02  9.99993194499E-01
  Sn  d 
  7.5613441E+02  2.96501996710E-03 -1.11464498509E-03
  2.1973777E+02  2.59373232261E-02 -9.64949919329E-03
  8.2222517E+01  1.15423086402E-01 -4.43593766236E-02
  3.4557054E+01  3.01488694548E-01 -1.14417229639E-01
  1.5232025E+01  4.41484763955E-01 -1.64255686937E-01
  6.8776607E+00  2.93840527360E-01 -2.19047881643E-03
  2.8867910E+00  5.26273111866E-02  3.97360430244E-01
  1.1623384E+00 -1.39911090776E-03  5.28318181986E-01
  4.2174340E-01  9.45839960241E-04  2.28629570477E-01
  1.8443076E-01 -4.03444880241E-04  1.05643327409E-02
  Sn  d 
  4.2174340E-01  9.99941052658E-01
  Sn  d 
  1.8443076E-01  9.99974220523E-01
end
basis "Sb_dyall_relrcpvdz_fi_sf_sc" SPHERICAL
  Sb  s 
  3.7139322E+07  3.36974821927E-06 -1.16038685445E-06  5.14217965919E-07  2.26703064727E-07  7.21646307116E-08
  6.0704746E+06  3.10478642313E-05 -1.06835200519E-05  4.74449836183E-06  2.08884473790E-06  6.64596256649E-07
  1.3412241E+06  1.73231384204E-04 -5.97040241459E-05  2.64490320050E-05  1.16639644987E-05  3.71327627229E-06
  3.5130597E+05  7.94467134465E-04 -2.73735527116E-04  1.21661289826E-04  5.35463703995E-05  1.70344507775E-05
  1.0467895E+05  3.12579816400E-03 -1.08169537433E-03  4.79156133316E-04  2.11419124207E-04  6.73178036924E-05
  3.4502938E+04  1.08848963322E-02 -3.78422418355E-03  1.68551660455E-03  7.41687221701E-04  2.35919928362E-04
  1.2348351E+04  3.37327749808E-02 -1.19461986772E-02  5.30478117318E-03  2.34371853405E-03  7.46524911586E-04
  4.7303981E+03  9.18185177079E-02 -3.36644996647E-02  1.51353012911E-02  6.66590329365E-03  2.12037884972E-03
  1.9174365E+03  2.08086929029E-01 -8.33433626367E-02  3.76338380255E-02  1.67114371771E-02  5.32912501135E-03
  8.1445573E+02  3.47446716664E-01 -1.65572794457E-01  7.78796561355E-02  3.45229112664E-02  1.09906616361E-02
  3.5873859E+02  3.27847460343E-01 -2.13115298704E-01  1.03456056369E-01  4.70474315225E-02  1.50870869590E-02
  1.5959530E+02  1.03781604868E-01  2.29827997115E-02 -1.31610999764E-02 -7.67680435601E-03 -2.63174702744E-03
  7.3751405E+01  3.83737522591E-04  5.49197450133E-01 -4.37967236982E-01 -2.14096180177E-01 -6.92976596821E-02
  3.4589058E+01  1.91967770370E-03  5.07007151359E-01 -5.22261922886E-01 -2.89981006332E-01 -9.69608172680E-02
  1.3594156E+01 -1.05178170786E-03  7.24027068776E-02  5.35155884160E-01  4.26946590538E-01  1.53868952633E-01
  6.7788357E+00  5.62865298623E-04 -1.12670015724E-02  7.59232378653E-01  8.34779456750E-01  3.15848267544E-01
  2.4248870E+00 -2.30036532545E-04  3.36846946791E-03  7.93824635149E-02 -6.79340518563E-01 -3.55493347328E-01
  1.1196249E+00  1.06079569578E-04 -1.51528309786E-03 -1.09174864179E-02 -7.41828289411E-01 -5.30493033590E-01
  2.4392169E-01 -2.66573113024E-05  3.55080465976E-04  2.31746754592E-03 -3.07094810470E-02  7.24358224954E-01
  9.3738580E-02  1.07320778339E-05 -1.40297033647E-04 -9.04995589296E-04  7.14326918528E-03  5.23503037515E-01
  Sb  s 
  1.1196249E+00  9.99932933504E-01
  Sb  s 
  9.3738580E-02  9.99994384384E-01
  Sb  p 
  2.0066627E+05  1.86925463407E-05 -8.69787238127E-06  3.70449144458E-06 -9.51647011952E-07
  2.9934203E+04  2.80466124966E-04 -1.30780297422E-04  5.51479362703E-05 -1.42570507694E-05
  6.9502806E+03  2.41934737541E-03 -1.13210821799E-03  4.82635438075E-04 -1.24014478577E-04
  2.1039777E+03  1.41034378369E-02 -6.66108587161E-03  2.81668601265E-03 -7.28324604804E-04
  7.5541099E+02  5.96531083685E-02 -2.88014954244E-02  1.23574607624E-02 -3.17778511588E-03
  3.0367606E+02  1.82286617654E-01 -9.19593982236E-02  3.93371649225E-02 -1.02002295211E-02
  1.3145302E+02  3.66184898995E-01 -1.97418041485E-01  8.70767380628E-02 -2.24179898763E-02
  5.9741391E+01  3.89765914775E-01 -2.02177643437E-01  8.45997778336E-02 -2.21993290118E-02
  2.7362415E+01  1.45468908020E-01  1.70761487464E-01 -1.02502694868E-01  2.89631489698E-02
  1.2773639E+01  5.32570943964E-03  5.97837854620E-01 -4.06357151800E-01  1.09912659098E-01
  6.0915680E+00  8.80471153036E-04  3.45065019495E-01 -1.21753059912E-01  3.18929405062E-02
  2.5522684E+00 -1.81706420586E-03  3.21871040353E-02  6.54825418799E-01 -2.44721196267E-01
  1.0618502E+00 -7.44056184210E-04 -5.90355821635E-04  5.02066399740E-01 -1.59957366769E-01
  2.6284350E-01 -9.79786877263E-04  3.45119833547E-04  3.22709797695E-02  5.47043845718E-01
  8.2855312E-02 -6.01530420966E-04 -6.67083870416E-05 -4.86152916106E-03  5.97905988917E-01
  Sb  p 
  1.0618502E+00  9.99893997535E-01
  Sb  p 
  8.2855312E-02  9.99991727321E-01
  Sb  d 
  8.2274435E+02  2.76028404017E-03 -1.07750879763E-03
  2.3862421E+02  2.44277227866E-02 -9.44376306114E-03
  8.9320021E+01  1.10180654814E-01 -4.39638985368E-02
  3.7599814E+01  2.93223929307E-01 -1.15865917718E-01
  1.6630446E+01  4.39622958712E-01 -1.70492975752E-01
  7.5470265E+00  3.03505674596E-01 -1.30287500192E-02
  3.2057523E+00  5.80118608429E-02  3.95090420641E-01
  1.3141999E+00 -1.38316646783E-03  5.34658668396E-01
  4.8770339E-01  1.04082453098E-03  2.21247787049E-01
  2.2123480E-01 -4.58327355129E-04  9.21211417714E-03
  Sb  d 
  4.8770339E-01  9.99931834470E-01
  Sb  d 
  2.2123480E-01  9.99969076378E-01
end
basis "Te_dyall_relrcpvdz_fi_sf_sc" SPHERICAL
  Te  s 
  3.7317280E+07  3.48162206890E-06 -1.20361441064E-06  5.35688134229E-07  2.39026645286E-07  7.96194393437E-08
  6.2149644E+06  3.17456455365E-05 -1.09656354723E-05  4.89074038467E-06  2.17940983350E-06  7.25689037858E-07
  1.3893377E+06  1.74987096500E-04 -6.05472311949E-05  2.69396517613E-05  1.20238556610E-05  4.00542752584E-06
  3.6654660E+05  7.95999207818E-04 -2.75319698906E-04  1.22889963434E-04  5.47460283843E-05  1.82274610585E-05
  1.0972341E+05  3.11338084345E-03 -1.08168484043E-03  4.81256660564E-04  2.14906551843E-04  7.15999284194E-05
  3.6268603E+04  1.07986424101E-02 -3.76844235340E-03  1.68564228431E-03  7.50802762833E-04  2.49957835629E-04
  1.3002736E+04  3.33749650509E-02 -1.18641810739E-02  5.29162180388E-03  2.36602701555E-03  7.88520229729E-04
  4.9861643E+03  9.07311201837E-02 -3.33665399558E-02  1.50638962301E-02  6.71584942326E-03  2.23609637008E-03
  2.0223146E+03  2.05759440358E-01 -8.25774905623E-02  3.74492123128E-02  1.68285657114E-02  5.61442667256E-03
  8.5935647E+02  3.45077016294E-01 -1.64204155232E-01  7.75173062915E-02  3.47884659428E-02  1.15957555457E-02
  3.7879619E+02  3.29222129604E-01 -2.13064771898E-01  1.03831876923E-01  4.77651464733E-02  1.60171003171E-02
  1.6921220E+02  1.07181079817E-01  1.70770977939E-02 -1.01404666481E-02 -6.28876024256E-03 -2.25295526546E-03
  7.7894761E+01  1.11815637308E-03  5.44364094348E-01 -4.34567353472E-01 -2.15341477212E-01 -7.30926981507E-02
  3.6514229E+01  1.79317790263E-03  5.12985505512E-01 -5.31191758188E-01 -2.98566672381E-01 -1.04442400790E-01
  1.4397038E+01 -1.01258370408E-03  7.51300857552E-02  5.24376059762E-01  4.25311535256E-01  1.60617641637E-01
  7.2142155E+00  5.50994838675E-04 -1.18619594010E-02  7.67411661535E-01  8.56283854009E-01  3.42107662312E-01
  2.6191775E+00 -2.32253031519E-04  3.63691910636E-03  8.40219278109E-02 -6.63718573397E-01 -3.69684084760E-01
  1.2298459E+00  1.09498219363E-04 -1.66023333048E-03 -1.16227645418E-02 -7.63033945848E-01 -5.75776079185E-01
  2.8314368E-01 -2.79965399457E-05  3.94753858255E-04  2.44259868936E-03 -3.33731963476E-02  7.44856496672E-01
  1.0993922E-01  1.10209612069E-05 -1.51219131245E-04 -9.38729259728E-04  7.22649840627E-03  5.25500597721E-01
  Te  s 
  1.2298459E+00  9.99926332006E-01
  Te  s 
  1.0993922E-01  9.99993413860E-01
  Te  p 
  2.2700415E+05  1.68731245093E-05 -7.89160303901E-06  3.41546577240E-06 -9.46397289132E-07
  3.3675937E+04  2.52583265559E-04 -1.18508938902E-04  5.07732657693E-05 -1.41630547090E-05
  7.7445553E+03  2.20292027025E-03 -1.03605942425E-03  4.48843518648E-04 -1.24400745274E-04
  2.3230247E+03  1.30201636505E-02 -6.18437440940E-03  2.65690405366E-03 -7.41267683029E-04
  8.2838118E+02  5.58802063556E-02 -2.70814529618E-02  1.18052870071E-02 -3.27464481210E-03
  3.3140183E+02  1.73812453275E-01 -8.80185824481E-02  3.82470712248E-02 -1.07014463372E-02
  1.4301670E+02  3.58023085252E-01 -1.93269034342E-01  8.65786170879E-02 -2.40474667319E-02
  6.4905819E+01  3.95986670706E-01 -2.10479831227E-01  9.01522211603E-02 -2.55345617728E-02
  2.9863622E+01  1.57722398498E-01  1.45014634731E-01 -9.03163801365E-02  2.78540769106E-02
  1.3926391E+01  7.91143343649E-03  5.92324014763E-01 -4.08796591329E-01  1.19613328399E-01
  6.6553399E+00  6.15200295099E-04  3.67098799274E-01 -1.49541935966E-01  4.34534177986E-02
  2.7883962E+00 -1.80820888655E-03  3.74198832783E-02  6.48304817546E-01 -2.66791242437E-01
  1.1797399E+00 -7.86417620564E-04 -1.10912788544E-03  5.15080717590E-01 -1.79200235291E-01
  3.0651489E-01 -1.00290932659E-03  4.65799845780E-04  3.46744123857E-02  5.72078430304E-01
  9.8149645E-02 -6.64691737401E-04 -1.09362451832E-04 -4.70841935585E-03  5.80662740293E-01
  Te  p 
  1.1797399E+00  9.99882231220E-01
  Te  p 
  9.8149645E-02  9.99990200286E-01
  Te  d 
  8.9045304E+02  2.59233062652E-03 -1.04605815824E-03
  2.5774269E+02  2.31804693630E-02 -9.27014798230E-03
  9.6487271E+01  1.05814523772E-01 -4.36417208492E-02
  4.0667485E+01  2.86204025811E-01 -1.17178942239E-01
  1.8039816E+01  4.37812632043E-01 -1.76083761548E-01
  8.2221940E+00  3.11430527074E-01 -2.22969026098E-02
  3.5287484E+00  6.27332931193E-02  3.93644793151E-01
  1.4688800E+00 -1.32241486649E-03  5.40007266708E-01
  5.5474524E-01  1.10950398621E-03  2.14729849912E-01
  2.5935413E-01 -5.03966943861E-04  8.22351010802E-03
  Te  d 
  5.5474524E-01  9.99922465389E-01
  Te  d 
  2.5935413E-01  9.99963748492E-01
end
basis "I_dyall_relrcpvdz_fi_sf_sc" SPHERICAL
  I   s 
  3.8827270E+07  3.48487272524E-06 -1.20948522606E-06  5.40550654760E-07  2.43968076368E-07  8.43357612401E-08
  6.5322030E+06  3.15875226600E-05 -1.09528283613E-05  4.90520792437E-06  2.21111523975E-06  7.64155894664E-07
  1.4690767E+06  1.72943291024E-04 -6.00773156509E-05  2.68427950818E-05  1.21181049044E-05  4.18924207361E-06
  3.8884228E+05  7.83417879296E-04 -2.72000322956E-04  1.21907833589E-04  5.49372052485E-05  1.89851221370E-05
  1.1658354E+05  3.05589525546E-03 -1.06592238483E-03  4.76244585963E-04  2.15104077239E-04  7.43689296793E-05
  3.8555711E+04  1.05848968667E-02 -3.70730098871E-03  1.66505557803E-03  7.50239674439E-04  2.59259143378E-04
  1.3820613E+04  3.27011515809E-02 -1.16664546632E-02  5.22533889197E-03  2.36306792418E-03  8.17198037520E-04
  5.2970277E+03  8.89909831181E-02 -3.28079533259E-02  1.48698587785E-02  6.70652792314E-03  2.31800821962E-03
  2.1469383E+03  2.02455362018E-01 -8.13442409853E-02  3.70374325104E-02  1.68322076920E-02  5.82665213722E-03
  9.1174304E+02  3.42165792542E-01 -1.62277621634E-01  7.68505468882E-02  3.48935612422E-02  1.20764032617E-02
  4.0189592E+02  3.31611889868E-01 -2.13317190886E-01  1.04297520202E-01  4.84995927084E-02  1.68664028412E-02
  1.8029330E+02  1.11986700808E-01  8.84192046108E-03 -5.74816267652E-03 -4.20288377209E-03 -1.57530128424E-03
  8.2464682E+01  2.13300067531E-03  5.38370351334E-01 -4.29585663840E-01 -2.15580034229E-01 -7.60867179930E-02
  3.8596572E+01  1.61063729611E-03  5.20866984873E-01 -5.41754710918E-01 -3.07922033438E-01 -1.11752485044E-01
  1.5243975E+01 -9.45635633234E-04  7.84210864437E-02  5.11607541775E-01  4.21575424761E-01  1.65401336094E-01
  7.6733417E+00  5.22391175653E-04 -1.25883497261E-02  7.76836672984E-01  8.78320414345E-01  3.67231916144E-01
  2.8196232E+00 -2.26712760944E-04  3.94902305394E-03  8.88794391905E-02 -6.49128136668E-01 -3.81568824843E-01
  1.3448350E+00  1.09287890088E-04 -1.82624843375E-03 -1.24306251711E-02 -7.82558159368E-01 -6.16976076060E-01
  3.2392157E-01 -2.82962075275E-05  4.37980630697E-04  2.57102424766E-03 -3.59672205987E-02  7.62021030079E-01
  1.2679223E-01  1.09142930892E-05 -1.62783055650E-04 -9.75533117022E-04  7.28219285882E-03  5.28858583725E-01
  I   s 
  1.3448350E+00  9.99919445092E-01
  I   s 
  1.2679223E-01  9.99992404258E-01
  I   p 
  2.5437690E+05  1.54528758001E-05 -7.26373194244E-06  3.19141068251E-06 -9.38330639202E-07
  3.7550013E+04  2.30559802962E-04 -1.08814325221E-04  4.73224729208E-05 -1.40104082215E-05
  8.5598497E+03  2.03000718147E-03 -9.59509247100E-04  4.22001216120E-04 -1.24104507391E-04
  2.5453153E+03  1.21499588565E-02 -5.80269317303E-03  2.53046755709E-03 -7.49298501836E-04
  9.0167892E+02  5.28332311695E-02 -2.57055830444E-02  1.13740552612E-02 -3.34784945585E-03
  3.5901989E+02  1.66884348513E-01 -8.48403941669E-02  3.74169592143E-02 -1.11119443935E-02
  1.5445974E+02  3.51057115608E-01 -1.89868952897E-01  8.63107519713E-02 -2.54423342403E-02
  6.9988166E+01  4.00603611451E-01 -2.16781784652E-01  9.47429629402E-02 -2.84897353690E-02
  3.2296925E+01  1.68070585004E-01  1.24869553340E-01 -8.08660201712E-02  2.67847591911E-02
  1.5039799E+01  1.02533180700E-02  5.87499378823E-01 -4.11918794911E-01  1.28250515007E-01
  7.1982764E+00  3.64928102001E-04  3.83797552556E-01 -1.70705672312E-01  5.34952813444E-02
  3.0206841E+00 -1.80112073588E-03  4.17326395356E-02  6.44120140022E-01 -2.86739468910E-01
  1.2986469E+00 -8.29420664639E-04 -1.56449274290E-03  5.23717719745E-01 -1.94954134767E-01
  3.5172841E-01 -1.02669170236E-03  5.69438985661E-04  3.66465343819E-02  5.91891630943E-01
  1.1394397E-01 -7.27787083646E-04 -1.46061020996E-04 -4.46617264690E-03  5.68197468308E-01
  I   p 
  1.2986469E+00  9.99870363851E-01
  I   p 
  1.1394397E-01  9.99988623338E-01
  I   d 
  9.5973373E+02  2.45038080378E-03 -1.01838844693E-03
  2.7722627E+02  2.21196456570E-02 -9.11665754792E-03
  1.0377420E+02  1.02074579129E-01 -4.33584101149E-02
  4.3781879E+01  2.80088578160E-01 -1.18351796230E-01
  1.9470228E+01  4.36071354378E-01 -1.81151149013E-01
  8.9080134E+00  3.18125690707E-01 -3.04400427333E-02
  3.8577521E+00  6.69449589485E-02  3.92736446931E-01
  1.6272114E+00 -1.23386818769E-03  5.44599116429E-01
  6.2325440E-01  1.15801301219E-03  2.08973818548E-01
  2.9852385E-01 -5.41602284304E-04  7.47110502028E-03
  I   d 
  6.2325440E-01  9.99912891562E-01
  I   d 
  2.9852385E-01  9.99958273895E-01
end
basis "Xe_dyall_relrcpvdz_fi_sf_sc" SPHERICAL
  Xe  s 
  3.9369255E+07  3.57162347422E-06 -1.24447018469E-06  5.58418881185E-07  2.54778882252E-07  9.08521726732E-08
  6.7259123E+06  3.20927714825E-05 -1.11710143533E-05  5.02282014971E-06  2.28888443978E-06  8.16090767301E-07
  1.5274181E+06  1.73904270016E-04 -6.06500926213E-05  2.72080728081E-05  1.24166896267E-05  4.42782111436E-06
  4.0669722E+05  7.82300217216E-04 -2.72662620497E-04  1.22689014955E-04  5.58945760994E-05  1.99284771161E-05
  1.2238988E+05  3.03619238150E-03 -1.06325997647E-03  4.76983690143E-04  2.17779549696E-04  7.76656132312E-05
  4.0564311E+04  1.04818114926E-02 -3.68509989342E-03  1.66160483693E-03  7.56898272880E-04  2.69865986103E-04
  1.4558064E+04  3.23129022199E-02 -1.15711593197E-02  5.20376132800E-03  2.37884322768E-03  8.48526321633E-04
  5.5828788E+03  8.78654403756E-02 -3.24901324244E-02  1.47823757704E-02  6.74043934938E-03  2.40389440569E-03
  2.2632845E+03  2.00102723561E-01 -8.05540560820E-02  3.68227584458E-02  1.69155504472E-02  6.03917746468E-03
  9.6123174E+02  3.39758432057E-01 -1.60898104955E-01  7.64486664766E-02  3.50957230707E-02  1.25358548256E-02
  4.2388885E+02  3.32925688995E-01 -2.13152345402E-01  1.04574026607E-01  4.91398424066E-02  1.76175511688E-02
  1.9075928E+02  1.15530127833E-01  3.43206660723E-03 -2.96618500633E-03 -2.87627323722E-03 -1.11444045362E-03
  8.6905544E+01  2.91247727346E-03  5.33577149643E-01 -4.26274759587E-01 -2.16520408153E-01 -7.89797081291E-02
  4.0653718E+01  1.47563011000E-03  5.26250649243E-01 -5.49658061247E-01 -3.15988756158E-01 -1.18285507337E-01
  1.6101346E+01 -8.97143206218E-04  8.10718219576E-02  5.01496414884E-01  4.19916991085E-01  1.70103790005E-01
  8.1391630E+00  5.02274108704E-04 -1.31624613198E-02  7.84235092680E-01  8.98145379603E-01  3.90486135682E-01
  3.0252064E+00 -2.23667771471E-04  4.21258438755E-03  9.32477304615E-02 -6.37498372347E-01 -3.92938569040E-01
  1.4634190E+00  1.09883286144E-04 -1.97084240291E-03 -1.31432912345E-02 -7.99397764987E-01 -6.54082602332E-01
  3.6632322E-01 -2.87167273052E-05  4.75370373491E-04  2.66808843836E-03 -3.83616673580E-02  7.77172046860E-01
  1.4430153E-01  1.08624977170E-05 -1.71791933141E-04 -1.00168298861E-03  7.27644062392E-03  5.32684966016E-01
  Xe  s 
  1.4634190E+00  9.99912343045E-01
  Xe  s 
  1.4430153E-01  9.99991355344E-01
  Xe  p 
  2.8236520E+05  1.43527167183E-05 -6.77992235776E-06  3.02285765641E-06 -9.26173032157E-07
  4.1505737E+04  2.13231949838E-04 -1.01202838434E-04  4.46596568844E-05 -1.37818538381E-05
  9.3865139E+03  1.89246124205E-03 -8.98908414948E-04  4.01209254816E-04 -1.22953613380E-04
  2.7683994E+03  1.14557339154E-02 -5.50015694375E-03  2.43380184018E-03 -7.51180979976E-04
  9.7453264E+02  5.04005168242E-02 -2.46220175247E-02  1.10547340731E-02 -3.39090384774E-03
  3.8624982E+02  1.61328472184E-01 -8.23438212661E-02  3.68472001343E-02 -1.14067942414E-02
  1.6566630E+02  3.45346574394E-01 -1.87237508925E-01  8.63502507272E-02 -2.65306282867E-02
  7.4935213E+01  4.04046833885E-01 -2.21608635534E-01  9.86344419444E-02 -3.09275289745E-02
  3.4636866E+01  1.76476923019E-01  1.09641026594E-01 -7.38993011576E-02  2.58358457392E-02
  1.6107703E+01  1.22160159587E-02  5.83818238939E-01 -4.16286810830E-01  1.35496175107E-01
  7.7199186E+00  1.48290341847E-04  3.95817581177E-01 -1.86212991516E-01  6.14965780805E-02
  3.2481060E+00 -1.80313672395E-03  4.50802515342E-02  6.43163587409E-01 -3.04498557768E-01
  1.4177697E+00 -8.69138018152E-04 -1.96325893792E-03  5.28690599677E-01 -2.06217422806E-01
  3.9822515E-01 -1.05285791580E-03  6.79370539477E-04  3.70507003953E-02  6.08778527306E-01
  1.3020222E-01 -7.91675193673E-04 -1.52861745474E-04 -5.17020367465E-03  5.58176945722E-01
  Xe  p 
  1.4177697E+00  9.99858475443E-01
  Xe  p 
  1.3020222E-01  9.99987000081E-01
  Xe  d 
  1.0309027E+03  2.32779510253E-03 -9.93417522287E-04
  2.9716166E+02  2.11982780369E-02 -8.97674856558E-03
  1.1121289E+02  9.88051768368E-02 -4.30961625171E-02
  4.6956827E+01  2.74662908938E-01 -1.19391560183E-01
  2.0928002E+01  4.34403817024E-01 -1.85780374360E-01
  9.6074677E+00  3.23907601386E-01 -3.77318654736E-02
  4.1940016E+00  7.07503174484E-02  3.92193854032E-01
  1.7897151E+00 -1.12937019863E-03  5.48594917583E-01
  6.9347693E-01  1.19387554820E-03  2.03867567772E-01
  3.3924233E-01 -5.74639609631E-04  6.87705949270E-03
  Xe  d 
  6.9347693E-01  9.99903078628E-01
  Xe  d 
  3.3924233E-01  9.99952582943E-01
end
basis "Tl_dyall_relrcpvdz_fi_sf_sc" SPHERICAL
  Tl  s 
  5.8033828E+07  5.90682870351E-06 -2.30966061071E-06  1.10886499652E-06  5.57757562824E-07 -2.47043060875E-07 -7.81624406973E-08
  1.4702562E+07  4.06153550683E-05 -1.58895846894E-05  7.63541606209E-06  3.83623682256E-06 -1.70008123380E-06 -5.37838336333E-07
  4.6355575E+06  1.50146460708E-04 -5.87562030528E-05  2.82084892070E-05  1.41922090258E-05 -6.28548930332E-06 -1.98871676894E-06
  1.5852740E+06  5.05282886893E-04 -1.98023149797E-04  9.52047151749E-05  4.78220267659E-05 -2.11964334301E-05 -6.70555257757E-06
  5.7924626E+05  1.53451130900E-03 -6.02086286164E-04  2.89129354536E-04  1.45526096104E-04 -6.44438465176E-05 -2.03905418280E-05
  2.2187944E+05  4.40587799713E-03 -1.73544358879E-03  8.35287749311E-04  4.19525443312E-04 -1.85987024746E-04 -5.88364327034E-05
  8.8730780E+04  1.18686308279E-02 -4.70021018215E-03  2.26024198328E-03  1.13852721989E-03 -5.04141182891E-04 -1.59522353286E-04
  3.6848078E+04  3.00371048867E-02 -1.20536095276E-02  5.82294502428E-03  2.92566675441E-03 -1.29757389033E-03 -4.10482401562E-04
  1.5843298E+04  7.02052781718E-02 -2.88402065234E-02  1.39561632460E-02  7.04607662990E-03 -3.12040466309E-03 -9.87497595573E-04
  7.0310514E+03  1.46379859575E-01 -6.32515913922E-02  3.09988386803E-02  1.56140340481E-02 -6.93380483995E-03 -2.19364627724E-03
  3.2121888E+03  2.53530129827E-01 -1.20050688470E-01  5.96259047540E-02  3.03568187872E-02 -1.34565912581E-02 -4.26041513063E-03
  1.5070783E+03  3.14614664048E-01 -1.74383587797E-01  9.00725203718E-02  4.57715515754E-02 -2.04225397851E-02 -6.46269672985E-03
  7.2301062E+02  2.14931479610E-01 -1.07843882024E-01  5.34699715775E-02  2.79290029343E-02 -1.22740449471E-02 -3.89383998486E-03
  3.3980515E+02  4.78163912111E-02  2.45356471738E-01 -1.86529440070E-01 -1.07371187432E-01  4.86065408170E-02  1.54809057967E-02
  1.7093901E+02 -1.89710347765E-03  5.58464248244E-01 -5.57089369837E-01 -3.31219571518E-01  1.54409498084E-01  4.92043861557E-02
  8.8017323E+01  1.61145492797E-03  3.20983495804E-01 -3.16640371827E-01 -2.17439423673E-01  1.01959022733E-01  3.27917141785E-02
  4.3016225E+01 -9.62213866236E-04  3.76969663590E-02  6.85859754500E-01  7.34292937691E-01 -3.87436517761E-01 -1.26918570003E-01
  2.2609863E+01  5.20351746544E-04 -2.31652982409E-03  6.48618624359E-01  8.28249042285E-01 -4.78751699339E-01 -1.58663251921E-01
  1.0266569E+01 -2.57159120669E-04  7.98590355673E-04  8.23847892206E-02 -7.17125043537E-01  6.14679246125E-01  2.17641851165E-01
  5.2648225E+00  1.30492566242E-04 -4.89994493655E-04 -6.36876238934E-03 -8.17739235535E-01  9.18065149529E-01  3.56711497528E-01
  1.8988944E+00 -4.80406668619E-05  1.85702787061E-04  1.80271953902E-03 -6.03109677816E-02 -8.15784579730E-01 -4.57265734100E-01
  8.8461372E-01  2.12783395547E-05 -8.41716472906E-05 -7.88363068052E-04  8.98013128447E-03 -6.73650381930E-01 -4.48712882491E-01
  2.0106574E-01 -5.66959315973E-06  2.97609792028E-05  1.49798867417E-04 -1.76063597765E-03 -2.64021715216E-02  6.82999420334E-01
  7.3237091E-02  2.43641546333E-06 -1.61699931457E-05 -4.68167078532E-05  6.34413730360E-04  5.47551037359E-03  5.58199021596E-01
  Tl  s 
  8.8461372E-01  9.99947009590E-01
  Tl  s 
  7.3237091E-02  9.99995612561E-01
  Tl  p 
  1.3728265E+07  4.16106598706E-07 -2.15030339026E-07  1.07383873924E-07 -4.43629773580E-08  9.67213134346E-09
  2.3572128E+06  3.83445908679E-06 -1.98520403930E-06  9.96584061259E-07 -4.09722322780E-07  8.92789920716E-08
  5.2356678E+05  2.63776961416E-05 -1.36936335533E-05  6.84011786704E-06 -2.82891450292E-06  6.16848181437E-07
  1.3629076E+05  1.62096942242E-04 -8.44279335453E-05  4.24532698170E-05 -1.74547351617E-05  3.80346249805E-06
  4.0148089E+04  9.08215828721E-04 -4.74914888762E-04  2.37686791407E-04 -9.83141851673E-05  2.14380280577E-05
  1.3182021E+04  4.51717473855E-03 -2.37592455967E-03  1.19699053951E-03 -4.92610145322E-04  1.07354914522E-04
  4.7879862E+03  1.91965823304E-02 -1.02081581026E-02  5.13102468390E-03 -2.12373382575E-03  4.63138589531E-04
  1.9028441E+03  6.71414332495E-02 -3.65232596843E-02  1.85535466462E-02 -7.64931530834E-03  1.66744003995E-03
  8.1502288E+02  1.82378759079E-01 -1.03318219575E-01  5.27159909512E-02 -2.19122575291E-02  4.78132304345E-03
  3.6967602E+02  3.44281766562E-01 -2.06368864665E-01  1.07774241044E-01 -4.45976482152E-02  9.72700395705E-03
  1.7504377E+02  3.63406215182E-01 -1.97989926248E-01  9.75502671439E-02 -4.07666385576E-02  8.89986115488E-03
  8.4456267E+01  1.46996945601E-01  1.80270804501E-01 -1.47652416950E-01  6.93708037684E-02 -1.53828479201E-02
  4.2043229E+01  6.74840893171E-03  5.92138227156E-01 -5.01834462812E-01  2.28035239275E-01 -5.03833947551E-02
  2.1172075E+01 -1.16598296326E-03  3.34916067212E-01 -1.00876568739E-01  3.00962846229E-02 -6.12738259872E-03
  1.0107599E+01 -3.37435107815E-03  3.69304370677E-02  6.82431793698E-01 -4.75539038889E-01  1.11407287057E-01
  4.9031493E+00 -1.91105620069E-03  1.45160261371E-04  4.75666478099E-01 -2.71928449616E-01  6.13584912316E-02
  1.9632888E+00 -2.11989305967E-03  1.33907687764E-04  4.07726666297E-02  6.75539294390E-01 -2.04429387058E-01
  8.0549699E-01 -1.87762822578E-03  2.53662958489E-06 -2.81081246821E-03  5.36491628361E-01 -1.60563627518E-01
  2.0049629E-01 -1.87380643883E-03  7.02762445140E-05  2.52569388326E-04  3.72678623939E-02  4.02260099198E-01
  5.5927884E-02 -1.30183099893E-03  4.55373166246E-05 -4.04875186886E-04 -4.70466530569E-03  7.38309038179E-01
  Tl  p 
  8.0549699E-01  9.99919585241E-01
  Tl  p 
  5.5927884E-02  9.99994415861E-01
  Tl  d 
  7.8021591E+03  2.93633378900E-04 -1.53519906162E-04  5.00617755479E-05
  2.0396979E+03  3.42338573322E-03 -1.81035490655E-03  5.97465738548E-04
  7.3049097E+02  2.16388887866E-02 -1.14792038160E-02  3.76093783017E-03
  3.0516736E+02  8.83917482299E-02 -4.79419653978E-02  1.58877395436E-02
  1.3964975E+02  2.39105499936E-01 -1.31091083980E-01  4.31739603092E-02
  6.7292643E+01  3.96759078851E-01 -2.11879477298E-01  7.03340692918E-02
  3.3520599E+01  3.36605442815E-01 -8.59754977909E-02  1.86978943152E-02
  1.6568385E+01  1.07466610319E-01  3.25503187801E-01 -1.35653140360E-01
  8.0815299E+00  6.60213832554E-03  5.32580570211E-01 -2.24311401070E-01
  3.8806549E+00  8.32374184161E-04  2.58699351978E-01  2.47559027581E-02
  1.6956350E+00 -4.18540143783E-04  2.81117434921E-02  4.46649611010E-01
  6.9524060E-01  6.99037304047E-05 -3.88139826409E-04  5.04630334520E-01
  2.5357650E-01 -1.17750106686E-04  3.28304525570E-04  2.01938112698E-01
  1.5026778E-01  2.38361017643E-05 -1.80326205572E-04  7.04080865204E-03
  Tl  d 
  2.5357650E-01  9.99964556017E-01
  Tl  d 
  1.5026778E-01  9.99978995604E-01
  Tl  f 
  4.8999559E+02  1.86165378654E-03
  1.6633197E+02  1.66765264272E-02
  6.9980085E+01  7.41567385899E-02
  3.2175090E+01  2.03735341738E-01
  1.5417577E+01  3.46077467881E-01
  7.3699578E+00  3.77883029436E-01
  3.4086613E+00  2.39807535470E-01
  1.4138469E+00  6.47567436359E-02
end
basis "Pb_dyall_relrcpvdz_fi_sf_sc" SPHERICAL
  Pb  s 
  5.7879047E+07  6.21380765627E-06 -2.44142075730E-06  1.17398660897E-06  5.92383775918E-07 -2.65675164966E-07 -8.92557455280E-08
  1.4727786E+07  4.24957329070E-05 -1.67050038505E-05  8.03982489747E-06  4.05244786883E-06 -1.81837494760E-06 -6.10834560369E-07
  4.6698079E+06  1.55593857007E-04 -6.11830862525E-05  2.94203868183E-05  1.48487906353E-05 -6.65890429757E-06 -2.23716005610E-06
  1.6059372E+06  5.19314726360E-04 -2.04504224472E-04  9.84754032453E-05  4.96248143159E-05 -2.22706294503E-05 -7.48103385565E-06
  5.8984778E+05  1.56449503620E-03 -6.16847030998E-04  2.96691262223E-04  1.49804220605E-04 -6.71723899393E-05 -2.25683331277E-05
  2.2691267E+05  4.46222094542E-03 -1.76613372197E-03  8.51402350821E-04  4.29006241282E-04 -1.92567659340E-04 -6.46850416638E-05
  9.1063105E+04  1.19489179869E-02 -4.75499487174E-03  2.29025758480E-03  1.15728262335E-03 -5.18895361120E-04 -1.74345928054E-04
  3.7920869E+04  3.00905445403E-02 -1.21314438916E-02  5.86974303221E-03  2.95879550077E-03 -1.32865611689E-03 -4.46304926393E-04
  1.6339134E+04  7.00391207006E-02 -2.88987472078E-02  1.40064455201E-02  7.09357995405E-03 -3.18104601933E-03 -1.06895786924E-03
  7.2625289E+03  1.45607601789E-01 -6.31361569639E-02  3.09868121849E-02  1.56590521906E-02 -7.04048094482E-03 -2.36512945609E-03
  3.3216985E+03  2.51909726972E-01 -1.19486809494E-01  5.94199548522E-02  3.03433331682E-02 -1.36208378877E-02 -4.57925726129E-03
  1.5596475E+03  3.13323070020E-01 -1.73196637161E-01  8.95070800849E-02  4.56300584312E-02 -2.06107968243E-02 -6.92558907248E-03
  7.4863789E+02  2.15758902011E-01 -1.07362672072E-01  5.31051133928E-02  2.77748062607E-02 -1.23646348011E-02 -4.16559273489E-03
  3.5261328E+02  4.89352612956E-02  2.42044236317E-01 -1.84505205870E-01 -1.06550209626E-01  4.88820612430E-02  1.65375231035E-02
  1.7750467E+02 -1.79256331923E-03  5.56187597346E-01 -5.53969039557E-01 -3.30551555183E-01  1.56032535432E-01  5.28146944169E-02
  9.1463274E+01  1.61292623416E-03  3.24383441525E-01 -3.21960922486E-01 -2.21059415905E-01  1.05150387011E-01  3.59349323643E-02
  4.4710172E+01 -9.68442481170E-04  3.89822814827E-02  6.78548180808E-01  7.28390635213E-01 -3.90023588408E-01 -1.35898372064E-01
  2.3527288E+01  5.29187756614E-04 -2.45806137900E-03  6.54145280387E-01  8.39819637332E-01 -4.92266042380E-01 -1.73646413936E-01
  1.0721457E+01 -2.66446482144E-04  8.71452528164E-04  8.50536981818E-02 -7.05298516487E-01  6.14804188586E-01  2.32353684091E-01
  5.5271506E+00  1.37806857365E-04 -5.31349841893E-04 -6.68564007713E-03 -8.28699474425E-01  9.47691083580E-01  3.94275835159E-01
  2.0274627E+00 -5.25775349586E-05  2.06409163911E-04  1.93913193594E-03 -6.41522604996E-02 -8.05267194751E-01 -4.88039446170E-01
  9.6204098E-01  2.38950752333E-05 -9.51319479180E-05 -8.64064405528E-04  9.62544263169E-03 -6.95461454893E-01 -5.00913759428E-01
  2.3294403E-01 -6.53441984877E-06  3.33188606262E-05  1.69715978047E-04 -1.90003155979E-03 -2.82290156407E-02  7.28428334099E-01
  8.6859886E-02  2.76005995243E-06 -1.74170484746E-05 -5.18226151545E-05  6.72371985650E-04  5.53433419547E-03  5.42094643471E-01
  Pb  s 
  9.6204098E-01  9.99942371978E-01
  Pb  s 
  8.6859886E-02  9.99994796463E-01
  Pb  p 
  1.4431585E+07  4.11737128980E-07 -2.13300137446E-07  1.06944447966E-07 -4.49686071413E-08  1.12397525252E-08
  2.5074331E+06  3.74981717888E-06 -1.94537584361E-06  9.80707913611E-07 -4.10445328462E-07  1.02789671925E-07
  5.6044425E+05  2.54620401495E-05 -1.32518744437E-05  6.64565225672E-06 -2.79736669023E-06  6.98988294967E-07
  1.4637279E+05  1.54742281666E-04 -8.07641105961E-05  4.07840982503E-05 -1.70699285085E-05  4.27556580087E-06
  4.3157909E+04  8.60647620026E-04 -4.51202028773E-04  2.26715371163E-04 -9.54472569936E-05  2.38533907426E-05
  1.4152440E+04  4.27375259761E-03 -2.25252055368E-03  1.13963605432E-03 -4.77433543705E-04  1.19574519842E-04
  5.1258744E+03  1.82194932458E-02 -9.70978028756E-03  4.89964345274E-03 -2.06408903419E-03  5.15966653693E-04
  2.0302193E+03  6.41771932036E-02 -3.49474246982E-02  1.78243784223E-02 -7.48069559002E-03  1.87411207751E-03
  8.6682091E+02  1.76279351120E-01 -9.99205800897E-02  5.11635817737E-02 -2.16438153375E-02  5.41191379281E-03
  3.9214842E+02  3.38673166954E-01 -2.02867728768E-01  1.06336936997E-01 -4.48002376305E-02  1.12424488515E-02
  1.8535635E+02  3.67589031963E-01 -2.04110896957E-01  1.01663218704E-01 -4.32548293355E-02  1.07637159716E-02
  8.9519283E+01  1.55725557735E-01  1.60365745536E-01 -1.34246611704E-01  6.45236128102E-02 -1.62542571511E-02
  4.4485764E+01  8.82209114106E-03  5.87970709106E-01 -5.00063986371E-01  2.31766371348E-01 -5.93139740689E-02
  2.2422844E+01 -1.37865888151E-03  3.51404505945E-01 -1.28420232074E-01  4.49931842121E-02 -9.88583117362E-03
  1.0675176E+01 -3.41092592529E-03  4.16058387783E-02  6.73946068386E-01 -4.80198807446E-01  1.27968728472E-01
  5.1917731E+00 -1.99747873478E-03 -2.41672797503E-04  4.91679396052E-01 -2.93597159684E-01  7.99665378044E-02
  2.0908307E+00 -2.15231874841E-03  2.63004580966E-04  4.41681262341E-02  6.78092133381E-01 -2.47737788405E-01
  8.7171799E-01 -1.95041714819E-03 -4.62325511358E-05 -3.16359841206E-03  5.41615398708E-01 -1.75995514443E-01
  2.1674529E-01 -1.91352551952E-03  8.24360162726E-05  3.10569899307E-04  3.57437233905E-02  5.00566229307E-01
  6.5825419E-02 -1.30403908647E-03  4.04959182631E-05 -4.45667178944E-04 -4.91870448457E-03  6.48018558761E-01
  Pb  p 
  8.7171799E-01  9.99912975225E-01
  Pb  p 
  6.5825419E-02  9.99993427650E-01
  Pb  d 
  8.4906900E+03  2.63483238142E-04 -1.38736274248E-04  4.73250162587E-05
  2.2089035E+03  3.10070528608E-03 -1.64972362472E-03  5.69686285453E-04
  7.8849257E+02  1.98334855597E-02 -1.05901355626E-02  3.62976291543E-03
  3.2885432E+02  8.22522689990E-02 -4.48467579888E-02  1.55488085553E-02
  1.5038962E+02  2.27440354069E-01 -1.25571252187E-01  4.32784015417E-02
  7.2513235E+01  3.89501109073E-01 -2.10479807672E-01  7.31777062035E-02
  3.6180561E+01  3.48018721539E-01 -1.05008255457E-01  2.70497639906E-02
  1.7976202E+01  1.20298839185E-01  2.97386202948E-01 -1.31454745205E-01
  8.8200864E+00  8.82366417474E-03  5.34860171704E-01 -2.37865844160E-01
  4.2720364E+00  8.49527145030E-04  2.82215110823E-01  4.86799474544E-04
  1.8890617E+00 -4.28178049126E-04  3.47661078098E-02  4.45549900767E-01
  7.9200114E-01  7.02625255437E-05 -7.26717051085E-04  5.15616562000E-01
  2.9683292E-01 -1.23333630129E-04  5.50172998075E-04  1.94511363540E-01
  1.7545993E-01  2.09597060540E-05 -2.99769228371E-04  6.10018327450E-03
  Pb  d 
  2.9683292E-01  9.99958510226E-01
  Pb  d 
  1.7545993E-01  9.99975474400E-01
  Pb  f 
  5.2013845E+02  1.76407196000E-03
  1.7651009E+02  1.59492918881E-02
  7.4343014E+01  7.17841691284E-02
  3.4240742E+01  1.99685766437E-01
  1.6461026E+01  3.43969286626E-01
  7.9077033E+00  3.79686943813E-01
  3.6843352E+00  2.41990211601E-01
  1.5478311E+00  6.46670931480E-02
end
basis "Bi_dyall_relrcpvdz_fi_sf_sc" SPHERICAL
  Bi  s 
  5.8022684E+07  6.50381333695E-06 -2.56781792358E-06  1.23668739043E-06  6.25968282915E-07 -2.84163214111E-07 -9.99554688144E-08
  1.4819799E+07  4.42601739026E-05 -1.74829206696E-05  8.42713509664E-06  4.26114486646E-06 -1.93528580570E-06 -6.80660042758E-07
  4.7223874E+06  1.60623903527E-04 -6.34701003436E-05  3.05676603887E-05  1.54759208599E-05 -7.02485617833E-06 -2.47108215538E-06
  1.6321833E+06  5.31973277565E-04 -2.10509072745E-04  1.01523195784E-04  5.13233724959E-05 -2.33130689212E-05 -8.19918824431E-06
  6.0232740E+05  1.59048570814E-03 -6.30180445027E-04  3.03578130821E-04  1.53758673725E-04 -6.97876069397E-05 -2.45496488375E-05
  2.3262600E+05  4.50785839150E-03 -1.79288181514E-03  8.65633499120E-04  4.37568393948E-04 -1.98798879159E-04 -6.99156065564E-05
  9.3657019E+04  1.20029451992E-02 -4.79979514965E-03  2.31545392584E-03  1.17364633122E-03 -5.32664394503E-04 -1.87390494097E-04
  3.9098920E+04  3.00854776690E-02 -1.21860092089E-02  5.90516543600E-03  2.98618573013E-03 -1.35724725777E-03 -4.77325505922E-04
  1.6878840E+04  6.97593827489E-02 -2.89088451246E-02  1.40325780557E-02  7.12869201120E-03 -3.23591753217E-03 -1.13856140790E-03
  7.5127674E+03  1.44660365139E-01 -6.29355643889E-02  3.09309271839E-02  1.56809372748E-02 -7.13584335859E-03 -2.50974490725E-03
  3.4393803E+03  2.50129218677E-01 -1.18816990680E-01  5.91549215136E-02  3.02974686295E-02 -1.37671764185E-02 -4.84643438774E-03
  1.6158149E+03  3.12081277077E-01 -1.71989393212E-01  8.89201755078E-02  4.54723513812E-02 -2.07866406110E-02 -7.31231953096E-03
  7.7585154E+02  2.16876835840E-01 -1.07136371210E-01  5.28804944073E-02  2.76927937517E-02 -1.24821663660E-02 -4.40483830707E-03
  3.6612190E+02  5.02238764837E-02  2.38309965263E-01 -1.82123575686E-01 -1.05513391779E-01  4.90325065071E-02  1.73785324027E-02
  1.8440048E+02 -1.68606790800E-03  5.53906087701E-01 -5.50682272262E-01 -3.29715261422E-01  1.57546242341E-01  5.58421193958E-02
  9.5065117E+01  1.62093808279E-03  3.28114382255E-01 -3.27676607758E-01 -2.24964568409E-01  1.08476684150E-01  3.88606920871E-02
  4.6466268E+01 -9.78843470010E-04  4.03648278394E-02  6.70935534088E-01  7.22120795091E-01 -3.92190528116E-01 -1.43355310501E-01
  2.4477290E+01  5.40655349578E-04 -2.61480101360E-03  6.59831443320E-01  8.51420439974E-01 -5.06012067889E-01 -1.87236511766E-01
  1.1190161E+01 -2.77172961184E-04  9.51601708751E-04  8.77826790550E-02 -6.93613064902E-01  6.15017535935E-01  2.44413713628E-01
  5.7978488E+00  1.45938945920E-04 -5.76728255478E-04 -7.01803166457E-03 -8.39340185734E-01  9.76719039785E-01  4.29068780158E-01
  2.1587077E+00 -5.75378503722E-05  2.29197772236E-04  2.07975297752E-03 -6.79675489645E-02 -7.96919145262E-01 -5.14956037402E-01
  1.0422614E+00  2.67575135903E-05 -1.07193697310E-04 -9.42164052575E-04  1.02895777238E-02 -7.15016679087E-01 -5.46869349171E-01
  2.6590866E-01 -7.42928690047E-06  3.68974021985E-05  1.89300697674E-04 -2.02260493360E-03 -2.98704709495E-02  7.62701725206E-01
  1.0073440E-01  3.07940579383E-06 -1.85667877455E-05 -5.61851905575E-05  7.02863196666E-04  5.51781061134E-03  5.34610648967E-01
  Bi  s 
  1.0422614E+00  9.99937567147E-01
  Bi  s 
  1.0073440E-01  9.99993965288E-01
  Bi  p 
  1.5267851E+07  4.03528061909E-07 -2.09569970826E-07  1.05485828818E-07 -4.51130296960E-08  1.24083895158E-08
  2.6863694E+06  3.63022992985E-06 -1.88700622854E-06  9.55245592362E-07 -4.06733226835E-07  1.12151099048E-07
  6.0456060E+05  2.43105514901E-05 -1.26850133870E-05  6.38608619041E-06 -2.73388222404E-06  7.51674906084E-07
  1.5848335E+05  1.45985543784E-04 -7.63411383753E-05  3.87129822944E-05 -1.64845931899E-05  4.54630758996E-06
  4.6785870E+04  8.05279053576E-04 -4.23265398651E-04  2.13505267050E-04 -9.14201977359E-05  2.51401320794E-05
  1.5325077E+04  3.99086716278E-03 -2.10743275320E-03  1.07069365256E-03 -4.56334167361E-04  1.25837778855E-04
  5.5345524E+03  1.70710830739E-02 -9.11697335006E-03  4.61809471909E-03 -1.97867762151E-03  5.44284227055E-04
  2.1842431E+03  6.06226431987E-02 -3.30353904998E-02  1.69149928537E-02 -7.22211245071E-03  1.99215301403E-03
  9.2942393E+02  1.68719881456E-01 -9.56530984473E-02  4.91438611623E-02 -2.11413013532E-02  5.81693719676E-03
  4.1932007E+02  3.31143954275E-01 -1.98075510029E-01  1.04182432018E-01 -4.46620178264E-02  1.23429803511E-02
  1.9785121E+02  3.72139158358E-01 -2.11047171542E-01  1.06350034919E-01 -4.60290003097E-02  1.25991787964E-02
  9.5696786E+01  1.67296490047E-01  1.34480430287E-01 -1.16577859040E-01  5.74043542094E-02 -1.58869235784E-02
  4.7435630E+01  1.19575701524E-02  5.80563988134E-01 -4.94979856710E-01  2.33892538143E-01 -6.60626985366E-02
  2.3929631E+01 -1.67687189087E-03  3.73351285965E-01 -1.64807675530E-01  6.50276249266E-02 -1.63422750261E-02
  1.1351604E+01 -3.41986943108E-03  4.83678002461E-02  6.58964688409E-01 -4.79079298235E-01  1.40795021826E-01
  5.5346123E+00 -2.09712515152E-03 -7.79894912244E-04  5.14558233431E-01 -3.23755408157E-01  9.86038090358E-02
  2.2410872E+00 -2.20305315727E-03  4.67309067959E-04  4.95433551212E-02  6.71887163954E-01 -2.77759783605E-01
  9.5317500E-01 -1.97573769084E-03 -1.27547797166E-04 -3.77621184251E-03  5.53642667618E-01 -1.99181480869E-01
  2.4829310E-01 -1.92924184352E-03  1.02201277005E-04  4.43511914675E-04  3.73470847443E-02  5.47173611797E-01
  7.7915822E-02 -1.39854871194E-03  3.59122816401E-05 -5.14237566505E-04 -4.71004206563E-03  6.10676039930E-01
  Bi  p 
  9.5317500E-01  9.99904844596E-01
  Bi  p 
  7.7915822E-02  9.99992220497E-01
  Bi  d 
  9.1556731E+03  2.40804385256E-04 -1.27676642426E-04  4.52931336868E-05
  2.3714380E+03  2.85632276570E-03 -1.52885925830E-03  5.49040533834E-04
  8.4391026E+02  1.84532435375E-02 -9.91686089543E-03  3.53492680197E-03
  3.5138597E+02  7.74982549947E-02 -4.24816363418E-02  1.53160695220E-02
  1.6056662E+02  2.18144007439E-01 -1.21250709700E-01  4.34727988631E-02
  7.7448462E+01  3.83100254903E-01 -2.09108648450E-01  7.56509309451E-02
  3.8688714E+01  3.56443488522E-01 -1.19359448546E-01  3.40091747710E-02
  1.9301217E+01  1.31088533459E-01  2.74772585756E-01 -1.28110700302E-01
  9.5137428E+00  1.09725133368E-02  5.35400813870E-01 -2.49392399726E-01
  4.6382853E+00  8.44142596152E-04  3.00528899951E-01 -1.90309209536E-02
  2.0735526E+00 -4.27942038497E-04  4.04350313619E-02  4.45923707291E-01
  8.8573771E-01  6.56049486853E-05 -9.61876341627E-04  5.23947127120E-01
  3.3861777E-01 -1.26552301925E-04  7.12890081294E-04  1.87616005515E-01
  2.0223207E-01  1.79015810686E-05 -3.93195274789E-04  5.41781156948E-03
  Bi  d 
  3.3861777E-01  9.99952670233E-01
  Bi  d 
  2.0223207E-01  9.99971732402E-01
  Bi  f 
  5.5102305E+02  1.67646468567E-03
  1.8692436E+02  1.52891851473E-02
  7.8801541E+01  6.96056128901E-02
  3.6351986E+01  1.95898226511E-01
  1.7527887E+01  3.41925075968E-01
  8.4583618E+00  3.81342958772E-01
  3.9675228E+00  2.44100259122E-01
  1.6865442E+00  6.46009924363E-02
end
basis "Po_dyall_relrcpvdz_fi_sf_sc" SPHERICAL
  Po  s 
  5.8309927E+07  6.79180929148E-06 -2.69471636125E-06  1.29978188056E-06  6.59922081207E-07 -3.03102132918E-07 -1.10620010625E-07
  1.4943068E+07  4.60072403536E-05 -1.82619926182E-05  8.81587921708E-06  4.47160275904E-06 -2.05471797334E-06 -7.49776697462E-07
  4.7831618E+06  1.65581925863E-04 -6.57524197131E-05  3.17152138809E-05  1.61061173841E-05 -7.39696419982E-06 -2.69967774192E-06
  1.6607700E+06  5.44412401415E-04 -2.16490795480E-04  1.04565359151E-04  5.30264083563E-05 -2.43694370367E-05 -8.89217056778E-06
  6.1553104E+05  1.61603173582E-03 -6.43480495627E-04  3.10460513163E-04  1.57725799226E-04 -7.24310605332E-05 -2.64365189664E-05
  2.3857506E+05  4.55317840216E-03 -1.81980445750E-03  8.79959176382E-04  4.46203514632E-04 -2.05101415262E-04 -7.48369574813E-05
  9.6330174E+04  1.20591793889E-02 -4.84598689745E-03  2.34132702403E-03  1.19038306035E-03 -5.46624906387E-04 -1.99526427813E-04
  4.0303817E+04  3.00935626129E-02 -1.22467009345E-02  5.94342952004E-03  3.01498862660E-03 -1.38641539222E-03 -5.05861688457E-04
  1.7427602E+04  6.95247072285E-02 -2.89383958467E-02  1.40678251327E-02  7.16823778483E-03 -3.29223670143E-03 -1.20191970725E-03
  7.7659998E+03  1.43819731039E-01 -6.27839954586E-02  3.08978435837E-02  1.57134571584E-02 -7.23445468328E-03 -2.63976369151E-03
  3.5580285E+03  2.48498113949E-01 -1.18228546266E-01  5.89289070737E-02  3.02698146612E-02 -1.39170854522E-02 -5.08362464079E-03
  1.6722965E+03  3.10849581639E-01 -1.70820841984E-01  8.83499713357E-02  4.53183601623E-02 -2.09576246975E-02 -7.64809248607E-03
  8.0318911E+02  2.17759338434E-01 -1.06627758620E-01  5.24892198745E-02  2.75222069145E-02 -1.25512348156E-02 -4.59830374150E-03
  3.7969490E+02  5.13848782820E-02  2.35318010919E-01 -1.80335702269E-01 -1.04814318672E-01  4.93110741199E-02  1.81459330265E-02
  1.9131746E+02 -1.57333992402E-03  5.51731167904E-01 -5.47744152588E-01 -3.29083617250E-01  1.59127323863E-01  5.85224957927E-02
  9.8676878E+01  1.62387782251E-03  3.31109020284E-01 -3.32137896354E-01 -2.28091206909E-01  1.11398542547E-01  4.14637891539E-02
  4.8245567E+01 -9.86464399145E-04  4.15600712815E-02  6.64160836240E-01  7.16952014911E-01 -3.94725683419E-01 -1.50004086682E-01
  2.5440911E+01  5.50236083537E-04 -2.74060694337E-03  6.64648181496E-01  8.61652634483E-01 -5.19155157203E-01 -1.99627754127E-01
  1.1667246E+01 -2.86869197162E-04  1.02041146133E-03  9.02979272939E-02 -6.83184513017E-01  6.16304129887E-01  2.55081079445E-01
  6.0742840E+00  1.53571002128E-04 -6.17385308065E-04 -7.33109745135E-03 -8.48845409935E-01  1.00430448243E+00  4.61599853932E-01
  2.2923081E+00 -6.23876507944E-05  2.50869022473E-04  2.21401871755E-03 -7.16027419523E-02 -7.91129577941E-01 -5.39956883402E-01
  1.1247044E+00  2.96063102508E-05 -1.18893623035E-04 -1.01784995881E-03  1.09351287192E-02 -7.32092583960E-01 -5.87683663455E-01
  2.9979416E-01 -8.29643854280E-06  4.02124537747E-05  2.07828748360E-04 -2.12734988421E-03 -3.13137024716E-02  7.91181108458E-01
  1.1492650E-01  3.37736142272E-06 -1.95650119625E-05 -5.98506908184E-05  7.27228285983E-04  5.45107307468E-03  5.30860210776E-01
  Po  s 
  1.1247044E+00  9.99932629269E-01
  Po  s 
  1.1492650E-01  9.99993115090E-01
  Po  p 
  1.6094731E+07  3.97541330329E-07 -2.06963213465E-07  1.04579890605E-07 -4.54551012245E-08  1.34332703805E-08
  2.8651675E+06  3.53640133411E-06 -1.84186968192E-06  9.36173063965E-07 -4.05192547764E-07  1.20073836959E-07
  6.4891394E+05  2.33798305300E-05 -1.22296820504E-05  6.18076525031E-06 -2.68904105390E-06  7.94362586004E-07
  1.7070019E+05  1.38821328088E-04 -7.27375989450E-05  3.70365407946E-05 -1.60311094575E-05  4.75170756972E-06
  5.0450487E+04  7.59663718818E-04 -4.00296081928E-04  2.02703470613E-04 -8.82105227733E-05  2.60626661268E-05
  1.6508642E+04  3.75614809826E-03 -1.98737851186E-03  1.01382171364E-03 -4.39222565219E-04  1.30170613631E-04
  5.9457148E+03  1.61115230097E-02 -8.62288674581E-03  4.38455386520E-03 -1.90924338834E-03  5.64282577284E-04
  2.3384165E+03  5.76254495286E-02 -3.14318289057E-02  1.61557723647E-02 -7.01165226667E-03  2.07864180961E-03
  9.9171977E+02  1.62240821993E-01 -9.20191056859E-02  4.74401866817E-02 -2.07389909547E-02  6.13110113824E-03
  4.4620759E+02  3.24361665348E-01 -1.93816418956E-01  1.02286383732E-01 -4.45776474359E-02  1.32416207599E-02
  2.1014718E+02  3.75529505509E-01 -2.16295497394E-01  1.10030691462E-01 -4.84075526871E-02  1.42389859550E-02
  1.0171539E+02  1.77503051416E-01  1.12950173053E-01 -1.02092698611E-01  5.15329862270E-02 -1.53152390206E-02
  5.0283133E+01  1.49441306616E-02  5.73192319622E-01 -4.89949941413E-01  2.35750125654E-01 -7.16763702337E-02
  2.5367947E+01 -1.96543036488E-03  3.91582001782E-01 -1.94215085566E-01  8.19341255211E-02 -2.26094997853E-02
  1.2001454E+01 -3.42582724018E-03  5.43539606508E-02  6.45567857024E-01 -4.79227844986E-01  1.51843057645E-01
  5.8677985E+00 -2.19444894140E-03 -1.26055350856E-03  5.32898125228E-01 -3.49204795605E-01  1.15433656304E-01
  2.3899504E+00 -2.25169690010E-03  6.59338612603E-04  5.43486358348E-02  6.67704465168E-01 -3.03685557146E-01
  1.0360252E+00 -1.99780995429E-03 -2.08668654687E-04 -4.36535667265E-03  5.62677865399E-01 -2.19674799083E-01
  2.8231375E-01 -1.94549421416E-03  1.22774636603E-04  5.69005071561E-04  3.89190217058E-02  5.79540418860E-01
  9.0411358E-02 -1.50233757544E-03  3.15211578063E-05 -5.79894253019E-04 -4.36268286230E-03  5.87573043721E-01
  Po  p 
  1.0360252E+00  9.99896575141E-01
  Po  p 
  9.0411358E-02  9.99990972900E-01
  Po  d 
  9.8151605E+03  2.22628723315E-04 -1.18840480706E-04  4.36409503371E-05
  2.5318633E+03  2.65919876687E-03 -1.43179743265E-03  5.32190530348E-04
  8.9834951E+02  1.73308817593E-02 -9.37291755237E-03  3.45850414876E-03
  3.7343320E+02  7.35901848880E-02 -4.05570012700E-02  1.51335662191E-02
  1.7049312E+02  2.10319991438E-01 -1.17662411775E-01  4.36803913495E-02
  8.2252380E+01  3.77295524542E-01 -2.07798077184E-01  7.78438211640E-02
  4.1125487E+01  3.63041029312E-01 -1.30900902486E-01  4.00962792662E-02
  2.0586094E+01  1.40546747620E-01  2.55653421984E-01 -1.25171910203E-01
  1.0185372E+01  1.30663127107E-02  5.35043914931E-01 -2.59583370193E-01
  4.9924674E+00  8.27465260498E-04  3.15575433421E-01 -3.56737565797E-02
  2.2540529E+00 -4.21510624716E-04  4.54212088747E-02  4.47183413957E-01
  9.7833425E-01  5.72405873552E-05 -1.13210458364E-03  5.30602373361E-01
  3.7974903E-01 -1.27270742453E-04  8.35760099407E-04  1.81405426043E-01
  2.2948325E-01  1.39288905137E-05 -4.69302272510E-04  4.91584162448E-03
  Po  d 
  3.7974903E-01  9.99946921701E-01
  Po  d 
  2.2948325E-01  9.99967923497E-01
  Po  f 
  5.8261287E+02  1.59772486670E-03
  1.9756108E+02  1.46901265326E-02
  8.3349358E+01  6.76075723540E-02
  3.8505687E+01  1.92368460170E-01
  1.8616521E+01  3.39960440928E-01
  9.0210323E+00  3.82864545957E-01
  4.2576508E+00  2.46111422964E-01
  1.8295243E+00  6.45442627011E-02
end
basis "At_dyall_relrcpvdz_fi_sf_sc" SPHERICAL
  At  s 
  5.8424409E+07  7.11747969445E-06 -2.83795408923E-06  1.37091722924E-06  6.98134880598E-07 -3.24274339076E-07 -1.22003884828E-07
  1.5020934E+07  4.79931206400E-05 -1.91444716338E-05  9.25547113992E-06  4.70892201597E-06 -2.18816785067E-06 -8.23122376708E-07
  4.8296548E+06  1.71278998820E-04 -6.83539152105E-05  3.30193997291E-05  1.68189066217E-05 -7.81155581899E-06 -2.93910667855E-06
  1.6847653E+06  5.58921012848E-04 -2.23364921107E-04  1.08044737168E-04  5.49586559093E-05 -2.55422696901E-05 -9.60774833308E-06
  6.2725022E+05  1.64668641624E-03 -6.58974623925E-04  3.18414153526E-04  1.62253152280E-04 -7.53516859010E-05 -2.83528097552E-05
  2.4404234E+05  4.61063419678E-03 -1.85193097221E-03  8.96819032463E-04  4.56149145718E-04 -2.12037440815E-04 -7.97545987386E-05
  9.8846917E+04  1.21422510077E-02 -4.90364646581E-03  2.37275820563E-03  1.20998480302E-03 -5.61903602116E-04 -2.11447109931E-04
  4.1458028E+04  3.01572735973E-02 -1.23314038041E-02  5.99330347671E-03  3.04965731142E-03 -1.41817024617E-03 -5.33405300281E-04
  1.7960108E+04  6.93934374910E-02 -2.90136047621E-02  1.41250829018E-02  7.21887688950E-03 -3.35297428527E-03 -1.26198046196E-03
  8.0141080E+03  1.43136650943E-01 -6.27088696871E-02  3.09018089753E-02  1.57638996817E-02 -7.33949271370E-03 -2.76062050351E-03
  3.6751153E+03  2.47010103255E-01 -1.17728954400E-01  5.87465428683E-02  3.02631943883E-02 -1.40714448365E-02 -5.29939389203E-03
  1.7283371E+03  3.09543640418E-01 -1.69652752782E-01  8.77787323368E-02  4.51586030944E-02 -2.11183384243E-02 -7.94348789686E-03
  8.3043748E+02  2.18323699124E-01 -1.05775096791E-01  5.18943602205E-02  2.72431738319E-02 -1.25605342144E-02 -4.74720972859E-03
  3.9327607E+02  5.23942279330E-02  2.33071177861E-01 -1.79140711692E-01 -1.04456541607E-01  4.97232262893E-02  1.88767698107E-02
  1.9824109E+02 -1.45591289689E-03  5.49631220319E-01 -5.45119757658E-01 -3.28634296420E-01  1.60758846172E-01  6.09492084995E-02
  1.0229702E+02  1.62168518563E-03  3.33389049428E-01 -3.35402862593E-01 -2.30468661194E-01  1.13912302237E-01  4.37742707222E-02
  5.0047987E+01 -9.91166635319E-04  4.25743709733E-02  6.58189533991E-01  7.12826023549E-01 -3.97604814770E-01 -1.56088506783E-01
  2.6418236E+01  5.57818462033E-04 -2.83729998250E-03  6.68659144312E-01  8.70607788862E-01 -5.31671691525E-01 -2.11059089752E-01
  1.2152600E+01 -2.95436825811E-04  1.07792892032E-03  9.25975805657E-02 -6.73985811326E-01  6.18635923143E-01  2.64865187347E-01
  6.3563670E+00  1.60624632363E-04 -6.52976155580E-04 -7.62426241847E-03 -8.57283566776E-01  1.03039103160E+00  4.92224170514E-01
  2.4279895E+00 -6.70799584571E-05  2.71049078223E-04  2.34100782824E-03 -7.50395034317E-02 -7.87864283722E-01 -5.64035440754E-01
  1.2090939E+00  3.24246458657E-05 -1.30017590616E-04 -1.09070004841E-03  1.15669272189E-02 -7.46687023319E-01 -6.23979336849E-01
  3.3458672E-01 -9.14400303341E-06  4.32356205986E-05  2.25402508365E-04 -2.21914568136E-03 -3.25720159732E-02  8.16059715572E-01
  1.2947162E-01  3.66361631509E-06 -2.04204964636E-05 -6.29477785143E-05  7.47752892042E-04  5.34943683645E-03  5.28961061473E-01
  At  s 
  1.2090939E+00  9.99927574900E-01
  At  s 
  1.2947162E-01  9.99992243746E-01
  At  p 
  1.6858098E+07  3.94823059495E-07 -2.06035050886E-07  1.04512840627E-07 -4.61302838197E-08  1.44262286310E-08
  3.0353119E+06  3.47542142618E-06 -1.81375352659E-06  9.25524840258E-07 -4.06830872755E-07  1.27595573752E-07
  6.9174566E+05  2.27003299782E-05 -1.19028433888E-05  6.03880051661E-06 -2.66795692820E-06  8.33989384572E-07
  1.8259603E+05  1.33340462527E-04 -7.00064297946E-05  3.57880355749E-05 -1.57322555303E-05  4.93539417052E-06
  5.4034684E+04  7.23948066582E-04 -3.82415062085E-04  1.94396501057E-04 -8.59080209113E-05  2.68591534703E-05
  1.7667826E+04  3.56968740102E-03 -1.89255467346E-03  9.69304383516E-04 -4.26482354041E-04  1.33774280457E-04
  6.3477461E+03  1.53418925748E-02 -8.22875187774E-03  4.20013257397E-03 -1.85730501459E-03  5.80881636555E-04
  2.4885643E+03  5.52006710083E-02 -3.01452343864E-02  1.55533112308E-02 -6.85535993432E-03  2.15096481822E-03
  1.0520744E+03  1.56931849472E-01 -8.90704931306E-02  4.60814537018E-02 -2.04560205232E-02  6.39953651646E-03
  4.7211751E+02  3.18595023905E-01 -1.90259744170E-01  1.00747602855E-01 -4.45943560801E-02  1.40208460898E-02
  2.2192763E+02  3.77948426242E-01 -2.20112737750E-01  1.12838302661E-01 -5.04242569411E-02  1.56990122724E-02
  1.0742120E+02  1.85989446808E-01  9.60023935434E-02 -9.08654441894E-02  4.70225580346E-02 -1.47859069043E-02
  5.2969022E+01  1.75588781052E-02  5.66652652013E-01 -4.85806937139E-01  2.37744585519E-01 -7.66050425162E-02
  2.6715273E+01 -2.22464898795E-03  4.05825325253E-01 -2.16719970856E-01  9.55888423082E-02 -2.82589387155E-02
  1.2615512E+01 -3.43803900002E-03  5.92942079907E-02  6.34838433595E-01 -4.81451838548E-01  1.62026300773E-01
  6.1868622E+00 -2.28594946764E-03 -1.67293309073E-03  5.46577354387E-01 -3.69547725016E-01  1.30310232255E-01
  2.5347171E+00 -2.29890671381E-03  8.29734963864E-04  5.83195282174E-02  6.66723091622E-01 -3.27944439219E-01
  1.1183934E+00 -2.02003247875E-03 -2.84844494711E-04 -4.90455290709E-03  5.68000527577E-01 -2.36399552768E-01
  3.1726392E-01 -1.96408008799E-03  1.42699533535E-04  6.78517326704E-04  4.01406937839E-02  6.05396683286E-01
  1.0310242E-01 -1.60611586569E-03  2.75290250243E-05 -6.39641408333E-04 -3.93482884539E-03  5.70608511489E-01
  At  p 
  1.1183934E+00  9.99888354023E-01
  At  p 
  1.0310242E-01  9.99989705787E-01
  At  d 
  1.0478646E+04  2.07484126620E-04 -1.11488324167E-04  4.22217110984E-05
  2.6925664E+03  2.49391739386E-03 -1.35064260251E-03  5.17629844290E-04
  9.5264445E+02  1.63829713533E-02 -8.91548064077E-03  3.39256325285E-03
  3.9534229E+02  7.02575770792E-02 -3.89283788421E-02  1.49769584183E-02
  1.8032916E+02  2.03512979702E-01 -1.14570834891E-01  4.38721125287E-02
  8.7003427E+01  3.71939096949E-01 -2.06548619688E-01  7.98091715537E-02
  4.3531517E+01  3.68397133225E-01 -1.40558941623E-01  4.55675784904E-02
  2.1852445E+01  1.49047369155E-01  2.38979694811E-01 -1.22443946729E-01
  1.0846574E+01  1.51152682991E-02  5.34168440019E-01 -2.68783420234E-01
  5.3410686E+00  8.05022661265E-04  3.28365650295E-01 -5.03583439139E-02
  2.4330765E+00 -4.10883841018E-04  4.98928676348E-02  4.49013205707E-01
  1.0707747E+00  4.60895511726E-05 -1.25869082660E-03  5.36076677628E-01
  4.2066819E-01 -1.25911525569E-04  9.29459630520E-04  1.75856322309E-01
  2.5699282E-01  9.04340804346E-06 -5.32379424995E-04  4.53747992715E-03
  At  d 
  4.2066819E-01  9.99941202926E-01
  At  d 
  2.5699282E-01  9.99964078526E-01
  At  f 
  6.1490293E+02  1.52669060967E-03
  2.0841720E+02  1.41449986439E-02
  8.7984805E+01  6.57713542016E-02
  4.0700851E+01  1.89078820703E-01
  1.9726322E+01  3.38080196659E-01
  9.5953321E+00  3.84266262759E-01
  4.5544477E+00  2.48017523545E-01
  1.9765264E+00  6.44921313517E-02
end
basis "Rn_dyall_relrcpvdz_fi_sf_sc" SPHERICAL
  Rn  s 
  5.6847660E+07  7.69768866744E-06 -3.08465698688E-06  1.49228420550E-06  7.62184974620E-07 -3.57847450789E-07 -1.38132743494E-07
  1.4679406E+07  5.16130433295E-05 -2.06912497699E-05  1.00175934445E-05  5.11192865666E-06 -2.40108960811E-06 -9.26652906377E-07
  4.7491256E+06  1.82162062195E-04 -7.30631053769E-05  3.53464522076E-05  1.80574316245E-05 -8.47731819339E-06 -3.27248339162E-06
  1.6678766E+06  5.88458085618E-04 -2.36355533697E-04  1.14493123048E-04  5.84133080243E-05 -2.74411600693E-05 -1.05897249024E-05
  6.2517053E+05  1.71593772431E-03 -6.90187010477E-04  3.33994298381E-04  1.70695840307E-04 -8.01278698887E-05 -3.09337749613E-05
  2.4468143E+05  4.76280952450E-03 -1.92283864561E-03  9.32510605225E-04  4.75728111191E-04 -2.23529483285E-04 -8.62568037181E-05
  9.9616040E+04  1.24411827260E-02 -5.05032185042E-03  2.44745328684E-03  1.25177221186E-03 -5.87580165476E-04 -2.26860680272E-04
  4.1959535E+04  3.06782942020E-02 -1.26089612669E-02  6.13723506391E-03  3.13232938562E-03 -1.47237843044E-03 -5.68143529968E-04
  1.8241735E+04  7.01223504524E-02 -2.94666567871E-02  1.43680444214E-02  7.36483479715E-03 -3.45766852376E-03 -1.33526785747E-03
  8.1632227E+03  1.43765098566E-01 -6.32746828464E-02  3.12262215099E-02  1.59778692064E-02 -7.51979227610E-03 -2.90165702740E-03
  3.7522497E+03  2.46722595230E-01 -1.17989222314E-01  5.89624131823E-02  3.04639909214E-02 -1.43174653664E-02 -5.53279922175E-03
  1.7679903E+03  3.07761307856E-01 -1.68543475490E-01  8.72657455445E-02  4.50247869354E-02 -2.12852674432E-02 -8.21258970910E-03
  8.5097957E+02  2.16463528525E-01 -1.02475467898E-01  4.98799274608E-02  2.62106516085E-02 -1.21974869713E-02 -4.73402548894E-03
  4.0411811E+02  5.20953322400E-02  2.35659379022E-01 -1.81878714715E-01 -1.06409682503E-01  5.12213459308E-02  1.99653866224E-02
  2.0390712E+02 -1.33982426783E-03  5.47897179885E-01 -5.44471624803E-01 -3.29601057643E-01  1.63104212086E-01  6.34448118663E-02
  1.0535432E+02  1.57764826020E-03  3.31268227538E-01 -3.31893677749E-01 -2.28459744171E-01  1.14123755235E-01  4.50726719007E-02
  5.1722745E+01 -9.70818292313E-04  4.24173976862E-02  6.56834347421E-01  7.14614902623E-01 -4.03647288437E-01 -1.62923648720E-01
  2.7337532E+01  5.48874256525E-04 -2.74542739530E-03  6.68495810492E-01  8.73849242626E-01 -5.41024960917E-01 -2.20649612632E-01
  1.2628208E+01 -2.94725626555E-04  1.05720785527E-03  9.37578093065E-02 -6.69554965610E-01  6.25414686840E-01  2.75628779047E-01
  6.6353468E+00  1.62614664845E-04 -6.50834421800E-04 -7.75877781897E-03 -8.62165570482E-01  1.05262506302E+00  5.20166688641E-01
  2.5655390E+00 -6.97414345577E-05  2.77017127082E-04  2.41719011878E-03 -7.78659975604E-02 -7.88198505708E-01 -5.88600942478E-01
  1.2947508E+00  3.42851048461E-05 -1.34442070851E-04 -1.14031031399E-03  1.20600211540E-02 -7.58322275987E-01 -6.55781522054E-01
  3.7027959E-01 -9.76030281011E-06  4.45231001714E-05  2.37688353288E-04 -2.27805714309E-03 -3.35899859511E-02  8.38627166636E-01
  1.4437317E-01  3.87706956916E-06 -2.06907383846E-05 -6.42672033682E-05  7.57981303660E-04  5.20564937793E-03  5.27916157748E-01
  Rn  s 
  1.2947508E+00  9.99922444709E-01
  Rn  s 
  1.4437317E-01  9.99991351052E-01
  Rn  p 
  1.7282412E+07  4.01242243390E-07 -2.09869132345E-07  1.06863321415E-07 -4.78923395958E-08  1.55741992231E-08
  3.1564173E+06  3.49160134699E-06 -1.82598864700E-06  9.35378787223E-07 -4.17461813462E-07  1.36167335257E-07
  7.2528272E+05  2.25128982737E-05 -1.18321939631E-05  6.02596253233E-06 -2.70315413980E-06  8.78665178255E-07
  1.9241250E+05  1.30706457040E-04 -6.87676977697E-05  3.52919434006E-05 -1.57518630052E-05  5.13931058866E-06
  5.7089883E+04  7.03305478503E-04 -3.72406982566E-04  1.90036079614E-04 -8.52722004174E-05  2.77228235296E-05
  1.8676502E+04  3.45238793509E-03 -1.83429875518E-03  9.43151621954E-04 -4.21335992674E-04  1.37449213848E-04
  6.7019044E+03  1.48357457936E-02 -7.97507589869E-03  4.08621160490E-03 -1.83470579158E-03  5.96692754913E-04
  2.6216916E+03  5.35623953469E-02 -2.92963966462E-02  1.51726639765E-02 -6.79010475491E-03  2.21576984040E-03
  1.1057445E+03  1.53261819737E-01 -8.70861832646E-02  4.52174980208E-02 -2.03804825750E-02  6.63027933060E-03
  4.9517941E+02  3.14439006890E-01 -1.87799967784E-01  9.97886760530E-02 -4.48481155380E-02  1.46661009561E-02
  2.3240436E+02  3.79317099390E-01 -2.22423626697E-01  1.14706075808E-01 -5.20599789596E-02  1.68563841115E-02
  1.1245943E+02  1.91822943343E-01  8.49572327750E-02 -8.37655570065E-02  4.44032781604E-02 -1.45229329598E-02
  5.5355725E+01  1.94087921519E-02  5.62003848295E-01 -4.83608836239E-01  2.40589297584E-01 -8.07427704240E-02
  2.7913637E+01 -2.42606133124E-03  4.14986075146E-01 -2.31054154530E-01  1.05160129052E-01 -3.25098899817E-02
  1.3172835E+01 -3.46976328796E-03  6.26551090185E-02  6.28292243742E-01 -4.87311776886E-01  1.71283872070E-01
  6.4826142E+00 -2.36266047441E-03 -1.98077803397E-03  5.54681865401E-01 -3.83956409794E-01  1.41881407677E-01
  2.6726335E+00 -2.34616027126E-03  9.58701529819E-04  6.10640195506E-02  6.70667627362E-01 -3.50884701863E-01
  1.1986360E+00 -2.04185566582E-03 -3.45871353125E-04 -5.35020011174E-03  5.69331618928E-01 -2.47509154544E-01
  3.5258556E-01 -1.98305426886E-03  1.57504248302E-04  7.87535820728E-04  3.96084274441E-02  6.27904535000E-01
  1.1589315E-01 -1.70873831305E-03  2.33501101555E-05 -6.64645412418E-04 -4.52317555304E-03  5.56490779707E-01
  Rn  p 
  1.1986360E+00  9.99880345288E-01
  Rn  p 
  1.1589315E-01  9.99988428728E-01
  Rn  d 
  1.1152045E+04  1.94524569000E-04 -1.05197718236E-04  4.09581824179E-05
  2.8550238E+03  2.35160785869E-03 -1.28087059557E-03  5.04564368737E-04
  1.0073064E+03  1.55612871826E-02 -8.51995346305E-03  3.33302119845E-03
  4.1732411E+02  6.73430515536E-02 -3.75121198343E-02  1.48338920247E-02
  1.9017176E+02  1.97453494549E-01 -1.11837449902E-01  4.40357466002E-02
  9.1749017E+01  3.66933106167E-01 -2.05351440850E-01  8.15816995231E-02
  4.5931215E+01  3.72854130653E-01 -1.48867005759E-01  5.05735166306E-02
  2.3113258E+01  1.56820632884E-01  2.24115981878E-01 -1.19828187259E-01
  1.1504271E+01  1.71271293660E-02  5.32974213959E-01 -2.77194379416E-01
  5.6878631E+00  7.80071194295E-04  3.39505904453E-01 -6.36183349598E-02
  2.6121186E+00 -3.97548443435E-04  5.39611694291E-02  4.51232938979E-01
  1.1636518E+00  3.31788740259E-05 -1.35924014756E-03  5.40651044162E-01
  4.6165150E-01 -1.23649791117E-04  1.01559921719E-03  1.70907800788E-01
  2.8667532E-01  4.00880021282E-06 -5.96937041483E-04  4.23409571154E-03
  Rn  d 
  4.6165150E-01  9.99935475297E-01
  Rn  d 
  2.8667532E-01  9.99959929906E-01
  Rn  f 
  6.4790027E+02  1.46232420374E-03
  2.1949386E+02  1.36471383386E-02
  9.2708199E+01  6.40783454662E-02
  4.2937519E+01  1.86006894992E-01
  2.0857278E+01  3.36280834852E-01
  1.0181223E+01  3.85561141351E-01
  4.8578411E+00  2.49823824155E-01
  2.1274354E+00  6.44450193944E-02
end
