Received: from cs.umn.edu by vx.acs.umn.edu; Fri, 8 Feb 91 12:03 CST
Received: from a4.chen.umn.edu by cs.umn.edu (5.61/1.14) id AA14269; Fri, 8 Feb
 91 12:00:17 -0600
Received: by csfsa.cs.umn.edu ( 5.52 (84)/3.14) id AA01501; Fri, 8 Feb 91
 11:45:31 CST
Date: Fri, 8 Feb 91 11:45:31 CST
From: troullie@csfsa.cs.umn.edu
To: B22784@ANLVM.BITNET
Message-id: <9102081745.AA01501@csfsa.cs.umn.edu>
X-Envelope-to: B22784@ANLVM.BITNET

   ae      Carbon-alleletron with wi exc, spin polarized
 n=C  c=wis
       0.0       0.0       0.0       0.0       0.0       0.0
    1    2
    2    0     1.00      1.00
    2    1     2.00      0.00
   pg      Carbon-Troullier-Martins pseudogeneration with cp-al exc, non spin
        tm2
 n=C  c=ca
       0.0       0.0       0.0       0.0       0.0       0.0
    1    3
    2    0     1.00      1.00
    2    1     2.00      0.00
    3    2     0.00      0.00
   1.25     1.25     1.25



********** Periodic Table ***************
   pg      Hydrogen
        tm2
 n=H  c=ca
       0.0       0.0       0.0       0.0       0.0       0.0
    0    4
    1    0     1.00      0.00
    2    1     0.00      0.00
    3    2     0.00      0.00
    4    3     0.00      0.00
   1.25     1.25     1.25     1.25
   pg      Helium
        tm2
 n=He c=ca
       0.0       0.0       0.0       0.0       0.0       0.0
    0    4
    1    0     2.00      0.00
    2    1     0.00      0.00
    3    2     0.00      0.00
    4    3     0.00      0.00
   1.25     1.25     1.25     1.25
   pg      Lithium
        tm2
 n=Li c=ca
       0.0       0.0       0.0       0.0       0.0       0.0
    1    4
    2    0     1.00      0.00
    2    1     0.00      0.00
    3    2     0.00      0.00
    4    3     0.00      0.00
   2.40     2.40     2.40     2.40
   pg      Beryllium
        tm2
 n=Be c=ca
       0.0       0.0       0.0       0.0       0.0       0.0
    1    4
    2    0     2.00      0.00
    2    1     0.00      0.00
    3    2     0.00      0.00
    4    3     0.00      0.00
   1.80     1.80     1.80     1.80
   pg      Boron
        tm2
 n=B  c=ca
       0.0       0.0       0.0       0.0       0.0       0.0
    1    4
    2    0     2.00      0.00
    2    1     1.00      0.00
    3    2     0.00      0.00
    4    3     0.00      0.00
   1.60     1.60     1.60     1.60
   pg      Carbon
        tm2
 n=C  c=ca
       0.0       0.0       0.0       0.0       0.0       0.0
    1    4
    2    0     2.00      0.00
    2    1     2.00      0.00
    3    2     0.00      0.00
    4    3     0.00      0.00
   1.25     1.25     1.25     1.25
   pg      Nitrogen
        tm2
 n=N  c=ca
       0.0       0.0       0.0       0.0       0.0       0.0
    1    4
    2    0     2.00      0.00
    2    1     3.00      0.00
    3    2     0.00      0.00
    4    3     0.00      0.00
   1.25     1.25     1.25     1.25
   pg      Oxygen
        tm2
 n=O  c=ca
       0.0       0.0       0.0       0.0       0.0       0.0
    1    4
    2    0     2.00      0.00
    2    1     4.00      0.00
    3    2     0.00      0.00
    4    3     0.00      0.00
   1.15     1.15     1.15     1.15
   pg      Florine
        tm2
 n=F  c=ca
       0.0       0.0       0.0       0.0       0.0       0.0
    1    4
    2    0     2.00      0.00
    2    1     5.00      0.00
    3    2     0.00      0.00
    4    3     0.00      0.00
   1.20     1.20     1.20     1.20
   pg      Neon
        tm2
 n=Ne c=ca
       0.0       0.0       0.0       0.0       0.0       0.0
    1    4
    2    0     2.00      0.00
    2    1     6.00      0.00
    3    2     0.00      0.00
    4    3     0.00      0.00
   2.55     2.55     2.55     2.55
   pg      Sodium
        tm2
 n=Na c=ca
       0.0       0.0       0.0       0.0       0.0       0.0
    3    4
    3    0     1.00      0.00
    3    1     0.00      0.00
    3    2     0.00      0.00
    4    3     0.00      0.00
   2.95     2.95     2.95     2.95
   pg      Magnesium
        tm2
 n=Mg c=ca
       0.0       0.0       0.0       0.0       0.0       0.0
    3    4
    3    0     2.00      0.00
    3    1     0.00      0.00
    3    2     0.00      0.00
    4    3     0.00      0.00
   2.60     2.60     2.60     2.60
   pg      Aluminium
        tm2
 n=Al c=ca
       0.0       0.0       0.0       0.0       0.0       0.0
    3    4
    3    0     2.00      0.00
    3    1     1.00      0.00
    3    2     0.00      0.00
    4    3     0.00      0.00
   2.30     2.30     2.30     2.30
   pg      Silicon
        tm2
 n=Si c=ca
       0.0       0.0       0.0       0.0       0.0       0.0
    3    4
    3    0     2.00      0.00
    3    1     2.00      0.00
    3    2     0.00      0.00
    4    3     0.00      0.00
   1.90     1.90     1.90     1.90
   pg      Phosphorus
        tm2
 n=P  c=ca
       0.0       0.0       0.0       0.0       0.0       0.0
    3    4
    3    0     2.00      0.00
    3    1     3.00      0.00
    3    2     0.00      0.00
    4    3     0.00      0.00
   1.85     1.85     1.85     1.85
   pg      Sulfur
        tm2
 n=S  c=ca
       0.0       0.0       0.0       0.0       0.0       0.0
    3    4
    3    0     2.00      0.00
    3    1     4.00      0.00
    3    2     0.00      0.00
    4    3     0.00      0.00
   1.70     1.70     1.70     1.70
   pg      Clorine
        tm2
 n=Cl c=ca
       0.0       0.0       0.0       0.0       0.0       0.0
    3    4
    3    0     2.00      0.00
    3    1     5.00      0.00
    3    2     0.00      0.00
    4    3     0.00      0.00
   1.65     1.65     1.65     1.65
   pg      Argon
        tm2
 n=Ar c=ca
       0.0       0.0       0.0       0.0       0.0       0.0
    3    4
    3    0     2.00      0.00
    3    1     6.00      0.00
    3    2     0.00      0.00
    4    3     0.00      0.00
   3.05     3.05     3.05     3.05
   pg      Potassium
        tm2
 n=K  c=ca
       0.0       0.0       0.0       0.0       0.0       0.0
    5    4
    4    0     1.00      0.00
    4    1     0.00      0.00
    3    2     0.00      0.00
    4    3     0.00      0.00
   3.65     3.75     3.75     3.75
   pg      Calcium
        tm2
 n=Ca c=ca
       0.0       0.0       0.0       0.0       0.0       0.0
    5    4
    4    0     2.00      0.00
    4    1     0.00      0.00
    3    2     0.00      0.00
    4    3     0.00      0.00
   3.20     3.30     3.30     3.30
   pg      Scandium
        tm2
 n=Sc c=car
       0.0       0.0       0.0       0.0       0.0       0.0
    5    4
    4    0     2.00      0.00
    4    1     0.00      0.00
    3    2     1.00      0.00
    4    3     0.00      0.00
   2.65     2.85     2.65     2.85
   pg      Titanium
        tm2
 n=Ti c=car
       0.0       0.0       0.0       0.0       0.0       0.0
    5    4
    4    0     2.00      0.00
    4    1     0.00      0.00
    3    2     2.00      0.00
    4    3     0.00      0.00
   2.45     2.45     2.45     2.45
   pg      Vanadium
        tm2
 n=V  c=car
       0.0       0.0       0.0       0.0       0.0       0.0
    5    4
    4    0     2.00      0.00
    4    1     0.00      0.00
    3    2     3.00      0.00
    4    3     0.00      0.00
   2.25     2.25     2.25     2.25
   pg      Chromium
        tm2
 n=Cr c=car
       0.0       0.0       0.0       0.0       0.0       0.0
    5    4
    4    0     1.00      0.00
    4    1     0.00      0.00
    3    2     5.00      0.00
    4    3     0.00      0.00
   2.25     2.25     2.25     2.25
   pg      Manganese
        tm2
 n=Mn c=car
       0.0       0.0       0.0       0.0       0.0       0.0
    5    4
    4    0     2.00      0.00
    4    1     0.00      0.00
    3    2     5.00      0.00
    4    3     0.00      0.00
   1.90     1.90     1.90     1.90
   pg      Iron
        tm2
 n=Fe c=car
       0.0       0.0       0.0       0.0       0.0       0.0
    5    4
    4    0     2.00      0.00
    4    1     0.00      0.00
    3    2     6.00      0.00
    4    3     0.00      0.00
   2.00     2.00     2.00     2.00
   pg      Cobalt
        tm2
 n=Co c=car
       0.0       0.0       0.0       0.0       0.0       0.0
    5    4
    4    0     2.00      0.00
    4    1     0.00      0.00
    3    2     7.00      0.00
    4    3     0.00      0.00
   2.05     2.05     2.05     2.05
   pg      Nickel
        tm2
 n=Ni c=car
       0.0       0.0       0.0       0.0       0.0       0.0
    5    4
    4    0     2.00      0.00
    4    1     0.00      0.00
    3    2     8.00      0.00
    4    3     0.00      0.00
   2.05     2.05     2.05     2.05
   pg      Copper
        tm2
 n=Cu c=car
       0.0       0.0       0.0       0.0       0.0       0.0
    5    4
    4    0     1.00      0.00
    4    1     0.00      0.00
    3    2    10.00      0.00
    4    3     0.00      0.00
   2.10     2.10     2.10     2.10
   pg      Zinc
        tm2
 n=Zn c=car
       0.0       0.0       0.0       0.0       0.0       0.0
    5    4
    4    0     2.00      0.00
    4    1     0.00      0.00
    3    2    10.00      0.00
    4    3     0.00      0.00
   2.15     2.15     2.15     2.15
   pg      Gallium
        tm2
 n=Ga c=car
       0.0       0.0       0.0       0.0       0.0       0.0
    6    4
    4    0     2.00      0.00
    4    1     1.00      0.00
    4    2     0.00      0.00
    4    3     0.00      0.00
   2.00     2.00     2.80     2.80
   pg      Germanium
        tm2
 n=Ge c=car
       0.0       0.0       0.0       0.0       0.0       0.0
    6    4
    4    0     2.00      0.00
    4    1     2.00      0.00
    4    2     0.00      0.00
    4    3     0.00      0.00
   2.00     2.00     2.20     2.20
   pg      Arsenic
        tm2
 n=As c=car
       0.0       0.0       0.0       0.0       0.0       0.0
    6    4
    4    0     2.00      0.00
    4    1     3.00      0.00
    4    2     0.00      0.00
    4    3     0.00      0.00
   2.55     2.55     2.55     2.55
   pg      Selenium
        tm2
 n=Se c=car
       0.0       0.0       0.0       0.0       0.0       0.0
    6    4
    4    0     2.00      0.00
    4    1     4.00      0.00
    4    2     0.00      0.00
    4    3     0.00      0.00
   1.85     1.85     1.85     1.85
   pg      Bromine
        tm2
 n=Br c=car
       0.0       0.0       0.0       0.0       0.0       0.0
    6    3
    4    0     2.00      0.00
    4    1     5.00      0.00
    4    2     0.00      0.00
    4    3     0.00      0.00
   1.85     1.85     1.85     1.85
   pg      Kryton
        tm2
 n=Kr c=car
       0.0       0.0       0.0       0.0       0.0       0.0
    6    4
    4    0     2.00      0.00
    4    1     6.00      0.00
    4    2     0.00      0.00
    4    3     0.00      0.00
   3.25     3.25     3.25     3.25
   pg      Rubidium
        tm2
 n=Rb c=car
       0.0       0.0       0.0       0.0       0.0       0.0
    8    4
    5    0     1.00      0.00
    5    1     0.00      0.00
    4    2     0.00      0.00
    4    3     0.00      0.00
   3.90     3.90     3.90     3.90
   pg      Strontium
        tm2
 n=Sr c=car
       0.0       0.0       0.0       0.0       0.0       0.0
    8    4
    5    0     2.00      0.00
    5    1     0.00      0.00
    4    2     0.00      0.00
    4    3     0.00      0.00
   3.50     3.50     3.50     3.50
   pg      Yttrium
        tm2
 n=Y c=car
       0.0       0.0       0.0       0.0       0.0       0.0
    8    4
    5    0     2.00      0.00
    5    1     0.00      0.00
    4    2     1.00      0.00
    4    3     0.00      0.00
   2.90     2.90     2.90     2.90
   pg      Zirconium
        tm2
 n=Zr c=car
       0.0       0.0       0.0       0.0       0.0       0.0
    8    4
    5    0     2.00      0.00
    5    1     0.00      0.00
    4    2     2.00      0.00
    4    3     0.00      0.00
   2.55     2.55     2.55     2.55
   pg      Niobium
        tm2
 n=Nb c=car
       0.0       0.0       0.0       0.0       0.0       0.0
    8    4
    5    0     1.00      0.00
    5    1     0.00      0.00
    4    2     4.00      0.00
    4    3     0.00      0.00
   2.30     2.30     2.30     2.30
   pg      Molybdenum
        tm2
 n=Mo c=car
       0.0       0.0       0.0       0.0       0.0       0.0
    8    4
    5    0     1.00      0.00
    5    1     0.00      0.00
    4    2     5.00      0.00
    4    3     0.00      0.00
   2.20     2.20     2.20     2.20
   pg      Technetium
        tm2
 n=Tc c=car
       0.0       0.0       0.0       0.0       0.0       0.0
    8    4
    5    0     2.00      0.00
    5    1     0.00      0.00
    4    2     5.00      0.00
    4    3     0.00      0.00
   2.20     2.20     2.20     2.20
   pg      Ruthenium
        tm2
 n=Ru c=car
       0.0       0.0       0.0       0.0       0.0       0.0
    8    4
    5    0     1.00      0.00
    5    1     0.00      0.00
    4    2     7.00      0.00
    4    3     0.00      0.00
   2.15     2.15     2.15     2.15
   pg      Rhodium
        tm2
 n=Rh c=car
       0.0       0.0       0.0       0.0       0.0       0.0
    8    4
    5    0     1.00      0.00
    5    1     0.00      0.00
    4    2     8.00      0.00
    4    3     0.00      0.00
   2.20     2.20     2.20     2.20
   pg      Palladium
        tm2
 n=Pd c=car
       0.0       0.0       0.0       0.0       0.0       0.0
    8    4
    5    0     0.00      0.00
    5    1     0.00      0.00
    4    2    10.00      0.00
    4    3     0.00      0.00
   2.25     2.25     2.25     2.25
   pg      Silver
        tm2
 n=Ag c=car
       0.0       0.0       0.0       0.0       0.0       0.0
    8    4
    5    0     1.00      0.00
    5    1     0.00      0.00
    4    2    10.00      0.00
    4    3     0.00      0.00
   2.35     2.35     2.35     2.35
   pg      Cadmium
        tm2
 n=Cd c=car
       0.0       0.0       0.0       0.0       0.0       0.0
    8    4
    5    0     2.00      0.00
    5    1     0.00      0.00
    4    2    10.00      0.00
    4    3     0.00      0.00
   2.40     2.40     2.40     2.40
   pg      Indium
        tm2
 n=In c=car
       0.0       0.0       0.0       0.0       0.0       0.0
    9    4
    5    0     2.00      0.00
    5    1     1.00      0.00
    5    2     0.00      0.00
    4    3     0.00      0.00
   2.65     2.65     2.65     2.65
   pg      Tin
        tm2
 n=Sn c=car
       0.0       0.0       0.0       0.0       0.0       0.0
    9    4
    5    0     2.00      0.00
    5    1     2.00      0.00
    5    2     0.00      0.00
    4    3     0.00      0.00
   2.30     2.30     2.30     2.30
   pg      Antimony
        tm2
 n=Sb c=car
       0.0       0.0       0.0       0.0       0.0       0.0
    9    4
    5    0     2.00      0.00
    5    1     3.00      0.00
    5    2     0.00      0.00
    4    3     0.00      0.00
   2.35     2.35     2.35     2.35
   pg      Tellurium
        tm2
 n=Te c=car
       0.0       0.0       0.0       0.0       0.0       0.0
    9    4
    5    0     2.00      0.00
    5    1     4.00      0.00
    5    2     0.00      0.00
    4    3     0.00      0.00
   2.30     2.30     2.30     2.30
   pg      Iodine
        tm2
 n=I  c=car
       0.0       0.0       0.0       0.0       0.0       0.0
    9    4
    5    0     2.00      0.00
    5    1     5.00      0.00
    5    2     0.00      0.00
    4    3     0.00      0.00
   2.85     2.85     2.85     2.85
   pg      Xenon
        tm2
 n=Xe c=car
       0.0       0.0       0.0       0.0       0.0       0.0
    9    4
    5    0     2.00      0.00
    5    1     6.00      0.00
    5    2     0.00      0.00
    4    3     0.00      0.00
   3.50     3.50     3.50     3.50
   pg      Cesium
        tm2
 n=Cs c=car
       0.0       0.0       0.0       0.0       0.0       0.0
   11    4
    6    0     1.00      0.00
    6    1     0.00      0.00
    5    2     0.00      0.00
    4    3     0.00      0.00
   4.25     4.25     4.25     4.25
   pg      Barium
        tm2
 n=Ba c=car
       0.0       0.0       0.0       0.0       0.0       0.0
   11    4
    6    0     2.00      0.00
    6    1     0.00      0.00
    5    2     0.00      0.00
    4    3     0.00      0.00
   3.50     3.50     3.50     3.50
   pg      Lanthnum
        tm2
 n=La c=car
       0.0       0.0       0.0       0.0       0.0       0.0
   11    4
    6    0     2.00      0.00
    6    1     0.00      0.00
    5    2     1.00      0.00
    4    3     0.00      0.00
   3.00     3.00     3.00     3.00
   pg      Cerium
        tm2
 n=Ce c=car
       0.0       0.0       0.0       0.0       0.0       0.0
   11    4
    6    0     2.00      0.00
    6    1     0.00      0.00
    5    2     1.00      0.00
    4    3     1.00      0.00
   2.95     2.95     2.95     2.95
   pg      Praseodymium
        tm2
 n=Pr c=car
       0.0       0.0       0.0       0.0       0.0       0.0
   11    4
    6    0     2.00      0.00
    6    1     0.00      0.00
    5    2     0.00      0.00
    4    3     3.00      0.00
   2.95     2.95     2.95     2.95
   pg      Neodymium
        tm2
 n=Nd c=car
       0.0       0.0       0.0       0.0       0.0       0.0
   11    4
    6    0     2.00      0.00
    6    1     0.00      0.00
    5    2     0.00      0.00
    4    3     4.00      0.00
   2.95     2.95     2.95     2.95
   pg      Promethium
        tm2
 n=Pm c=car
       0.0       0.0       0.0       0.0       0.0       0.0
   11    4
    6    0     2.00      0.00
    6    1     0.00      0.00
    5    2     0.00      0.00
    4    3     5.00      0.00
   2.95     2.95     2.95     2.95
   pg      Samarium
        tm2
 n=Sm c=car
       0.0       0.0       0.0       0.0       0.0       0.0
   11    4
    6    0     2.00      0.00
    6    1     0.00      0.00
    5    2     0.00      0.00
    4    3     6.00      0.00
   2.90     2.90     2.90     2.90
   pg      Europium
        tm2
 n=Eu c=car
       0.0       0.0       0.0       0.0       0.0       0.0
   11    4
    6    0     2.00      0.00
    6    1     0.00      0.00
    5    2     0.00      0.00
    4    3     7.00      0.00
   3.20     3.20     3.20     3.20
   pg      Gadolinium
        tm2
 n=Gd c=car
       0.0       0.0       0.0       0.0       0.0       0.0
   11    4
    6    0     2.00      0.00
    6    1     0.00      0.00
    5    2     1.00      0.00
    4    3     7.00      0.00
   2.90     2.90     2.90     2.90
   pg      Terbium
        tm2
 n=Tb c=car
       0.0       0.0       0.0       0.0       0.0       0.0
   11    4
    6    0     2.00      0.00
    6    1     0.00      0.00
    5    2     0.00      0.00
    4    3    10.00      0.00
   2.85     2.85     2.85     2.85
   pg      Dysprosium
        tm2
 n=Dy c=car
       0.0       0.0       0.0       0.0       0.0       0.0
   11    4
    6    0     2.00      0.00
    6    1     0.00      0.00
    5    2     0.00      0.00
    4    3    10.00      0.00
   2.85     2.85     2.85     2.85
   pg      Holmium
        tm2
 n=Ho c=car
       0.0       0.0       0.0       0.0       0.0       0.0
   11    4
    6    0     2.00      0.00
    6    1     0.00      0.00
    5    2     0.00      0.00
    4    3    11.00      0.00
   2.85     2.85     2.85     2.85
   pg      Erbium
        tm2
 n=Er c=car
       0.0       0.0       0.0       0.0       0.0       0.0
   11    4
    6    0     2.00      0.00
    6    1     0.00      0.00
    5    2     0.00      0.00
    4    3    12.00      0.00
   2.80     2.80     2.80     2.80
   pg      Thullium
        tm2
 n=Tm c=car
       0.0       0.0       0.0       0.0       0.0       0.0
   11    4
    6    0     2.00      0.00
    6    1     0.00      0.00
    5    2     0.00      0.00
    4    3    13.00      0.00
   2.85     2.85     2.85     2.85
   pg      Ytterbium
        tm2
 n=Yb c=car
       0.0       0.0       0.0       0.0       0.0       0.0
   11    4
    6    0     2.00      0.00
    6    1     0.00      0.00
    5    2     0.00      0.00
    4    3    14.00      0.00
  3.15     3.15     3.15     3.15
   pg      Lutetium
        tm2
 n=Lu c=car
       0.0       0.0       0.0       0.0       0.0       0.0
   11    4
    6    0     2.00      0.00
    6    1     0.00      0.00
    5    2     1.00      0.00
    4    3    14.00      0.00
   2.80     2.80     2.80     2.80
   pg      Hafnium
        tm2
 n=Hf c=car
       0.0       0.0       0.0       0.0       0.0       0.0
    12   4
    6    0     2.00      0.00
    6    1     0.00      0.00
    5    2     2.00      0.00
    5    3     0.00      0.00
   2.55     2.55     2.55     2.55
   pg      Tantalum
        tm2
 n=Ta c=car
       0.0       0.0       0.0       0.0       0.0       0.0
    12   4
    6    0     2.00      0.00
    6    1     0.00      0.00
    5    2     3.00      0.00
    5    3     0.00      0.00
   2.30     2.30     2.30     2.30
   pg      Tungsten
        tm2
 n=W  c=car
       0.0       0.0       0.0       0.0       0.0       0.0
    12   4
    6    0     2.00      0.00
    6    1     0.00      0.00
    5    2     4.00      0.00
    5    3     0.00      0.00
   2.25     2.25     2.25     2.25
   pg      Rhenium
        tm2
 n=Re c=car
       0.0       0.0       0.0       0.0       0.0       0.0
    12   4
    6    0     2.00      0.00
    6    1     0.00      0.00
    5    2     5.00      0.00
    5    3     0.00      0.00
   2.25     2.25     2.25     2.25
   pg      Osmiun
        tm2
 n=Os c=car
       0.0       0.0       0.0       0.0       0.0       0.0
    12   4
    6    0     2.00      0.00
    6    1     0.00      0.00
    5    2     6.00      0.00
    5    3     0.00      0.00
   2.20     2.20     2.20     2.20
   pg      Iridium
        tm2
 n=Ir c=car
       0.0       0.0       0.0       0.0       0.0       0.0
    12   4
    6    0     2.00      0.00
    6    1     0.00      0.00
    5    2     7.00      0.00
    5    3     0.00      0.00
   2.20     2.20     2.20     2.20
   pg      Platinum
        tm2
 n=Pt c=car
       0.0       0.0       0.0       0.0       0.0       0.0
    12   4
    6    0     1.00      0.00
    6    1     0.00      0.00
    5    2     9.00      0.00
    5    3     0.00      0.00
   2.25     2.25     2.25     2.25
   pg      Gold
        tm2
 n=Au c=car
       0.0       0.0       0.0       0.0       0.0       0.0
    12   4
    6    0     1.00      0.00
    6    1     0.00      0.00
    5    2    10.00      0.00
    5    3     0.00      0.00
   2.35     2.35     2.35     2.35
   pg      Mercury
        tm2
 n=Hg c=car
       0.0       0.0       0.0       0.0       0.0       0.0
    12   4
    6    0     2.00      0.00
    6    1     0.00      0.00
    5    2    10.00      0.00
    5    3     0.00      0.00
   2.45     2.45     2.45     2.45
   pg      Thallium
        tam
 n=Tl c=car
       0.0       0.0       0.0       0.0       0.0       0.0
    13   4
    6    0     2.00      0.00
    6    1     0.25      0.00
    6    2     0.25      0.00
    5    3     0.25      0.00
  -0.90    -0.90    -0.90     -0.90
   pg      Lead
        tam
 n=Pb c=car
       0.0       0.0       0.0       0.0       0.0       0.0
    13   4
    6    0     2.00      0.00
    6    1     0.50      0.00
    6    2     0.50      0.00
    5    3     0.50      0.00
  -0.90    -0.90    -0.90     -0.90
   pg      Bismuth
        tam
 n=Bi c=car
       0.0       0.0       0.0       0.0       0.0       0.0
    13   4
    6    0     2.00      0.00
    6    1     0.75      0.00
    6    2     0.75      0.00
    5    3     0.75      0.00
  -0.90    -0.90    -0.90     -0.90
   pg      Polonium
        tam
 n=Po c=car
       0.0       0.0       0.0       0.0       0.0       0.0
    13   4
    6    0     2.00      0.00
    6    1     1.00      0.00
    6    2     1.00      0.00
    5    3     1.00      0.00
  -0.90    -0.90    -0.90     -0.90
   pg      Astatine
        tam
 n=At c=car
       0.0       0.0       0.0       0.0       0.0       0.0
    13   4
    6    0     2.00      0.00
    6    1     1.00      0.00
    6    2     2.00      0.00
    5    3     1.00      0.00
  -0.90    -0.90    -0.90     -0.90
   pg      Radon
        tam
 n=Rn c=car
       0.0       0.0       0.0       0.0       0.0       0.0
    13   4
    6    0     2.00      0.00
    6    1     1.00      0.00
    6    2     3.00      0.00
    5    3     1.00      0.00
  -0.90    -0.90    -0.90     -0.90
   pg      Francium
        tam
 n=Fr c=car
       0.0       0.0       0.0       0.0       0.0       0.0
    15   4
    7    0     0.15      0.00
    7    1     0.15      0.00
    6    2     0.15      0.00
    5    3     0.15      0.00
  -0.90    -0.90    -0.90     -0.90
   pg      Radium
        tam
 n=Ra c=car
       0.0       0.0       0.0       0.0       0.0       0.0
    15   4
    7    0     1.00      0.00
    7    1     0.25      0.00
    6    2     0.25      0.00
    5    3     0.25      0.00
  -0.90    -0.90    -0.90     -0.90
   pg      Actinium
        tam
 n=Ac c=car
       0.0       0.0       0.0       0.0       0.0       0.0
    15   4
    7    0     2.00      0.00
    7    1     0.25      0.00
    6    2     0.25      0.00
    5    3     0.25      0.00
  -0.90    -0.90    -0.90     -0.90
   pg      Thorium
        tam
 n=Th c=car
       0.0       0.0       0.0       0.0       0.0       0.0
    15   4
    7    0     2.00      0.00
    7    1     0.50      0.00
    6    2     0.50      0.00
    5    3     0.50      0.00
  -0.90    -0.90    -0.90     -0.90
   pg      Protactinium
        tam
 n=Pa c=car
       0.0       0.0       0.0       0.0       0.0       0.0
    15   4
    7    0     2.00      0.00
    7    1     0.75      0.00
    6    2     0.75      0.00
    5    3     0.75      0.00
  -0.90    -0.90    -0.90     -0.90
   pg      Uranium
        tam
 n=U  c=ca
       0.0       0.0       0.0       0.0       0.0       0.0
   15    4
    7    0     2.00      0.00
    7    1     1.00      0.00
    6    2     1.00      0.00
    5    3     1.00      0.00
  -0.90    -0.90    -0.90     -0.90
   pg      Neptunium
        tam
 n=Np c=ca
       0.0       0.0       0.0       0.0       0.0       0.0
   15    4
    7    0     2.00      0.00
    7    1     1.00      0.00
    6    2     1.00      0.00
    5    3     2.00      0.00
  -0.90    -0.90    -0.90     -0.90
   pg      Plutonium
        tam
 n=Pu c=ca
       0.0       0.0       0.0       0.0       0.0       0.0
   15    4
    7    0     2.00      0.00
    7    1     1.00      0.00
    6    2     1.00      0.00
    5    3     3.00      0.00
  -0.90    -0.90    -0.90     -0.90

