#  aug-mcc-pV8Z  EMSL  Basis Set Exchange Library  2/3/10 5:23 PM
# Elements                             References
# --------                             ---------
# H    : S. L. Mielke, D. W. Schwenke, and K. A. Peterson
# J. Chem. Phys. 122, 224313 (2005)
# 



basis "H_aug-mcc-pV8Z" SPHERICAL
H    S
  13940.8000000              0.00000301             0.0000000              0.0000000              0.0000000              0.0000000              0.0000000              0.0000000              0.0000000              0.0000000        
   3471.4300000              0.00000544             0.0000000              0.0000000              0.0000000              0.0000000              0.0000000              0.0000000              0.0000000              0.0000000        
   1903.1800000              0.00001785             0.0000000              0.0000000              0.0000000              0.0000000              0.0000000              0.0000000              0.0000000              0.0000000        
    623.2860000              0.00007195             0.0000000              0.0000000              0.0000000              0.0000000              0.0000000              0.0000000              0.0000000              0.0000000        
    290.3600000              0.00012055             0.0000000              0.0000000              0.0000000              0.0000000              0.0000000              0.0000000              0.0000000              0.0000000        
    126.5850000              0.00052527             0.0000000              0.0000000              0.0000000              0.0000000              0.0000000              0.0000000              0.0000000              0.0000000        
     44.6955000              0.00201384             0.0000000              0.0000000              0.0000000              0.0000000              0.0000000              0.0000000              0.0000000              0.0000000        
     16.0038000              0.00687086             0.0000000              0.0000000              0.0000000              0.0000000              0.0000000              0.0000000              0.0000000              0.0000000        
      6.0805600              0.02095415             1.0000000              0.0000000              0.0000000              0.0000000              0.0000000              0.0000000              0.0000000              0.0000000        
      2.4762200              0.05614039             0.0000000              1.0000000              0.0000000              0.0000000              0.0000000              0.0000000              0.0000000              0.0000000        
      1.0757100              0.13038113             0.0000000              0.0000000              1.0000000              0.0000000              0.0000000              0.0000000              0.0000000              0.0000000        
      0.4896820              0.25186989             0.0000000              0.0000000              0.0000000              1.0000000              0.0000000              0.0000000              0.0000000              0.0000000        
      0.2297860              0.35225121             0.0000000              0.0000000              0.0000000              0.0000000              1.0000000              0.0000000              0.0000000              0.0000000        
      0.1099655              0.26587036             0.0000000              0.0000000              0.0000000              0.0000000              0.0000000              1.0000000              0.0000000              0.0000000        
      0.0523230              0.05787678             0.0000000              0.0000000              0.0000000              0.0000000              0.0000000              0.0000000              1.0000000              0.0000000        
      0.0137700              0.00000000             0.0000000              0.0000000              0.0000000              0.0000000              0.0000000              0.0000000              0.0000000              1.0000000        
H    P
     17.3691000              1.0000000              0.0000000              0.0000000              0.0000000              0.0000000              0.0000000              0.0000000              0.0000000        
      7.9252700              0.0000000              1.0000000              0.0000000              0.0000000              0.0000000              0.0000000              0.0000000              0.0000000        
      3.6161900              0.0000000              0.0000000              1.0000000              0.0000000              0.0000000              0.0000000              0.0000000              0.0000000        
      1.6500200              0.0000000              0.0000000              0.0000000              1.0000000              0.0000000              0.0000000              0.0000000              0.0000000        
      0.7528800              0.0000000              0.0000000              0.0000000              0.0000000              1.0000000              0.0000000              0.0000000              0.0000000        
      0.3435300              0.0000000              0.0000000              0.0000000              0.0000000              0.0000000              1.0000000              0.0000000              0.0000000        
      0.1567500              0.0000000              0.0000000              0.0000000              0.0000000              0.0000000              0.0000000              1.0000000              0.0000000        
      0.0528300              0.0000000              0.0000000              0.0000000              0.0000000              0.0000000              0.0000000              0.0000000              1.0000000        
H    D
      8.7070200              1.0000000              0.0000000              0.0000000              0.0000000              0.0000000              0.0000000              0.0000000        
      4.4505600              0.0000000              1.0000000              0.0000000              0.0000000              0.0000000              0.0000000              0.0000000        
      2.2748800              0.0000000              0.0000000              1.0000000              0.0000000              0.0000000              0.0000000              0.0000000        
      1.1628000              0.0000000              0.0000000              0.0000000              1.0000000              0.0000000              0.0000000              0.0000000        
      0.5943600              0.0000000              0.0000000              0.0000000              0.0000000              1.0000000              0.0000000              0.0000000        
      0.3038000              0.0000000              0.0000000              0.0000000              0.0000000              0.0000000              1.0000000              0.0000000        
      0.1044300              0.0000000              0.0000000              0.0000000              0.0000000              0.0000000              0.0000000              1.0000000        
H    F
     10.6097000              1.0000000              0.0000000              0.0000000              0.0000000              0.0000000              0.0000000        
      5.2422900              0.0000000              1.0000000              0.0000000              0.0000000              0.0000000              0.0000000        
      2.5902400              0.0000000              0.0000000              1.0000000              0.0000000              0.0000000              0.0000000        
      1.2798500              0.0000000              0.0000000              0.0000000              1.0000000              0.0000000              0.0000000        
      0.6323800              0.0000000              0.0000000              0.0000000              0.0000000              1.0000000              0.0000000        
      0.2108200              0.0000000              0.0000000              0.0000000              0.0000000              0.0000000              1.0000000        
H    G
      5.8235900              1.0000000              0.0000000              0.0000000              0.0000000              0.0000000        
      3.0535100              0.0000000              1.0000000              0.0000000              0.0000000              0.0000000        
      1.6010500              0.0000000              0.0000000              1.0000000              0.0000000              0.0000000        
      0.8394900              0.0000000              0.0000000              0.0000000              1.0000000              0.0000000        
      0.2933900              0.0000000              0.0000000              0.0000000              0.0000000              1.0000000        
H    H
      5.9887600              1.0000000              0.0000000              0.0000000              0.0000000        
      2.9543500              0.0000000              1.0000000              0.0000000              0.0000000        
      1.4574300              0.0000000              0.0000000              1.0000000              0.0000000        
      0.4894600              0.0000000              0.0000000              0.0000000              1.0000000        
H    I
      4.0598700              1.0000000              0.0000000              0.0000000        
      1.6950300              0.0000000              1.0000000              0.0000000        
      0.6178700              0.0000000              0.0000000              1.0000000        
H    K
      4.1600000              1.0000000              0.0000000        
      1.0170000              0.0000000              1.0000000        
end
