# $Id: bauschlicher_ano,v 1.1 2001-12-06 22:14:18 mhackler Exp $
basis "Sc_Bauschlicher_ANO" SPHERICAL
   Sc  S
   4789458.0000      0.40000000000E-05 -0.10000000000E-05             0.                 0.     -0.10000000000E-04  0.11000000000E-04
   717138.00000      0.35000000000E-04 -0.10000000000E-04  0.40000000000E-05 -0.10000000000E-05  0.81000000000E-04 -0.56000000000E-04
   163199.40000      0.18200000000E-03 -0.53000000000E-04  0.18000000000E-04 -0.50000000000E-05 -0.52000000000E-04  0.14000000000E-03
   46226.070000      0.76800000000E-03 -0.22500000000E-03  0.79000000000E-04 -0.19000000000E-04 -0.15000000000E-04 -0.63100000000E-03
   15081.030000      0.27890000000E-02 -0.82000000000E-03  0.28200000000E-03 -0.70000000000E-04 -0.12800000000E-03  0.16770000000E-02
   5444.4930000      0.90270000000E-02 -0.26660000000E-02  0.92900000000E-03 -0.22800000000E-03 -0.36900000000E-03 -0.78970000000E-02
   2123.4480000      0.26350000000E-01 -0.79010000000E-02  0.27470000000E-02 -0.68000000000E-03 -0.11710000000E-02  0.95150000000E-02
   880.59100000      0.68882000000E-01 -0.21259000000E-01  0.74180000000E-02 -0.18320000000E-02 -0.29350000000E-02  0.36100000000E-03
   383.77290000      0.15563300000     -0.51441000000E-01  0.18118000000E-01 -0.44760000000E-02 -0.78780000000E-02  0.15395000000E-01
   174.11980000      0.28171000000     -0.10641400000      0.37971000000E-01 -0.94020000000E-02 -0.14541000000E-01  0.20931000000E-01
   81.551830000      0.34818000000     -0.17352900000      0.64344000000E-01 -0.15939000000E-01 -0.29704000000E-01  0.51696000000E-01
   38.765870000      0.21936100000     -0.15327200000      0.59325000000E-01 -0.14843000000E-01 -0.18058000000E-01  0.21548000000E-01
   17.229620000      0.38915000000E-01  0.13156400000     -0.55638000000E-01  0.14091000000E-01  0.58640000000E-02  0.10607000000E-01
   8.4303480000     -0.20840000000E-02  0.53694100000     -0.30719400000      0.80085000000E-01  0.18014300000     -0.35284300000    
   4.1058190000      0.17110000000E-02  0.43489400000     -0.39969400000      0.11109100000      0.11751700000     -0.14098300000    
   1.8066250000     -0.79900000000E-03  0.67486000000E-01  0.15766400000     -0.56113000000E-01  0.54481000000E-01 -0.95988000000E-01
  0.87042300000      0.36000000000E-03 -0.27360000000E-02  0.69409900000     -0.24140500000     -0.92045200000       2.3785830000    
  0.39684100000     -0.15200000000E-03  0.20550000000E-02  0.39803300000     -0.29671000000      0.13433500000      -2.5788460000    
    0.95711000000E-01  0.61000000000E-04 -0.50000000000E-03  0.23107000000E-01  0.33100900000       2.1416410000     -0.37069900000    
    0.48247000000E-01 -0.48000000000E-04  0.39200000000E-03 -0.89200000000E-02  0.63076100000      -1.1651950000       2.8667080000    
   Sc  S
    0.22661000000E-01   1.0000000000    
   Sc  P
   7118.9870000      0.90000000000E-04 -0.30000000000E-04  0.90000000000E-05  0.45400000000E-03 -0.50200000000E-03
   1685.9150000      0.79500000000E-03 -0.26200000000E-03  0.76000000000E-04 -0.23100000000E-02  0.20750000000E-02
   547.45920000      0.45010000000E-02 -0.14830000000E-02  0.44200000000E-03  0.22250000000E-02 -0.66550000000E-02
   209.01870000      0.19016000000E-01 -0.63390000000E-02  0.18480000000E-02  0.33960000000E-02  0.18780000000E-01
   88.226380000      0.62970000000E-01 -0.21311000000E-01  0.63640000000E-02  0.12240000000E-01 -0.72612000000E-01
   39.908750000      0.16043100000     -0.56329000000E-01  0.16430000000E-01  0.35637000000E-01  0.11811000000    
   18.851720000      0.29752600000     -0.10797400000      0.32684000000E-01  0.59504000000E-01  0.43212000000E-01
   9.1417630000      0.36822800000     -0.14451400000      0.41777000000E-01  0.10513000000      0.14466600000    
   4.5039140000      0.23435400000     -0.56084000000E-01  0.19199000000E-01  0.11712000000E-01  0.82229000000E-01
   2.1430920000      0.48886000000E-01  0.23966900000     -0.89178000000E-01 -0.14084200000     -0.36999500000    
   1.0076110000      0.74600000000E-03  0.47463200000     -0.15276900000     -0.64118100000      -1.2279850000    
  0.46315400000      0.76800000000E-03  0.36473900000     -0.21899000000      0.12215200000       2.4506950000    
  0.19306000000     -0.25400000000E-03  0.77778000000E-01  0.22795700000       1.3953750000      -1.2087560000    
    0.77220000000E-01  0.11400000000E-03 -0.15240000000E-02  0.76935600000     -0.70627900000     -0.65865300000    
    0.30890000000E-01 -0.56000000000E-04  0.22560000000E-02  0.16119500000     -0.43003000000       1.1267960000    
   Sc  P
    0.12360000000E-01   1.0000000000    
   Sc  D
   73.518680000      0.19940000000E-02 -0.20560000000E-02 -0.22580000000E-02  0.23534000000E-01
   21.761000000      0.14491000000E-01 -0.15130000000E-01 -0.21800000000E-01 -0.10370700000    
   7.9217550000      0.56045000000E-01 -0.58589000000E-01 -0.72569000000E-01  0.18765000000    
   3.1842000000      0.15048400000     -0.16007600000     -0.22221500000      0.25224300000    
   1.3426210000      0.26744200000     -0.26544600000     -0.33866200000      0.45887100000    
  0.56152400000      0.33298100000     -0.28177900000     -0.19892000000E-01 -0.95550000000    
  0.22770500000      0.33187500000      0.14316400000      0.86451200000      0.53200000000E-03
    0.85241000000E-01  0.21653300000      0.59849900000     -0.15860600000       1.0895050000    
    0.34100000000E-01  0.50220000000E-01  0.26481900000     -0.65021500000      -1.0172180000    
   Sc  F
   2.9646000000      0.34303000000E-01  0.12908200000     -0.24508200000    
   1.1859000000      0.10163900000      0.31694500000     -0.51264800000    
  0.47430000000      0.32397800000      0.57742100000      0.65000000000E-01
  0.18970000000      0.51659800000     -0.21350300000      0.90345800000    
    0.75900000000E-01  0.29400300000     -0.55822700000     -0.83182300000    
    0.30400000000E-01  0.26641000000E-01 -0.59128000000E-01 -0.12932000000    
   Sc  G
   1.4228000000      0.98340000000E-01   1.2021280000    
  0.56910000000      0.35783800000     -0.54747700000    
  0.22760000000      0.56817200000      0.29201000000E-01
    0.91060000000E-01  0.25233400000     -0.99890000000E-01
end
basis "Ti_Bauschlicher_ANO" SPHERICAL
   Ti  S
   5309148.1000      0.40000000000E-05 -0.10000000000E-05             0.                 0.     -0.11000000000E-04  0.46000000000E-04
   794951.65000      0.34000000000E-04 -0.10000000000E-04  0.40000000000E-05 -0.10000000000E-05  0.87000000000E-04 -0.20000000000E-03
   180907.56000      0.18000000000E-03 -0.53000000000E-04  0.18000000000E-04 -0.50000000000E-05 -0.55000000000E-04  0.76300000000E-03
   51241.933000      0.75900000000E-03 -0.22400000000E-03  0.81000000000E-04 -0.19000000000E-04 -0.16000000000E-04 -0.21410000000E-02
   16717.449000      0.27570000000E-02 -0.81800000000E-03  0.28900000000E-03 -0.71000000000E-04 -0.13300000000E-03  0.61820000000E-02
   6035.2659000      0.89250000000E-02 -0.26590000000E-02  0.95100000000E-03 -0.22900000000E-03 -0.39600000000E-03 -0.56600000000E-02
   2353.8571000      0.26062000000E-01 -0.78790000000E-02  0.28120000000E-02 -0.68300000000E-03 -0.12340000000E-02  0.72700000000E-03
   976.14646000      0.68190000000E-01 -0.21222000000E-01  0.76020000000E-02 -0.18400000000E-02 -0.31340000000E-02 -0.65600000000E-02
   425.43563000      0.15434900000     -0.51422000000E-01  0.18592000000E-01 -0.45110000000E-02 -0.83600000000E-02 -0.12585000000E-01
   193.04677000      0.28028200000     -0.10670200000      0.39085000000E-01 -0.94850000000E-02 -0.15536000000E-01 -0.24961000000E-01
   90.439369000      0.34840000000     -0.17468600000      0.66498000000E-01 -0.16207000000E-01 -0.31895000000E-01 -0.52818000000E-01
   43.020713000      0.22170500000     -0.15604100000      0.62046000000E-01 -0.15191000000E-01 -0.19505000000E-01 -0.27111000000E-01
   19.190555000      0.40018000000E-01  0.12932300000     -0.56249000000E-01  0.13850000000E-01  0.50340000000E-02 -0.50550000000E-02
   9.4257164000     -0.21380000000E-02  0.53846400000     -0.31808900000      0.82358000000E-01  0.19695100000      0.36865100000    
   4.6052434000      0.17220000000E-02  0.43570800000     -0.40582700000      0.11087400000      0.12216200000      0.18031100000    
   2.0378343000     -0.80200000000E-03  0.68117000000E-01  0.17043200000     -0.58296000000E-01  0.48324000000E-01 -0.26237000000E-01
  0.98003180000      0.35600000000E-03 -0.24360000000E-02  0.69759600000     -0.24861500000      -1.0031570000      -2.3503980000    
  0.44562540000     -0.14800000000E-03  0.19870000000E-02  0.38915000000     -0.27921600000      0.25696700000       2.7374740000    
  0.10641700000      0.57000000000E-04 -0.45600000000E-03  0.21896000000E-01  0.34331300000       2.0565020000     -0.14983700000    
    0.52570500000E-01 -0.44000000000E-04  0.35400000000E-03 -0.82540000000E-02  0.61491700000      -1.1902550000      -2.2160630000    
   Ti  S
    0.24356800000E-01   1.0000000000    
   Ti  P
   7999.8045000      0.88000000000E-04 -0.29000000000E-04  0.90000000000E-05 -0.27500000000E-03 -0.96000000000E-03
   1894.4515000      0.77700000000E-03 -0.26100000000E-03  0.77000000000E-04  0.27600000000E-03  0.43610000000E-02
   615.18748000      0.44040000000E-02 -0.14820000000E-02  0.44700000000E-03  0.80000000000E-03 -0.14982000000E-01
   234.92741000      0.18664000000E-01 -0.63570000000E-02  0.18750000000E-02  0.38990000000E-02  0.14488000000E-01
   99.213753000      0.62072000000E-01 -0.21477000000E-01  0.64860000000E-02  0.12311000000E-01  0.13575000000E-01
   44.916140000      0.15907700000     -0.57134000000E-01  0.16879000000E-01  0.35084000000E-01  0.38995000000E-01
   21.249717000      0.29697000000     -0.11046600000      0.33783000000E-01  0.62688000000E-01  0.92580000000E-01
   10.330458000      0.36880100000     -0.14814700000      0.43558000000E-01  0.10123600000      0.11351100000    
   5.1049799000      0.23482600000     -0.55426000000E-01  0.18780000000E-01  0.18795000000E-01  0.11715900000    
   2.4406904000      0.49356000000E-01  0.24556200000     -0.92049000000E-01 -0.16096900000     -0.46187100000    
   1.1512050000      0.99200000000E-03  0.47571300000     -0.16002700000     -0.60822700000      -1.1103390000    
  0.52955560000      0.80400000000E-03  0.35942600000     -0.20824700000      0.11163600000       2.3649510000    
  0.22119000000     -0.22000000000E-03  0.76616000000E-01  0.23960000000       1.3650390000      -1.1476610000    
    0.88000000000E-01  0.10600000000E-03 -0.13160000000E-02  0.74982800000     -0.65599600000     -0.68412300000    
    0.35000000000E-01 -0.52000000000E-04  0.21070000000E-02  0.17260600000     -0.46952800000       1.1124400000    
   Ti  P
    0.14000000000E-01   1.0000000000    
   Ti  D
   89.569201000      0.19660000000E-02 -0.20110000000E-02 -0.31930000000E-02  0.19886000000E-01
   26.584356000      0.14719000000E-01 -0.15095000000E-01 -0.24718000000E-01 -0.47466000000E-01
   9.7710323000      0.58208000000E-01 -0.60360000000E-01 -0.10117600000     -0.96634000000E-01
   3.9619329000      0.15816800000     -0.16726500000     -0.27450100000     -0.36281200000    
   1.6892689000      0.28283500000     -0.27406600000     -0.37841400000     -0.27826300000    
  0.71567060000      0.34535200000     -0.25050300000      0.17817500000       1.0454190000    
  0.29381060000      0.31843700000      0.20227100000      0.80565800000     -0.37592800000    
  0.11083050000      0.18566000000      0.59100900000     -0.33758200000     -0.82238100000    
    0.44000000000E-01  0.37632000000E-01  0.24442000000     -0.50262500000      0.98272200000    
   Ti  F
   5.4350000000      0.24215000000E-01 -0.74853000000E-01 -0.17788800000    
   2.1740000000      0.98136000000E-01 -0.29644400000     -0.50636900000    
  0.87000000000      0.28458600000     -0.55688200000     -0.11956500000    
  0.34800000000      0.49480200000      0.32302000000E-01  0.92699200000    
  0.13900000000      0.34861700000      0.59267800000     -0.51840500000    
    0.56000000000E-01  0.64120000000E-01  0.14871200000     -0.37728500000    
   Ti  G
   2.6100000000      0.93146000000E-01 -0.39603400000    
   1.0440000000      0.27937200000     -0.53628700000    
  0.41760000000      0.56632600000      0.62454000000E-01
  0.16700000000      0.34455000000      0.63611100000    
end
basis "V_Bauschlicher_ANO" SPHERICAL
   V   S
   3321857.0000      0.90000000000E-05 -0.30000000000E-05  0.10000000000E-05             0.     -0.19000000000E-04 -0.44000000000E-04
   497435.60000      0.69000000000E-04 -0.20000000000E-04  0.70000000000E-05 -0.20000000000E-05  0.14500000000E-03  0.23500000000E-03
   113202.70000      0.36100000000E-03 -0.10800000000E-03  0.40000000000E-04 -0.90000000000E-05 -0.96000000000E-04 -0.77600000000E-03
   32063.330000      0.15220000000E-02 -0.45400000000E-03  0.16500000000E-03 -0.39000000000E-04 -0.40000000000E-04  0.31230000000E-02
   10459.620000      0.55120000000E-02 -0.16500000000E-02  0.60200000000E-03 -0.14200000000E-03 -0.27000000000E-03 -0.27770000000E-02
   3775.5060000      0.17668000000E-01 -0.53400000000E-02  0.19490000000E-02 -0.46200000000E-03 -0.85900000000E-03 -0.24500000000E-03
   1472.0400000      0.50383000000E-01 -0.15593000000E-01  0.57030000000E-02 -0.13500000000E-02 -0.23670000000E-02 -0.44220000000E-02
   609.93310000      0.12480900000     -0.40724000000E-01  0.15003000000E-01 -0.35550000000E-02 -0.68060000000E-02 -0.10853000000E-01
   265.26340000      0.25172600000     -0.92084000000E-01  0.34334000000E-01 -0.81450000000E-02 -0.13876000000E-01 -0.22211000000E-01
   119.86070000      0.35922600000     -0.16636400000      0.64009000000E-01 -0.15236000000E-01 -0.30553000000E-01 -0.51309000000E-01
   55.448910000      0.27416500000     -0.18580600000      0.74997000000E-01 -0.17949000000E-01 -0.26069000000E-01 -0.38396000000E-01
   24.983720000      0.64862000000E-01  0.45858000000E-01 -0.19602000000E-01  0.46600000000E-02 -0.92330000000E-02 -0.27469000000E-01
   11.880560000     -0.11640000000E-02  0.50806100000     -0.28702200000      0.72226000000E-01  0.17793800000      0.33485400000    
   5.6603110000      0.19800000000E-02  0.50693800000     -0.45409400000      0.12162300000      0.15431500000      0.24938600000    
   2.4957030000     -0.91800000000E-03  0.94281000000E-01  0.91030000000E-01 -0.33728000000E-01  0.92126000000E-01  0.63812000000E-01
   1.1778660000      0.40400000000E-03 -0.26620000000E-02  0.71115000000     -0.24731100000      -1.0115070000      -2.4167250000    
  0.52004400000     -0.16500000000E-03  0.23620000000E-02  0.43103300000     -0.28291900000      0.22815500000       2.6591510000    
  0.11596500000      0.68000000000E-04 -0.58500000000E-03  0.26082000000E-01  0.33085300000       2.1204380000     -0.10764900000    
    0.58938000000E-01 -0.55000000000E-04  0.47300000000E-03 -0.11401000000E-01  0.58714200000      -1.2643960000      -2.1632850000    
   V   S
    0.26946000000E-01   1.0000000000    
   V   P
   5777.3770000      0.18400000000E-03 -0.63000000000E-04  0.19000000000E-04 -0.50200000000E-03 -0.18770000000E-02
   1368.6740000      0.16110000000E-02 -0.55000000000E-03  0.16600000000E-03  0.52800000000E-03  0.85150000000E-02
   444.12330000      0.89330000000E-02 -0.30750000000E-02  0.91500000000E-03  0.18630000000E-02 -0.28833000000E-01
   169.09910000      0.36408000000E-01 -0.12680000000E-01  0.38240000000E-02  0.74810000000E-02  0.32691000000E-01
   71.101910000      0.11256000000     -0.40439000000E-01  0.12062000000E-01  0.25427000000E-01  0.17118000000E-01
   31.903110000      0.25238800000     -0.94168000000E-01  0.28626000000E-01  0.54706000000E-01  0.85058000000E-01
   14.851090000      0.38048900000     -0.15142600000      0.45374000000E-01  0.10359500000      0.11760900000    
   7.0852270000      0.31047800000     -0.11258000000      0.35737000000E-01  0.62177000000E-01  0.14776200000    
   3.3244220000      0.88080000000E-01  0.16786100000     -0.63229000000E-01 -0.11663600000     -0.28500600000    
   1.5411640000      0.31980000000E-02  0.46950800000     -0.16213000000     -0.54647900000      -1.1883840000    
  0.69052000000      0.13680000000E-02  0.42012400000     -0.21052200000     -0.14943900000       1.8230990000    
  0.28542400000     -0.38800000000E-03  0.10900000000      0.13066200000       1.3803190000     -0.21434000000    
  0.11420000000      0.21500000000E-03 -0.12830000000E-02  0.73044200000     -0.35159300000      -1.4357020000    
    0.45700000000E-01 -0.10300000000E-03  0.29660000000E-02  0.27873500000     -0.64862000000       1.3682950000    
   V   P
    0.18300000000E-01   1.0000000000    
   V   D
   155.85270000      0.85500000000E-03 -0.93200000000E-03  0.14700000000E-02 -0.10581000000E-01
   46.497710000      0.71660000000E-02 -0.74970000000E-02  0.11658000000E-01  0.19183000000E-01
   17.629990000      0.31624000000E-01 -0.34017000000E-01  0.54250000000E-01  0.77500000000E-01
   7.3546720000      0.95844000000E-01 -0.10449400000      0.17094800000      0.21671000000    
   3.2740510000      0.20616400000     -0.22263900000      0.34345300000      0.46864400000    
   1.4824820000      0.30420100000     -0.27842300000      0.23937900000     -0.30559700000    
  0.66135100000      0.32532100000     -0.11784100000     -0.51509600000     -0.94229500000    
  0.28482600000      0.26661200000      0.35420000000     -0.54697100000       1.0558660000    
  0.11289900000      0.13583700000      0.53022900000      0.55161500000      0.75557000000E-01
    0.45160000000E-01  0.21292000000E-01  0.15663100000      0.34518700000     -0.68854000000    
   V   F
   7.3242000000      0.26102000000E-01 -0.71517000000E-01 -0.15196900000    
   2.9297000000      0.11691000000     -0.29488100000     -0.57030900000    
   1.1719000000      0.32177600000     -0.53748600000     -0.42213000000E-01
  0.46880000000      0.47824300000      0.63026000000E-01  0.86952700000    
  0.18750000000      0.32049000000      0.59244400000     -0.47457900000    
    0.75000000000E-01  0.64542000000E-01  0.17365200000     -0.39056600000    
   V   G
   3.5116000000      0.10375400000     -0.37402000000    
   1.4063000000      0.29399000000     -0.54422500000    
  0.56250000000      0.54336400000      0.61064000000E-01
  0.22500000000      0.35502000000      0.65226500000    
end
basis "Cr_Bauschlicher_ANO" SPHERICAL
   Cr  S
   3638305.0000      0.80000000000E-05 -0.20000000000E-05  0.10000000000E-05             0.     -0.18000000000E-04 -0.45000000000E-04
   544822.50000      0.69000000000E-04 -0.21000000000E-04  0.70000000000E-05 -0.20000000000E-05  0.14500000000E-03  0.24400000000E-03
   123986.80000      0.35700000000E-03 -0.10500000000E-03  0.40000000000E-04 -0.10000000000E-04 -0.94000000000E-04 -0.80900000000E-03
   35117.880000      0.15160000000E-02 -0.46100000000E-03  0.16800000000E-03 -0.37000000000E-04 -0.45000000000E-04  0.32340000000E-02
   11456.100000      0.54670000000E-02 -0.16340000000E-02  0.60900000000E-03 -0.14500000000E-03 -0.26500000000E-03 -0.28840000000E-02
   4135.2060000      0.17573000000E-01 -0.53730000000E-02  0.19750000000E-02 -0.45300000000E-03 -0.89600000000E-03 -0.17700000000E-03
   1612.2950000      0.50063000000E-01 -0.15560000000E-01  0.57760000000E-02 -0.13500000000E-02 -0.23080000000E-02 -0.46670000000E-02
   668.06860000      0.12420900000     -0.40860000000E-01  0.15214000000E-01 -0.35400000000E-02 -0.70830000000E-02 -0.10905000000E-01
   290.57730000      0.25084900000     -0.92328000000E-01  0.34743000000E-01 -0.81070000000E-02 -0.13721000000E-01 -0.23130000000E-01
   131.32860000      0.35903400000     -0.16741900000      0.64848000000E-01 -0.15293000000E-01 -0.31605000000E-01 -0.52594000000E-01
   60.787040000      0.27530900000     -0.18759700000      0.75888000000E-01 -0.17966000000E-01 -0.25962000000E-01 -0.40561000000E-01
   27.443080000      0.65696000000E-01  0.45233000000E-01 -0.18934000000E-01  0.44190000000E-02 -0.10532000000E-01 -0.27130000000E-01
   13.082020000     -0.12120000000E-02  0.51106100000     -0.29108200000      0.73337000000E-01  0.18364600000      0.34544100000    
   6.2447860000      0.20050000000E-02  0.50605100000     -0.45343800000      0.12014600000      0.15431300000      0.26445500000    
   2.7534370000     -0.93600000000E-03  0.93509000000E-01  0.10583300000     -0.36635000000E-01  0.83875000000E-01  0.15890000000E-02
   1.2984410000      0.41300000000E-03 -0.27030000000E-02  0.71338900000     -0.24857600000      -1.0234030000      -2.3747930000    
  0.57203000000     -0.16400000000E-03  0.23850000000E-02  0.42139500000     -0.26805500000      0.27024100000       2.6869120000    
  0.12550200000      0.60000000000E-04 -0.51200000000E-03  0.24662000000E-01  0.34117300000       2.0496330000     -0.31002800000    
    0.62470000000E-01 -0.46000000000E-04  0.56000000000E-03 -0.10366000000E-01  0.57173200000      -1.2396370000      -1.8728930000    
   Cr  S
    0.28354000000E-01   1.0000000000    
   Cr  P
   6399.3330000      0.18100000000E-03 -0.63000000000E-04  0.18000000000E-04 -0.52800000000E-03  0.11070000000E-02
   1515.9820000      0.15880000000E-02 -0.55100000000E-03  0.16700000000E-03  0.56800000000E-03 -0.56210000000E-02
   491.95340000      0.88140000000E-02 -0.30820000000E-02  0.91800000000E-03  0.18690000000E-02  0.60130000000E-02
   187.36770000      0.36038000000E-01 -0.12749000000E-01  0.38490000000E-02  0.79430000000E-02  0.87100000000E-02
   78.829030000      0.11183000000     -0.40830000000E-01  0.12214000000E-01  0.26056000000E-01  0.34481000000E-01
   35.405970000      0.25198200000     -0.95627000000E-01  0.29082000000E-01  0.59314000000E-01  0.78269000000E-01
   16.511950000      0.38083100000     -0.15435400000      0.46537000000E-01  0.10448700000      0.14143400000    
   7.8950100000      0.31038200000     -0.11301800000      0.35678000000E-01  0.72264000000E-01  0.13294100000    
   3.7133050000      0.88110000000E-01  0.17245100000     -0.64724000000E-01 -0.14002200000     -0.32049300000    
   1.7242200000      0.34700000000E-02  0.47105400000     -0.16701000000     -0.56529800000      -1.1942500000    
  0.77267300000      0.14900000000E-02  0.41612200000     -0.20212000000     -0.88758000000E-01   1.9719130000    
  0.31950700000     -0.31900000000E-03  0.10802700000      0.13544200000       1.3405920000     -0.45285000000    
  0.12780000000      0.22900000000E-03 -0.11950000000E-02  0.71474600000     -0.34952100000      -1.2284480000    
    0.51100000000E-01 -0.10100000000E-03  0.28750000000E-02  0.29002800000     -0.63283300000       1.2405270000    
   Cr  P
    0.20400000000E-01   1.0000000000    
   Cr  D
   177.01820000      0.86700000000E-03 -0.99400000000E-03  0.13680000000E-02 -0.13090000000E-01
   52.859580000      0.73270000000E-02 -0.82640000000E-02  0.12268000000E-01  0.26144000000E-01
   20.090640000      0.32722000000E-01 -0.37500000000E-01  0.54557000000E-01  0.73221000000E-01
   8.4163760000      0.99540000000E-01 -0.11717100000      0.18050500000      0.28901600000    
   3.7593100000      0.21296800000     -0.24597700000      0.35057200000      0.48147100000    
   1.7067590000      0.31054100000     -0.28604300000      0.19701500000     -0.52487700000    
  0.76221100000      0.32575800000     -0.67253000000E-01 -0.58616400000     -0.78289600000    
  0.32788600000      0.25852800000      0.40370400000     -0.45426600000       1.2048680000    
  0.12942100000      0.12366800000      0.49389300000      0.62780700000     -0.24534000000    
    0.51770000000E-01  0.16105000000E-01  0.11865200000      0.28250200000     -0.49529000000    
   Cr  F
   9.8821000000      0.23183000000E-01 -0.55494000000E-01 -0.13567100000    
   3.9528000000      0.11794400000     -0.27125900000     -0.52087200000    
   1.5811000000      0.33671000000     -0.52698100000     -0.16750600000    
  0.63250000000      0.47132100000      0.28837000000E-01  0.91003100000    
  0.25300000000      0.31091100000      0.60277800000     -0.39070200000    
  0.10120000000      0.69553000000E-01  0.21305800000     -0.45414900000    
   Cr  G
   4.7434000000      0.98269000000E-01 -0.32890600000    
   1.8974000000      0.30659800000     -0.54614300000    
  0.75890000000      0.52812400000      0.55460000000E-02
  0.30360000000      0.36505000000      0.70333900000    
end
basis "Mn_Bauschlicher_ANO" SPHERICAL
   Mn  S
   3960805.0000      0.90000000000E-05 -0.30000000000E-05  0.10000000000E-05             0.     -0.19000000000E-04 -0.47000000000E-04
   593115.40000      0.68000000000E-04 -0.21000000000E-04  0.80000000000E-05 -0.20000000000E-05  0.14800000000E-03  0.25000000000E-03
   134976.80000      0.35700000000E-03 -0.10800000000E-03  0.41000000000E-04 -0.90000000000E-05 -0.98000000000E-04 -0.82700000000E-03
   38230.660000      0.15070000000E-02 -0.45500000000E-03  0.16900000000E-03 -0.38000000000E-04 -0.40000000000E-04  0.32850000000E-02
   12471.540000      0.54570000000E-02 -0.16550000000E-02  0.61800000000E-03 -0.13900000000E-03 -0.27500000000E-03 -0.29130000000E-02
   4501.7430000      0.17500000000E-01 -0.53580000000E-02  0.20060000000E-02 -0.45200000000E-03 -0.87000000000E-03 -0.21200000000E-03
   1755.2120000      0.49935000000E-01 -0.15656000000E-01  0.58670000000E-02 -0.13220000000E-02 -0.24040000000E-02 -0.46470000000E-02
   727.30390000      0.12388100000     -0.40952000000E-01  0.15473000000E-01 -0.34960000000E-02 -0.69170000000E-02 -0.11131000000E-01
   316.36770000      0.25049600000     -0.92871000000E-01  0.35490000000E-01 -0.80110000000E-02 -0.14162000000E-01 -0.23383000000E-01
   143.00980000      0.35896000000     -0.16842500000      0.66485000000E-01 -0.15126000000E-01 -0.31321000000E-01 -0.53129000000E-01
   66.218040000      0.27590100000     -0.18918900000      0.78296000000E-01 -0.17818000000E-01 -0.26883000000E-01 -0.42572000000E-01
   29.918960000      0.65960000000E-01  0.46168000000E-01 -0.20114000000E-01  0.43900000000E-02 -0.98280000000E-02 -0.23368000000E-01
   14.303170000     -0.12360000000E-02  0.51471000000     -0.30314600000      0.73625000000E-01  0.18565300000      0.34253600000    
   6.8394500000      0.19540000000E-02  0.50420000000     -0.45931700000      0.11706500000      0.15456200000      0.28845800000    
   3.0123740000     -0.90400000000E-03  0.91835000000E-01  0.12112500000     -0.39741000000E-01  0.75183000000E-01 -0.70155000000E-01
   1.4188080000      0.39300000000E-03 -0.25520000000E-02  0.71704900000     -0.24575300000      -1.0302630000      -2.2968420000    
  0.62362450000     -0.15500000000E-03  0.22750000000E-02  0.40932500000     -0.25336700000      0.30962900000       2.6637880000    
  0.13409770000      0.59000000000E-04 -0.52000000000E-03  0.22302000000E-01  0.34796100000       1.9829160000     -0.41200400000    
    0.65548400000E-01 -0.47000000000E-04  0.41800000000E-03 -0.93180000000E-02  0.55821800000      -1.2104420000      -1.7031880000    
   Mn  S
    0.29584100000E-01   1.0000000000    
   Mn  P
   7048.2710000      0.17800000000E-03 -0.62000000000E-04  0.19000000000E-04 -0.55100000000E-03  0.11770000000E-02
   1669.6780000      0.15670000000E-02 -0.54600000000E-03  0.16900000000E-03  0.59400000000E-03 -0.59960000000E-02
   541.85700000      0.87150000000E-02 -0.30600000000E-02  0.94000000000E-03  0.19250000000E-02  0.62810000000E-02
   206.42940000      0.35716000000E-01 -0.12691000000E-01  0.39120000000E-02  0.83020000000E-02  0.99600000000E-02
   86.893330000      0.11121500000     -0.40812000000E-01  0.12557000000E-01  0.27124000000E-01  0.35277000000E-01
   39.063090000      0.25160500000     -0.96094000000E-01  0.29865000000E-01  0.62635000000E-01  0.90706000000E-01
   18.247250000      0.38123100000     -0.15568600000      0.48348000000E-01  0.10874800000      0.13690200000    
   8.7412890000      0.31029000000     -0.11210300000      0.35787000000E-01  0.77349000000E-01  0.17724400000    
   4.1193320000      0.88121000000E-01  0.17724900000     -0.67313000000E-01 -0.16011900000     -0.46579800000    
   1.9148030000      0.35990000000E-02  0.47326300000     -0.17506300000     -0.58863000000      -1.0648320000    
  0.85789310000      0.14520000000E-02  0.41223000000     -0.19298000000     -0.16664000000E-01   2.0142020000    
  0.35495040000     -0.33400000000E-03  0.10599700000      0.14735800000       1.2923220000     -0.63052000000    
  0.14200000000      0.20600000000E-03 -0.10760000000E-02  0.69667400000     -0.34877100000      -1.0607130000    
    0.56800000000E-01 -0.97000000000E-04  0.27780000000E-02  0.29775700000     -0.61872300000       1.1433540000    
   Mn  P
    0.22700000000E-01   1.0000000000    
   Mn  D
   199.83570000      0.86600000000E-03 -0.92100000000E-03 -0.12720000000E-02 -0.12275000000E-01
   59.721760000      0.73830000000E-02 -0.72500000000E-02 -0.12421000000E-01  0.26887000000E-01
   22.747720000      0.33338000000E-01 -0.34001000000E-01 -0.53709000000E-01  0.46616000000E-01
   9.5650020000      0.10186900000     -0.10550100000     -0.18060500000      0.27148600000    
   4.2854990000      0.21696200000     -0.22542700000     -0.35264100000      0.44230100000    
   1.9509740000      0.31290600000     -0.27077500000     -0.19585300000     -0.37101600000    
  0.87279610000      0.32324700000     -0.77424000000E-01  0.50470500000     -0.82304600000    
  0.37562110000      0.25260900000      0.35330600000      0.50040200000      0.91261600000    
  0.14800930000      0.12150500000      0.50377000000     -0.46381600000      0.21784700000    
    0.59200000000E-01  0.19917000000E-01  0.19307500000     -0.41141200000     -0.74266800000    
   Mn  F
   13.671900000      0.16239000000E-01 -0.35569000000E-01 -0.62512000000E-01
   5.4687500000      0.93484000000E-01 -0.21254600000     -0.45375500000    
   2.1875000000      0.30910300000     -0.51675500000     -0.35176900000    
  0.87500000000      0.46796600000     -0.10349900000      0.79656300000    
  0.35000000000      0.33890800000      0.55243400000      0.76880000000E-02
  0.14000000000      0.10670100000      0.33980700000     -0.68076500000    
   Mn  G
   6.5630000000      0.57361000000E-01 -0.22094600000    
   2.6250000000      0.28648200000     -0.56547900000    
   1.0500000000      0.50197900000     -0.16835700000    
  0.42000000000      0.43466600000      0.78283700000    
end
basis "Fe_Bauschlicher_ANO" SPHERICAL
   Fe  S
   4316265.3000      0.90000000000E-05  0.30000000000E-05  0.10000000000E-05             0.                 0.     -0.10000000000E-05
   646342.42000      0.67000000000E-04  0.20000000000E-04  0.80000000000E-05 -0.20000000000E-05 -0.40000000000E-05 -0.60000000000E-05
   147089.73000      0.35400000000E-03  0.10800000000E-03  0.40000000000E-04 -0.90000000000E-05 -0.19000000000E-04 -0.32000000000E-04
   41661.522000      0.14940000000E-02  0.45400000000E-03  0.16700000000E-03 -0.39000000000E-04 -0.82000000000E-04 -0.13800000000E-03
   13590.765000      0.54110000000E-02  0.16500000000E-02  0.60800000000E-03 -0.14200000000E-03 -0.28100000000E-03 -0.48300000000E-03
   4905.7500000      0.17353000000E-01  0.53420000000E-02  0.19740000000E-02 -0.46000000000E-03 -0.98100000000E-03 -0.16450000000E-02
   1912.7458000      0.49540000000E-01  0.15619000000E-01  0.57800000000E-02 -0.13460000000E-02 -0.26260000000E-02 -0.45450000000E-02
   792.60434000      0.12303500000      0.40889000000E-01  0.15252000000E-01 -0.35610000000E-02 -0.77430000000E-02 -0.12905000000E-01
   344.80648000      0.24929300000      0.92911000000E-01  0.35056000000E-01 -0.81790000000E-02 -0.15494000000E-01 -0.27211000000E-01
   155.89989000      0.35857200000      0.16894600000      0.65883000000E-01 -0.15484000000E-01 -0.35419000000E-01 -0.58435000000E-01
   72.230908000      0.27747900000      0.19100100000      0.78156000000E-01 -0.18372000000E-01 -0.29221000000E-01 -0.55987000000E-01
   32.725065000      0.67193000000E-01 -0.44002000000E-01 -0.18912000000E-01  0.42640000000E-02 -0.13399000000E-01 -0.97930000000E-02
   15.667622000     -0.11560000000E-02 -0.51548300000     -0.30321600000      0.75628000000E-01  0.21198800000      0.35241100000    
   7.5034828000      0.19320000000E-02 -0.50517300000     -0.45764200000      0.11887300000      0.16914300000      0.45508800000    
   3.3122233000     -0.89200000000E-03 -0.92299000000E-01  0.12842100000     -0.41986000000E-01  0.74202000000E-01 -0.44621800000    
   1.5584712000      0.38600000000E-03  0.24090000000E-02  0.71739300000     -0.24751200000      -1.1776270000      -2.1706560000    
  0.68391370000     -0.15100000000E-03 -0.22620000000E-02  0.40355300000     -0.24921000000      0.47271400000       2.9960310000    
  0.14675670000      0.56000000000E-04  0.46800000000E-03  0.23145000000E-01  0.34050100000       1.9969190000      -1.5690770000    
    0.70583400000E-01 -0.44000000000E-04 -0.41800000000E-03 -0.55060000000E-02  0.56415100000      -1.4279300000     -0.19781300000    
   Fe  S
    0.31448900000E-01   1.0000000000    
   Fe  P
   7721.4886000      0.17700000000E-03  0.64000000000E-04  0.21000000000E-04  0.44000000000E-04 -0.56000000000E-04
   1829.1258000      0.15510000000E-02  0.56000000000E-03  0.18500000000E-03  0.37800000000E-03 -0.51200000000E-03
   593.62795000      0.86400000000E-02  0.31430000000E-02  0.10300000000E-02  0.21520000000E-02 -0.27830000000E-02
   226.20536000      0.35486000000E-01  0.13061000000E-01  0.43160000000E-02  0.88440000000E-02 -0.12020000000E-01
   95.261454000      0.11081900000      0.42113000000E-01  0.13851000000E-01  0.29019000000E-01 -0.37310000000E-01
   42.859203000      0.25156900000      0.99493000000E-01  0.33173000000E-01  0.67781000000E-01 -0.93343000000E-01
   20.049713000      0.38167800000      0.16132600000      0.53729000000E-01  0.11576200000     -0.14637800000    
   9.6208852000      0.30988400000      0.11461900000      0.39398000000E-01  0.88235000000E-01 -0.20230100000    
   4.5413705000      0.87806000000E-01 -0.18126600000     -0.77469000000E-01 -0.19468000000      0.60337800000    
   2.1135001000      0.37230000000E-02 -0.47535800000     -0.20036900000     -0.64732800000      0.92749700000    
  0.94720080000      0.15140000000E-02 -0.40814600000     -0.19156800000      0.14405900000      -2.1152770000    
  0.39124280000     -0.28500000000E-03 -0.10415400000      0.20775300000       1.2223770000      0.96412200000    
  0.15648000000      0.21200000000E-03  0.10940000000E-02  0.68683300000     -0.44549100000      0.77169100000    
    0.62592000000E-01 -0.95000000000E-04 -0.27330000000E-02  0.25894700000     -0.55779100000      -1.0407230000    
   Fe  P
    0.25037000000E-01   1.0000000000    
   Fe  D
   217.36883000     -0.91600000000E-03 -0.10010000000E-02 -0.14840000000E-02 -0.19790000000E-02
   64.999755000     -0.78140000000E-02 -0.85460000000E-02 -0.12905000000E-01 -0.17507000000E-01
   24.773137000     -0.35374000000E-01 -0.39091000000E-01 -0.59271000000E-01 -0.80747000000E-01
   10.436140000     -0.10769900000     -0.12162600000     -0.19560800000     -0.29347600000    
   4.6796533000     -0.22522100000     -0.25567500000     -0.38106100000     -0.50129100000    
   2.1256225000     -0.31689900000     -0.28371400000     -0.12378300000      0.70400800000    
  0.94524210000     -0.32036400000     -0.22763000000E-01  0.63689900000      0.55890800000    
  0.40268530000     -0.24689900000      0.41836900000      0.33680100000      -1.1456490000    
  0.15665100000     -0.11607400000      0.47251400000     -0.60031800000      0.30974900000    
    0.62660000000E-01 -0.14853000000E-01  0.11398500000     -0.26385200000      0.46195300000    
   Fe  F
   16.997200000      0.13273000000E-01  0.27682000000E-01 -0.43420000000E-01
   6.7989000000      0.79455000000E-01  0.18919300000     -0.40868800000    
   2.7196000000      0.29060300000      0.52249700000     -0.45547200000    
   1.0878000000      0.46604500000      0.15059900000      0.82529900000    
  0.43510000000      0.35516300000     -0.52695400000      0.43968000000E-01
  0.17410000000      0.12591000000     -0.37350000000     -0.68458600000    
   Fe  G
   8.1590000000      0.83660000000E-02  0.38731000000E-01
   3.2630000000      0.58110000000E-01  0.12781800000    
   1.3050000000      0.10772000000      0.20599000000E-01
  0.52200000000      0.83876000000E-01 -0.15293100000    
end
basis "Co_Bauschlicher_ANO" SPHERICAL
   Co  S
   4676708.0000      0.90000000000E-05 -0.30000000000E-05  0.10000000000E-05             0.     -0.18000000000E-04 -0.49000000000E-04
   700317.20000      0.67000000000E-04 -0.20000000000E-04  0.80000000000E-05 -0.20000000000E-05  0.14000000000E-03  0.26100000000E-03
   159373.00000      0.35200000000E-03 -0.10800000000E-03  0.40000000000E-04 -0.90000000000E-05 -0.93000000000E-04 -0.86300000000E-03
   45140.670000      0.14860000000E-02 -0.45400000000E-03  0.16800000000E-03 -0.37000000000E-04 -0.37000000000E-04  0.34320000000E-02
   14725.750000      0.53830000000E-02 -0.16500000000E-02  0.61400000000E-03 -0.13500000000E-03 -0.26300000000E-03 -0.30530000000E-02
   5315.4480000      0.17265000000E-01 -0.53420000000E-02  0.19910000000E-02 -0.43800000000E-03 -0.81400000000E-03 -0.18000000000E-03
   2072.4980000      0.49304000000E-01 -0.15624000000E-01  0.58330000000E-02 -0.12810000000E-02 -0.22980000000E-02 -0.49730000000E-02
   858.82310000      0.12253500000     -0.40929000000E-01  0.15400000000E-01 -0.33910000000E-02 -0.64800000000E-02 -0.11315000000E-01
   373.64370000      0.24860400000     -0.93128000000E-01  0.35465000000E-01 -0.78010000000E-02 -0.13671000000E-01 -0.25424000000E-01
   168.96820000      0.35837900000     -0.16965400000      0.66817000000E-01 -0.14803000000E-01 -0.29383000000E-01 -0.53797000000E-01
   78.319710000      0.27841100000     -0.19245200000      0.79601000000E-01 -0.17634000000E-01 -0.27174000000E-01 -0.50689000000E-01
   35.537240000      0.67858000000E-01  0.43475000000E-01 -0.18961000000E-01  0.40080000000E-02 -0.73540000000E-02 -0.13160000000E-01
   17.047350000     -0.11550000000E-02  0.51736200000     -0.30944400000      0.72906000000E-01  0.17291100000      0.32810100000    
   8.1755340000      0.19200000000E-02  0.50466200000     -0.46001600000      0.11280300000      0.15647000000      0.37656600000    
   3.6115780000     -0.88600000000E-03  0.91987000000E-01  0.13689400000     -0.42184000000E-01  0.36258000000E-01 -0.22406400000    
   1.6974680000      0.38100000000E-03 -0.23130000000E-02  0.71946400000     -0.23631100000     -0.90867600000      -2.1689710000    
  0.74363600000     -0.14700000000E-03  0.22120000000E-02  0.39946500000     -0.23563600000      0.24226900000       2.5562920000    
  0.15832500000      0.53000000000E-04 -0.47000000000E-03  0.20927000000E-01  0.32236200000       1.7114780000     -0.24072200000    
    0.75009000000E-01 -0.42000000000E-04  0.37100000000E-03 -0.80760000000E-02  0.54922200000     -0.73794600000      -1.7381830000    
   Co  S
    0.33093000000E-01   1.0000000000    
   Co  P
   8421.8420000      0.17500000000E-03 -0.62000000000E-04  0.21000000000E-04 -0.61400000000E-03  0.12890000000E-02
   1995.0000000      0.15380000000E-02 -0.54800000000E-03  0.19300000000E-03  0.65700000000E-03 -0.65670000000E-02
   647.48550000      0.85750000000E-02 -0.30850000000E-02  0.10500000000E-02  0.21060000000E-02  0.71350000000E-02
   246.77950000      0.35290000000E-01 -0.12845000000E-01  0.44320000000E-02  0.93770000000E-02  0.10519000000E-01
   103.96890000      0.11048600000     -0.41573000000E-01  0.14260000000E-01  0.30164000000E-01  0.36323000000E-01
   46.810520000      0.25156300000     -0.98659000000E-01  0.34240000000E-01  0.71753000000E-01  0.99301000000E-01
   21.927030000      0.38208900000     -0.16044300000      0.55898000000E-01  0.12029000000      0.14053800000    
   10.537150000      0.30945700000     -0.11188500000      0.40114000000E-01  0.95435000000E-01  0.23190800000    
   4.9806780000      0.87572000000E-01  0.18588600000     -0.81350000000E-01 -0.22213800000     -0.70760100000    
   2.3198240000      0.38260000000E-02  0.47672200000     -0.21163200000     -0.67007800000     -0.78111200000    
   1.0396090000      0.15120000000E-02  0.40511300000     -0.17833700000      0.22943200000       2.0593740000    
  0.42892100000     -0.28500000000E-03  0.10255500000      0.22043900000       1.1640430000      -1.0262420000    
  0.17156800000      0.20100000000E-03 -0.11280000000E-02  0.66891700000     -0.45407600000     -0.70296200000    
    0.68627000000E-01 -0.93000000000E-04  0.27220000000E-02  0.26419200000     -0.53540300000       1.0030000000    
   Co  P
    0.27451000000E-01   1.0000000000    
   Co  D
   237.59280000      0.94500000000E-03 -0.11250000000E-02  0.13890000000E-02  0.15410000000E-02
   71.088810000      0.80860000000E-02 -0.92090000000E-02  0.12844000000E-01  0.20601000000E-01
   27.119030000      0.36762000000E-01 -0.42888000000E-01  0.58199000000E-01  0.74509000000E-01
   11.448260000      0.11171900000     -0.13366400000      0.19059800000      0.33403200000    
   5.1395420000      0.23085800000     -0.27646200000      0.37891000000      0.48490400000    
   2.3326940000      0.31922200000     -0.28655900000      0.84030000000E-01 -0.78993200000    
   1.0340300000      0.31847000000      0.28088000000E-01 -0.65047000000     -0.45074800000    
  0.43789900000      0.24199500000      0.43710100000     -0.28548800000       1.1465360000    
  0.16896300000      0.11326100000      0.44734400000      0.65690900000     -0.44815700000    
    0.58088000000E-01  0.12770000000E-01  0.91090000000E-01  0.23775100000     -0.36440600000    
   Co  F
   18.378900000      0.15734000000E-01 -0.31382000000E-01 -0.37451000000E-01
   7.3516000000      0.92836000000E-01 -0.22288600000     -0.46550200000    
   2.9406000000      0.32602600000     -0.54096900000     -0.35237600000    
   1.1762000000      0.47456300000     -0.38852000000E-01  0.87376800000    
  0.47050000000      0.31872000000      0.55233600000     -0.11905800000    
  0.18820000000      0.99300000000E-01  0.31359400000     -0.62874900000    
   Co  G
   8.8215000000      0.43021000000E-01 -0.21775400000    
   3.5286000000      0.31444000000     -0.65103700000    
   1.4114000000      0.54262700000      0.19560000000E-01
  0.56460000000      0.36346300000      0.69944100000    
end
basis "Ni_Bauschlicher_ANO" SPHERICAL
   Ni  S
   5048010.4000      0.90000000000E-05 -0.30000000000E-05  0.10000000000E-05             0.      0.24000000000E-04 -0.33000000000E-04
   755918.10000      0.67000000000E-04 -0.20000000000E-04  0.70000000000E-05 -0.20000000000E-05 -0.13000000000E-04  0.25700000000E-03
   172026.25000      0.35100000000E-03 -0.10800000000E-03  0.38000000000E-04 -0.90000000000E-05 -0.12000000000E-04 -0.17400000000E-03
   48724.572000      0.14800000000E-02 -0.45400000000E-03  0.16100000000E-03 -0.37000000000E-04 -0.74000000000E-04 -0.54000000000E-04
   15894.892000      0.53610000000E-02 -0.16510000000E-02  0.58700000000E-03 -0.13400000000E-03 -0.23700000000E-03 -0.51100000000E-03
   5737.4685000      0.17199000000E-01 -0.53460000000E-02  0.19040000000E-02 -0.43400000000E-03 -0.85300000000E-03 -0.14030000000E-02
   2237.0513000      0.49128000000E-01 -0.15642000000E-01  0.55800000000E-02 -0.12710000000E-02 -0.22550000000E-02 -0.43650000000E-02
   927.03020000      0.12216900000     -0.41001000000E-01  0.14753000000E-01 -0.33680000000E-02 -0.66460000000E-02 -0.11487000000E-01
   403.34615000      0.24811200000     -0.93397000000E-01  0.34036000000E-01 -0.77540000000E-02 -0.13576000000E-01 -0.25446000000E-01
   182.42816000      0.35826900000     -0.17041100000      0.64347000000E-01 -0.14750000000E-01 -0.30098000000E-01 -0.53304000000E-01
   84.589171000      0.27910300000     -0.19375300000      0.77112000000E-01 -0.17611000000E-01 -0.26883000000E-01 -0.51732000000E-01
   38.422931000      0.68284000000E-01  0.43614000000E-01 -0.18512000000E-01  0.39920000000E-02 -0.85890000000E-02 -0.11273000000E-01
   18.468791000     -0.11830000000E-02  0.51949200000     -0.30442000000      0.73074000000E-01  0.17589100000      0.31983800000    
   8.8681903000      0.19140000000E-02  0.50372700000     -0.45125600000      0.11116700000      0.15967800000      0.39508500000    
   3.9188697000     -0.87900000000E-03  0.91295000000E-01  0.14849400000     -0.44051000000E-01  0.25037000000E-01 -0.25472700000    
   1.8398525000      0.37700000000E-03 -0.22250000000E-02  0.71338600000     -0.23242100000     -0.90786000000      -2.1265650000    
  0.80466260000     -0.14500000000E-03  0.22260000000E-02  0.39793600000     -0.22763800000      0.26558700000       2.5157580000    
  0.16984630000      0.51000000000E-04 -0.42900000000E-03  0.23123000000E-01  0.31142100000       1.6122490000     -0.21259900000    
    0.79369900000E-01 -0.40000000000E-04  0.36300000000E-03 -0.93000000000E-02  0.54689700000     -0.61124300000      -1.7291540000    
   Ni  S
    0.34700200000E-01   1.0000000000    
   Ni  P
   9148.7958000      0.17400000000E-03 -0.62000000000E-04  0.30000000000E-04 -0.66300000000E-03  0.12770000000E-02
   2167.1706000      0.15270000000E-02 -0.54600000000E-03  0.20300000000E-03  0.79600000000E-03 -0.65500000000E-02
   703.38566000      0.85220000000E-02 -0.30730000000E-02  0.13380000000E-02  0.17760000000E-02  0.63860000000E-02
   268.13423000      0.35142000000E-01 -0.12827000000E-01  0.51270000000E-02  0.10821000000E-01  0.12148000000E-01
   113.00781000      0.11027100000     -0.41614000000E-01  0.17388000000E-01  0.29062000000E-01  0.39683000000E-01
   50.913395000      0.25173700000     -0.99134000000E-01  0.40915000000E-01  0.76994000000E-01  0.10718500000    
   23.877402000      0.38250200000     -0.16134000000      0.68018000000E-01  0.12273100000      0.14423000000    
   11.489237000      0.30888200000     -0.11079300000      0.47733000000E-01  0.10481000000      0.25900200000    
   5.4368839000      0.87167000000E-01  0.18946500000     -0.10384600000     -0.25975900000     -0.87239000000    
   2.5338366000      0.39480000000E-02  0.47535000000     -0.27162600000     -0.68969800000     -0.55781100000    
   1.1353088000      0.15980000000E-02  0.40149700000     -0.14975400000      0.36884200000       2.0283200000    
  0.46789110000     -0.22600000000E-03  0.10557200000      0.31790600000       1.0654880000      -1.2357980000    
  0.18720000000      0.21700000000E-03 -0.37800000000E-03  0.61633900000     -0.53448100000     -0.47656700000    
    0.74900000000E-01 -0.90000000000E-04  0.27960000000E-02  0.22764800000     -0.50112000000      0.89679400000    
   Ni  P
    0.29900000000E-01   1.0000000000    
   Ni  D
   258.86666000      0.94600000000E-03 -0.96000000000E-03 -0.13470000000E-02  0.20000000000E-02
   77.496041000      0.81190000000E-02 -0.82760000000E-02 -0.11970000000E-01  0.16789000000E-01
   29.589718000      0.37044000000E-01 -0.38053000000E-01 -0.55013000000E-01  0.77436000000E-01
   12.515275000      0.11243600000     -0.11804400000     -0.17808900000      0.28253100000    
   5.6244675000      0.22963600000     -0.24187800000     -0.35378200000      0.47987500000    
   2.5513029000      0.31349000000     -0.25746800000     -0.15469500000     -0.55220800000    
   1.1280597000      0.30928100000     -0.35377000000E-01  0.50643500000     -0.64412800000    
  0.47537300000      0.24452900000      0.33063400000      0.44804400000      0.83202800000    
  0.18212780000      0.13214900000      0.46444500000     -0.36294300000      0.22473900000    
    0.72900000000E-01  0.33888000000E-01  0.24491200000     -0.47517700000     -0.68185000000    
   Ni  F
   19.764200000      0.17112000000E-01  0.34643000000E-01 -0.47953000000E-01
   7.9057000000      0.98203000000E-01  0.25150000000     -0.51731700000    
   3.1622000000      0.33737900000      0.55664100000     -0.25583000000    
   1.2649000000      0.47579700000     -0.32855000000E-01  0.90613800000    
  0.50600000000      0.30432400000     -0.54521000000     -0.26854100000    
  0.20240000000      0.95371000000E-01 -0.27656100000     -0.54807600000    
   Ni  G
   9.4868000000      0.22649000000E-01 -0.15022500000    
   3.7947000000      0.19632600000     -0.38999000000    
   1.5178000000      0.34186000000      0.26229000000E-01
  0.60720000000      0.20771500000      0.42114800000    
end
basis "Cu_Bauschlicher_ANO" SPHERICAL
   Cu  S
   5430320.9000      0.90000000000E-05  0.30000000000E-05  0.10000000000E-05             0.     -0.10000000000E-05 -0.10000000000E-05
   813166.47700      0.67000000000E-04  0.20000000000E-04  0.80000000000E-05  0.20000000000E-05 -0.40000000000E-05 -0.60000000000E-05
   185054.36000      0.35000000000E-03  0.10800000000E-03  0.40000000000E-04  0.90000000000E-05 -0.20000000000E-04 -0.33000000000E-04
   52414.655800      0.14760000000E-02  0.45500000000E-03  0.17000000000E-03  0.37000000000E-04 -0.90000000000E-04 -0.14200000000E-03
   17098.676300      0.53460000000E-02  0.16530000000E-02  0.62000000000E-03  0.13400000000E-03 -0.30700000000E-03 -0.51100000000E-03
   6171.9942700      0.17149000000E-01  0.53540000000E-02  0.20110000000E-02  0.43600000000E-03 -0.10720000000E-02 -0.16800000000E-02
   2406.4807300      0.48998000000E-01  0.15668000000E-01  0.58930000000E-02  0.12760000000E-02 -0.28770000000E-02 -0.48580000000E-02
   997.25842700      0.12190100000      0.41091000000E-01  0.15587000000E-01  0.33840000000E-02 -0.84790000000E-02 -0.13105000000E-01
   433.92893000      0.24776500000      0.93692000000E-01  0.35953000000E-01  0.78020000000E-02 -0.17099000000E-01 -0.29694000000E-01
   196.28691500      0.35820700000      0.17116500000      0.67985000000E-01  0.14857000000E-01 -0.39119000000E-01 -0.58523000000E-01
   91.042797800      0.27960800000      0.19489100000      0.81316000000E-01  0.17788000000E-01 -0.33028000000E-01 -0.67368000000E-01
   41.384251000      0.68568000000E-01 -0.44073000000E-01 -0.19456000000E-01 -0.41030000000E-02 -0.14351000000E-01  0.83870000000E-02
   19.932778200     -0.12290000000E-02 -0.52177300000     -0.31847800000     -0.73960000000E-01  0.23684100000      0.32576900000    
   9.5818913700      0.19110000000E-02 -0.50248400000     -0.45962300000     -0.11076200000      0.19280500000      0.60993900000    
   4.2345160100     -0.87700000000E-03 -0.90539000000E-01  0.15478300000      0.46440000000E-01  0.21640000000E-01 -0.84284000000    
   1.9858140200      0.37500000000E-03  0.21550000000E-02  0.71968000000      0.23030400000      -1.2542960000      -1.7421770000    
  0.86708271000     -0.14200000000E-03 -0.21920000000E-02  0.38729400000      0.22472700000      0.63528100000       2.8578570000    
  0.18133919000      0.49000000000E-04  0.44500000000E-03  0.20231000000E-01 -0.31155400000       1.7979840000      -1.8780770000    
    0.83656970000E-01 -0.38000000000E-04 -0.28400000000E-03 -0.48470000000E-02 -0.55998900000      -1.3220520000      0.33892100000    
   Cu  S
    0.36266680000E-01   1.0000000000    
   Cu  P
   9902.6879200      0.17200000000E-03  0.64000000000E-04  0.24000000000E-04  0.47000000000E-04 -0.56000000000E-04
   2345.7229300      0.15170000000E-02  0.56200000000E-03  0.21000000000E-03  0.41600000000E-03 -0.54300000000E-03
   761.35835100      0.84770000000E-02  0.31640000000E-02  0.11770000000E-02  0.23370000000E-02 -0.28010000000E-02
   290.28189100      0.35010000000E-01  0.13224000000E-01  0.49530000000E-02  0.98360000000E-02 -0.12850000000E-01
   122.38382600      0.11008700000      0.42979000000E-01  0.16053000000E-01  0.31932000000E-01 -0.38212000000E-01
   55.170482600      0.25188500000      0.10256800000      0.38770000000E-01  0.77059000000E-01 -0.10223400000    
   25.902148100      0.38291200000      0.16690300000      0.63423000000E-01  0.12806500000     -0.14928900000    
   12.477847900      0.30835500000      0.11321700000      0.44916000000E-01  0.10846400000     -0.24548600000    
   5.9104172100      0.86818000000E-01 -0.19269900000     -0.98425000000E-01 -0.27914000000      0.84735100000    
   2.7557622000      0.40150000000E-02 -0.47885200000     -0.24703300000     -0.69126800000      0.56015200000    
   1.2344082300      0.15900000000E-02 -0.39910900000     -0.15564600000      0.38895800000      -2.0014380000    
  0.50818719000     -0.22600000000E-03 -0.10029000000      0.28496800000       1.0457010000       1.1966730000    
  0.20300000000      0.20500000000E-03  0.11030000000E-02  0.63306500000     -0.50010100000      0.52206800000    
    0.81300000000E-01 -0.89000000000E-04 -0.26600000000E-02  0.24020100000     -0.49638800000     -0.92699900000    
   Cu  P
    0.32500000000E-01   1.0000000000    
   Cu  D
   281.09820000     -0.99000000000E-03  0.12450000000E-02 -0.15310000000E-02  0.20900000000E-02
   84.193828000     -0.85230000000E-02  0.10740000000E-01 -0.13482000000E-01  0.20518000000E-01
   32.173978000     -0.39039000000E-01  0.49790000000E-01 -0.62313000000E-01  0.87936000000E-01
   13.632068000     -0.11831000000      0.15569900000     -0.20953200000      0.36325300000    
   6.1319702000     -0.23953800000      0.31294800000     -0.39798700000      0.45457800000    
   2.7801544000     -0.32311200000      0.27759000000      0.30352000000E-01  -1.0092230000    
   1.2266042000     -0.31491400000     -0.10428500000      0.72224400000     -0.89693000000E-01
  0.51470350000     -0.23551500000     -0.47692100000      0.72293000000E-01   1.0362280000    
  0.19595350000     -0.10361600000     -0.37140200000     -0.65597300000     -0.58344900000    
    0.78000000000E-01 -0.96940000000E-02 -0.53211000000E-01 -0.15657700000     -0.26786200000    
   Cu  F
   24.705000000     -0.14056000000E-01 -0.25672000000E-01 -0.33306000000E-01
   9.8821000000     -0.87163000000E-01 -0.20655300000     -0.42748900000    
   3.9528000000     -0.32516600000     -0.54633600000     -0.41023300000    
   1.5811000000     -0.47882900000     -0.49994000000E-01  0.87253600000    
  0.63250000000     -0.31614100000      0.54621800000     -0.71020000000E-01
  0.25300000000     -0.10227400000      0.33082300000     -0.65685500000    
   Cu  G
   11.858500000     -0.83950000000E-02 -0.58845000000E-01
   4.7434000000     -0.87256000000E-01 -0.18983500000    
   1.8974000000     -0.16176800000      0.57700000000E-03
  0.75890000000     -0.10323300000      0.20362600000    
end
