# $Id: cc-pvt+dz,v 1.1 2002-01-03 23:39:54 mhackler Exp $
basis "Al_cc-pV(T+d)Z" SPHERICAL
   Al  S
   205500.00000      0.67883600000E-04 -0.17637700000E-04  0.40731500000E-05
   30780.000000      0.52714900000E-03 -0.13719500000E-03  0.31656600000E-04
   7006.0000000      0.27620300000E-02 -0.71891000000E-03  0.16611600000E-03
   1985.0000000      0.11472800000E-01 -0.30114600000E-02  0.69499200000E-03
   649.10000000      0.39818800000E-01 -0.10601400000E-01  0.24551100000E-02
   235.00000000      0.11504000000     -0.32134500000E-01  0.74459800000E-02
   91.620000000      0.26088700000     -0.80315600000E-01  0.18825300000E-01
   37.670000000      0.39638600000     -0.15679400000      0.37277200000E-01
   15.910000000      0.28459700000     -0.16837600000      0.41949600000E-01
   5.8500000000      0.44458300000E-01  0.12687900000     -0.35437500000E-01
   2.5420000000     -0.48983800000E-02  0.56149400000     -0.17513200000    
   1.0570000000      0.26125300000E-02  0.43661300000     -0.27620300000    
  0.14550000000      0.72206800000E-03 -0.11456300000E-01  0.65280900000    
   Al  S
  0.29310000000       1.0000000000    
   Al  S
    0.56500000000E-01   1.0000000000    
   Al  P
   444.40000000      0.16278600000E-02 -0.28634100000E-03
   105.10000000      0.13068700000E-01 -0.24230800000E-02
   33.470000000      0.61234100000E-01 -0.10865800000E-01
   12.330000000      0.18787000000     -0.36430700000E-01
   4.8690000000      0.36045200000     -0.64107400000E-01
   1.9610000000      0.40845400000     -0.97223900000E-01
  0.18880000000      0.97651400000E-02  0.50344800000    
   Al  P
  0.78340000000       1.0000000000    
   Al  P
    0.55570000000E-01   1.0000000000    
   Al  D
   1.5700000000       1.0000000000    
   Al  D
  0.33300000000       1.0000000000    
   Al  D
  0.11100000000       1.0000000000    
   Al  F
  0.24400000000       1.0000000000    
end
basis "Si_cc-pV(T+d)Z" SPHERICAL
   Si  S
   254900.00000      0.62510100000E-04 -0.16637000000E-04  0.42625700000E-05
   38190.000000      0.48555300000E-03 -0.12931000000E-03  0.33106200000E-04
   8690.0000000      0.25451600000E-02 -0.67882800000E-03  0.17401500000E-03
   2462.0000000      0.10586600000E-01 -0.28411700000E-02  0.72757400000E-03
   804.80000000      0.36878700000E-01 -0.10055100000E-01  0.25833300000E-02
   291.30000000      0.10747900000     -0.30577400000E-01  0.78635400000E-02
   113.60000000      0.24793600000     -0.77725600000E-01  0.20215500000E-01
   46.750000000      0.39092700000     -0.15423600000      0.40732000000E-01
   19.820000000      0.30202600000     -0.18036800000      0.49935800000E-01
   7.7080000000      0.55923600000E-01  0.79821800000E-01 -0.24939600000E-01
   3.3400000000     -0.40240600000E-02  0.54744100000     -0.19035000000    
   1.4020000000      0.25803000000E-02  0.48011900000     -0.31835000000    
  0.20700000000      0.60793000000E-03 -0.10699600000E-01  0.68118000000    
   Si  S
  0.43870000000       1.0000000000    
   Si  S
    0.79440000000E-01   1.0000000000    
   Si  P
   481.50000000      0.19204500000E-02 -0.40522000000E-03
   113.90000000      0.15355200000E-01 -0.33589600000E-02
   36.230000000      0.71399100000E-01 -0.15286000000E-01
   13.340000000      0.21305200000     -0.48921800000E-01
   5.2520000000      0.39035400000     -0.85500800000E-01
   2.1200000000      0.39372100000     -0.11213700000    
  0.25280000000      0.39563000000E-02  0.55191900000    
   Si  P
  0.85610000000       1.0000000000    
   Si  P
    0.78890000000E-01   1.0000000000    
   Si  D
   2.3030000000       1.0000000000    
   Si  D
  0.47600000000       1.0000000000    
   Si  D
  0.16000000000       1.0000000000    
   Si  F
  0.33600000000       1.0000000000    
end
basis "P_cc-pV(T+d)Z" SPHERICAL
   P   S
   312400.00000      0.57696000000E-04 -0.15670900000E-04  0.43063100000E-05
   46800.000000      0.44829600000E-03 -0.12172400000E-03  0.33419400000E-04
   10650.000000      0.23493900000E-02 -0.63967200000E-03  0.17588500000E-03
   3018.0000000      0.97826500000E-02 -0.26742600000E-02  0.73434000000E-03
   986.80000000      0.34146700000E-01 -0.94983100000E-02  0.26177500000E-02
   357.40000000      0.10020400000     -0.28934900000E-01  0.79785200000E-02
   139.60000000      0.23437200000     -0.74512100000E-01  0.20794000000E-01
   57.630000000      0.38243400000     -0.14993800000      0.42444600000E-01
   24.600000000      0.31808800000     -0.18946700000      0.56343600000E-01
   10.120000000      0.70778800000E-01  0.36327000000E-01 -0.12735800000E-01
   4.2830000000     -0.18179900000E-02  0.52881600000     -0.19649500000    
   1.8050000000      0.21618000000E-02  0.51911500000     -0.35355500000    
  0.27820000000      0.43229700000E-03 -0.92569500000E-02  0.70091200000    
   P   S
  0.61580000000       1.0000000000    
   P   S
  0.10550000000       1.0000000000    
   P   P
   504.90000000      0.23372800000E-02 -0.55523600000E-03
   119.40000000      0.18541000000E-01 -0.44591300000E-02
   37.960000000      0.84969300000E-01 -0.20635000000E-01
   13.950000000      0.24461500000     -0.61769400000E-01
   5.4570000000      0.42276600000     -0.10892400000    
   2.1770000000      0.36843900000     -0.10559900000    
  0.28770000000     -0.37900500000E-02  0.57698100000    
   P   P
  0.80100000000       1.0000000000    
   P   P
    0.97140000000E-01   1.0000000000    
   P   D
   3.1200000000       1.0000000000    
   P   D
  0.64800000000       1.0000000000    
   P   D
  0.21800000000       1.0000000000    
   P   F
  0.45200000000       1.0000000000    
end
basis "S_cc-pV(T+d)Z" SPHERICAL
   S   S
   374100.00000      0.54214000000E-04 -0.14983700000E-04  0.43506600000E-05
   56050.000000      0.42085500000E-03 -0.11619800000E-03  0.33714000000E-04
   12760.000000      0.22069800000E-02 -0.61158300000E-03  0.17767400000E-03
   3615.0000000      0.91925800000E-02 -0.25537000000E-02  0.74111600000E-03
   1183.0000000      0.32112300000E-01 -0.90870800000E-02  0.26459100000E-02
   428.80000000      0.94668300000E-01 -0.27704500000E-01  0.80748700000E-02
   167.80000000      0.22363000000     -0.72002000000E-01  0.21227600000E-01
   69.470000000      0.37439300000     -0.14643900000      0.43832300000E-01
   29.840000000      0.32910800000     -0.19515000000      0.61271600000E-01
   12.720000000      0.84703800000E-01  0.81919300000E-02 -0.36151000000E-02
   5.2440000000      0.44085100000E-03  0.51660100000     -0.20451000000    
   2.2190000000      0.16482700000E-02  0.54217800000     -0.38187100000    
  0.34900000000      0.30130600000E-03 -0.91807200000E-02  0.71414700000    
   S   S
  0.77670000000       1.0000000000    
   S   S
  0.13220000000       1.0000000000    
   S   P
   574.40000000      0.24226400000E-02 -0.62010200000E-03
   135.80000000      0.19279600000E-01 -0.49388200000E-02
   43.190000000      0.88540100000E-01 -0.23264700000E-01
   15.870000000      0.25465400000     -0.68519500000E-01
   6.2080000000      0.43398400000     -0.12389600000    
   2.4830000000      0.35495300000     -0.96949900000E-01
  0.32290000000     -0.50297700000E-02  0.56939400000    
   S   P
  0.86880000000       1.0000000000    
   S   P
  0.10980000000       1.0000000000    
   S   D
   3.7560000000       1.0000000000    
   S   D
  0.81200000000       1.0000000000    
   S   D
  0.27300000000       1.0000000000    
   S   F
  0.55700000000       1.0000000000    
end
basis "Cl_cc-pV(T+d)Z" SPHERICAL
   Cl  S
   456100.00000      0.49297000000E-04 -0.13830400000E-04  0.41854600000E-05
   68330.000000      0.38302900000E-03 -0.10727900000E-03  0.32439500000E-04
   15550.000000      0.20085400000E-02 -0.56508300000E-03  0.17110500000E-03
   4405.0000000      0.83855800000E-02 -0.23613500000E-02  0.71417600000E-03
   1439.0000000      0.29470300000E-01 -0.84588600000E-02  0.25670500000E-02
   520.40000000      0.87832500000E-01 -0.25963800000E-01  0.78855200000E-02
   203.10000000      0.21147300000     -0.68636200000E-01  0.21086700000E-01
   83.960000000      0.36536400000     -0.14187400000      0.44226400000E-01
   36.200000000      0.34088400000     -0.19931900000      0.65167000000E-01
   15.830000000      0.10213300000     -0.19566200000E-01  0.60301200000E-02
   6.3340000000      0.31167500000E-02  0.49974100000     -0.20649500000    
   2.6940000000      0.10575100000E-02  0.56373600000     -0.40587100000    
  0.43130000000      0.15613600000E-03 -0.83509100000E-02  0.72566100000    
   Cl  S
  0.97680000000       1.0000000000    
   Cl  S
  0.16250000000       1.0000000000    
   Cl  P
   663.30000000      0.24044800000E-02 -0.65214500000E-03
   156.80000000      0.19214800000E-01 -0.51944500000E-02
   49.980000000      0.88509700000E-01 -0.24693800000E-01
   18.420000000      0.25602000000     -0.72816700000E-01
   7.2400000000      0.43692700000     -0.13403000000    
   2.9220000000      0.35033400000     -0.94774200000E-01
  0.38180000000     -0.45842300000E-02  0.56466700000    
   Cl  P
   1.0220000000       1.0000000000    
   Cl  P
  0.13010000000       1.0000000000    
   Cl  D
   4.6100000000       1.0000000000    
   Cl  D
   1.0110000000       1.0000000000    
   Cl  D
  0.33900000000       1.0000000000    
   Cl  F
  0.70600000000       1.0000000000    
end
basis "Ar_cc-pV(T+d)Z" SPHERICAL
   Ar  S
   545000.00000      0.45582800000E-04 -0.12955100000E-04  0.40499000000E-05
   81640.000000      0.35410800000E-03 -0.10042800000E-03  0.31369100000E-04
   18580.000000      0.18579700000E-02 -0.52958300000E-03  0.16564600000E-03
   5261.0000000      0.77685100000E-02 -0.22139600000E-02  0.69166200000E-03
   1717.0000000      0.27423200000E-01 -0.79684500000E-02  0.24979000000E-02
   619.90000000      0.82383600000E-01 -0.24580300000E-01  0.77107400000E-02
   241.60000000      0.20123000000     -0.65779800000E-01  0.20871400000E-01
   99.790000000      0.35678100000     -0.13794200000      0.44396500000E-01
   43.150000000      0.34956300000     -0.20163000000      0.68022400000E-01
   19.140000000      0.11826600000     -0.41283400000E-01  0.14135000000E-01
   7.4880000000      0.56019000000E-02  0.48468000000     -0.20748900000    
   3.2050000000      0.48347300000E-03  0.57922400000     -0.42504500000    
  0.52040000000      0.29202500000E-04 -0.72755300000E-02  0.73362700000    
   Ar  S
   1.1960000000       1.0000000000    
   Ar  S
  0.19540000000       1.0000000000    
   Ar  P
   761.80000000      0.23697600000E-02 -0.66721100000E-03
   180.20000000      0.19019900000E-01 -0.53271700000E-02
   57.500000000      0.88080700000E-01 -0.25549400000E-01
   21.240000000      0.25637700000     -0.75719700000E-01
   8.3880000000      0.43871100000     -0.14113300000    
   3.4160000000      0.34756900000     -0.93276800000E-01
  0.45230000000     -0.52388200000E-02  0.56245000000    
   Ar  P
   1.2060000000       1.0000000000    
   Ar  P
  0.15450000000       1.0000000000    
   Ar  D
   5.5510000000       1.0000000000    
   Ar  D
   1.2350000000       1.0000000000    
   Ar  D
  0.41200000000       1.0000000000    
   Ar  F
  0.89000000000       1.0000000000    
end
