#  cc-pV9Z  EMSL  Basis Set Exchange Library  2/17/10 4:57 PM
# Elements                             References
# --------                             ----------
# C - F, S:       D. Feller, K.A. Peterson and T.D. Crawford (to be published)
#   


basis "Ne_cc-pV9Z" SPHERICAL
Ne    S
 23015748.0000000            0.96756722E-07        -0.22720964E-07         0.0000000              0.0000000              0.0000000              0.0000000              0.0000000              0.0000000              0.0000000              0.0000000        
 3406478.0000000             0.76022733E-06        -0.17853772E-06         0.0000000              0.0000000              0.0000000              0.0000000              0.0000000              0.0000000              0.0000000              0.0000000        
 766405.0000000              0.41194508E-05        -0.96732804E-06         0.0000000              0.0000000              0.0000000              0.0000000              0.0000000              0.0000000              0.0000000              0.0000000        
 209480.0000000              0.18538108E-04        -0.43539656E-05         0.0000000              0.0000000              0.0000000              0.0000000              0.0000000              0.0000000              0.0000000              0.0000000        
  65557.0000000              0.71219188E-04        -0.16725280E-04         0.0000000              0.0000000              0.0000000              0.0000000              0.0000000              0.0000000              0.0000000              0.0000000        
  22993.0000000              0.23862683E-03        -0.56068386E-04         0.0000000              0.0000000              0.0000000              0.0000000              0.0000000              0.0000000              0.0000000              0.0000000        
   8855.0800000              0.72101492E-03        -0.16947290E-03         0.0000000              0.0000000              0.0000000              0.0000000              0.0000000              0.0000000              0.0000000              0.0000000        
   3650.9900000              0.20419452E-02        -0.48085599E-03         0.0000000              0.0000000              0.0000000              0.0000000              0.0000000              0.0000000              0.0000000              0.0000000        
   1573.2200000              0.55616242E-02        -0.13136901E-02         0.0000000              0.0000000              0.0000000              0.0000000              0.0000000              0.0000000              0.0000000              0.0000000        
    697.0050000              0.014639531           -0.34855166E-02         0.0000000              0.0000000              0.0000000              0.0000000              0.0000000              0.0000000              0.0000000              0.0000000        
    315.6520000              0.036543265           -0.88381618E-02         0.0000000              0.0000000              0.0000000              0.0000000              0.0000000              0.0000000              0.0000000              0.0000000        
    146.4430000              0.083450105           -0.020871370            0.0000000              0.0000000              0.0000000              0.0000000              0.0000000              0.0000000              0.0000000              0.0000000        
     69.7874000              0.166351823           -0.044373979            0.0000000              0.0000000              0.0000000              0.0000000              0.0000000              0.0000000              0.0000000              0.0000000        
     34.1501000              0.270049550           -0.081942970            0.0000000              0.0000000              0.0000000              0.0000000              0.0000000              0.0000000              0.0000000              0.0000000        
     17.1191000              0.313567680           -0.122396921            1.0000000              0.0000000              0.0000000              0.0000000              0.0000000              0.0000000              0.0000000              0.0000000        
      8.7124390              0.205463367           -0.118011700            0.0000000              1.0000000              0.0000000              0.0000000              0.0000000              0.0000000              0.0000000              0.0000000        
      4.3897130              0.051063387            0.013627065            0.0000000              0.0000000              1.0000000              0.0000000              0.0000000              0.0000000              0.0000000              0.0000000        
      2.1972220              0.29358374E-02         0.253785226            0.0000000              0.0000000              0.0000000              1.0000000              0.0000000              0.0000000              0.0000000              0.0000000        
      1.0830370              0.13729280E-02         0.415609871            0.0000000              0.0000000              0.0000000              0.0000000              1.0000000              0.0000000              0.0000000              0.0000000        
      0.5339870              0.12730329E-03         0.342535651            0.0000000              0.0000000              0.0000000              0.0000000              0.0000000              1.0000000              0.0000000              0.0000000        
      0.2628700              0.15282880E-03         0.115384134            0.0000000              0.0000000              0.0000000              0.0000000              0.0000000              0.0000000              1.0000000              0.0000000        
      0.1190390             -0.11012535E-04         0.60878761E-02         0.0000000              0.0000000              0.0000000              0.0000000              0.0000000              0.0000000              0.0000000              1.0000000        
Ne    P
  11543.6000000              0.17507069E-05         0.0000000              0.0000000              0.0000000              0.0000000              0.0000000              0.0000000              0.0000000              0.0000000        
   2912.1500000              0.13632768E-04         0.0000000              0.0000000              0.0000000              0.0000000              0.0000000              0.0000000              0.0000000              0.0000000        
    997.6840000              0.75339633E-04         0.0000000              0.0000000              0.0000000              0.0000000              0.0000000              0.0000000              0.0000000              0.0000000        
    383.6430000              0.36253157E-03         0.0000000              0.0000000              0.0000000              0.0000000              0.0000000              0.0000000              0.0000000              0.0000000        
    158.5310000              0.15198830E-02         0.0000000              0.0000000              0.0000000              0.0000000              0.0000000              0.0000000              0.0000000              0.0000000        
     69.5342000              0.54886444E-02         0.0000000              0.0000000              0.0000000              0.0000000              0.0000000              0.0000000              0.0000000              0.0000000        
     32.0060000              0.017020535            0.0000000              0.0000000              0.0000000              0.0000000              0.0000000              0.0000000              0.0000000              0.0000000        
     15.2805000              0.045765537            0.0000000              0.0000000              0.0000000              0.0000000              0.0000000              0.0000000              0.0000000              0.0000000        
      7.5090010              0.103909456            1.0000000              0.0000000              0.0000000              0.0000000              0.0000000              0.0000000              0.0000000              0.0000000        
      3.7621380              0.186591522            0.0000000              1.0000000              0.0000000              0.0000000              0.0000000              0.0000000              0.0000000              0.0000000        
      1.8983760              0.257630627            0.0000000              0.0000000              1.0000000              0.0000000              0.0000000              0.0000000              0.0000000              0.0000000        
      0.9575798              0.277311429            0.0000000              0.0000000              0.0000000              1.0000000              0.0000000              0.0000000              0.0000000              0.0000000        
      0.4820758              0.228269004            0.0000000              0.0000000              0.0000000              0.0000000              1.0000000              0.0000000              0.0000000              0.0000000        
      0.2419713              0.122890814            0.0000000              0.0000000              0.0000000              0.0000000              0.0000000              1.0000000              0.0000000              0.0000000        
      0.1195759              0.028353858            0.0000000              0.0000000              0.0000000              0.0000000              0.0000000              0.0000000              1.0000000              0.0000000        
      0.0485331              0.62584132E-03         0.0000000              0.0000000              0.0000000              0.0000000              0.0000000              0.0000000              0.0000000              1.0000000        
Ne    D
     34.5892700              1.0000000              0.0000000              0.0000000              0.0000000              0.0000000              0.0000000              0.0000000              0.0000000        
     18.0557400              0.0000000              1.0000000              0.0000000              0.0000000              0.0000000              0.0000000              0.0000000              0.0000000        
      9.4251750              0.0000000              0.0000000              1.0000000              0.0000000              0.0000000              0.0000000              0.0000000              0.0000000        
      4.9199810              0.0000000              0.0000000              0.0000000              1.0000000              0.0000000              0.0000000              0.0000000              0.0000000        
      2.5682510              0.0000000              0.0000000              0.0000000              0.0000000              1.0000000              0.0000000              0.0000000              0.0000000        
      1.3406380              0.0000000              0.0000000              0.0000000              0.0000000              0.0000000              1.0000000              0.0000000              0.0000000        
      0.6998190              0.0000000              0.0000000              0.0000000              0.0000000              0.0000000              0.0000000              1.0000000              0.0000000        
      0.3653080              0.0000000              0.0000000              0.0000000              0.0000000              0.0000000              0.0000000              0.0000000              1.0000000        
Ne    F
     19.5670000              1.0000000              0.0000000              0.0000000              0.0000000              0.0000000              0.0000000              0.0000000        
     10.7811600              0.0000000              1.0000000              0.0000000              0.0000000              0.0000000              0.0000000              0.0000000        
      5.9393720              0.0000000              0.0000000              1.0000000              0.0000000              0.0000000              0.0000000              0.0000000        
      3.2720160              0.0000000              0.0000000              0.0000000              1.0000000              0.0000000              0.0000000              0.0000000        
      1.8025620              0.0000000              0.0000000              0.0000000              0.0000000              1.0000000              0.0000000              0.0000000        
      0.9930360              0.0000000              0.0000000              0.0000000              0.0000000              0.0000000              1.0000000              0.0000000        
      0.5470660              0.0000000              0.0000000              0.0000000              0.0000000              0.0000000              0.0000000              1.0000000        
Ne    G
     21.3683600              1.0000000              0.0000000              0.0000000              0.0000000              0.0000000              0.0000000        
     11.4364600              0.0000000              1.0000000              0.0000000              0.0000000              0.0000000              0.0000000        
      6.1208540              0.0000000              0.0000000              1.0000000              0.0000000              0.0000000              0.0000000        
      3.2759130              0.0000000              0.0000000              0.0000000              1.0000000              0.0000000              0.0000000        
      1.7532860              0.0000000              0.0000000              0.0000000              0.0000000              1.0000000              0.0000000        
      0.9383680              0.0000000              0.0000000              0.0000000              0.0000000              0.0000000              1.0000000        
Ne    H
     14.4302300              1.0000000              0.0000000              0.0000000              0.0000000              0.0000000        
      7.8682310              0.0000000              1.0000000              0.0000000              0.0000000              0.0000000        
      4.2902340              0.0000000              0.0000000              1.0000000              0.0000000              0.0000000        
      2.3392940              0.0000000              0.0000000              0.0000000              1.0000000              0.0000000        
      1.2755240              0.0000000              0.0000000              0.0000000              0.0000000              1.0000000        
Ne    I
     14.8201500              1.0000000              0.0000000              0.0000000              0.0000000        
      7.6470650              0.0000000              1.0000000              0.0000000              0.0000000        
      3.9458160              0.0000000              0.0000000              1.0000000              0.0000000        
      2.0360050              0.0000000              0.0000000              0.0000000              1.0000000        
Ne    K
     10.5840000              1.0000000              0.0000000              0.0000000        
      5.0400000              0.0000000              1.0000000              0.0000000        
      2.4000000              0.0000000              0.0000000              1.0000000        
Ne    L
      9.4532250              1.0000000              0.0000000        
      4.4606900              0.0000000              1.0000000        
Ne    M
      6.4900000              1.0000000        
end

