#  cc-pV8Z  EMSL  Basis Set Exchange Library  1/20/10 3:31 PM
# Elements                             References
# --------                             ----------
# H    : S. L. Mielke and K. A. Peterson, to be published.
# Ne   : D. Feller, K. A. Peterson, W. A. de Jong and D. A. Dixon, 
#        J. Chem. Phys. 118, 3510 (2003)
#   


BASIS "ao basis" PRINT
#BASIS SET: (15s,7p,6d,5f,4g,3h,1k) -> [8s,7p,6d,5f,4g,3h,1k]
H    S
  13940.8000000              0.00000301             0.0000000              0.0000000              0.0000000              0.0000000              0.0000000              0.0000000              0.0000000        
   3471.4300000              0.00000544             0.0000000              0.0000000              0.0000000              0.0000000              0.0000000              0.0000000              0.0000000        
   1903.1800000              0.00001785             0.0000000              0.0000000              0.0000000              0.0000000              0.0000000              0.0000000              0.0000000        
    623.2860000              0.00007195             0.0000000              0.0000000              0.0000000              0.0000000              0.0000000              0.0000000              0.0000000        
    290.3600000              0.00012055             0.0000000              0.0000000              0.0000000              0.0000000              0.0000000              0.0000000              0.0000000        
    126.5850000              0.00052527             0.0000000              0.0000000              0.0000000              0.0000000              0.0000000              0.0000000              0.0000000        
     44.6955000              0.00201384             0.0000000              0.0000000              0.0000000              0.0000000              0.0000000              0.0000000              0.0000000        
     16.0038000              0.00687086             0.0000000              0.0000000              0.0000000              0.0000000              0.0000000              0.0000000              0.0000000        
      6.0805600              0.02095415             1.0000000              0.0000000              0.0000000              0.0000000              0.0000000              0.0000000              0.0000000        
      2.4762200              0.05614039             0.0000000              1.0000000              0.0000000              0.0000000              0.0000000              0.0000000              0.0000000        
      1.0757100              0.13038113             0.0000000              0.0000000              1.0000000              0.0000000              0.0000000              0.0000000              0.0000000        
      0.4896820              0.25186989             0.0000000              0.0000000              0.0000000              1.0000000              0.0000000              0.0000000              0.0000000        
      0.2297860              0.35225121             0.0000000              0.0000000              0.0000000              0.0000000              1.0000000              0.0000000              0.0000000        
      0.1099655              0.26587036             0.0000000              0.0000000              0.0000000              0.0000000              0.0000000              1.0000000              0.0000000        
      0.0523230              0.05787678             0.0000000              0.0000000              0.0000000              0.0000000              0.0000000              0.0000000              1.0000000        
H    P
     17.3691000              1.0000000              0.0000000              0.0000000              0.0000000              0.0000000              0.0000000              0.0000000        
      7.9252700              0.0000000              1.0000000              0.0000000              0.0000000              0.0000000              0.0000000              0.0000000        
      3.6161900              0.0000000              0.0000000              1.0000000              0.0000000              0.0000000              0.0000000              0.0000000        
      1.6500200              0.0000000              0.0000000              0.0000000              1.0000000              0.0000000              0.0000000              0.0000000        
      0.7528800              0.0000000              0.0000000              0.0000000              0.0000000              1.0000000              0.0000000              0.0000000        
      0.3435300              0.0000000              0.0000000              0.0000000              0.0000000              0.0000000              1.0000000              0.0000000        
      0.1567500              0.0000000              0.0000000              0.0000000              0.0000000              0.0000000              0.0000000              1.0000000        
H    D
      8.7070200              1.0000000              0.0000000              0.0000000              0.0000000              0.0000000              0.0000000        
      4.4505600              0.0000000              1.0000000              0.0000000              0.0000000              0.0000000              0.0000000        
      2.2748800              0.0000000              0.0000000              1.0000000              0.0000000              0.0000000              0.0000000        
      1.1628000              0.0000000              0.0000000              0.0000000              1.0000000              0.0000000              0.0000000        
      0.5943600              0.0000000              0.0000000              0.0000000              0.0000000              1.0000000              0.0000000        
      0.3038000              0.0000000              0.0000000              0.0000000              0.0000000              0.0000000              1.0000000        
H    F
     10.6097000              1.0000000              0.0000000              0.0000000              0.0000000              0.0000000        
      5.2422900              0.0000000              1.0000000              0.0000000              0.0000000              0.0000000        
      2.5902400              0.0000000              0.0000000              1.0000000              0.0000000              0.0000000        
      1.2798500              0.0000000              0.0000000              0.0000000              1.0000000              0.0000000        
      0.6323800              0.0000000              0.0000000              0.0000000              0.0000000              1.0000000        
H    G
      5.8235900              1.0000000              0.0000000              0.0000000              0.0000000        
      3.0535100              0.0000000              1.0000000              0.0000000              0.0000000        
      1.6010500              0.0000000              0.0000000              1.0000000              0.0000000        
      0.8394900              0.0000000              0.0000000              0.0000000              1.0000000        
H    H
      5.9887600              1.0000000              0.0000000              0.0000000        
      2.9543500              0.0000000              1.0000000              0.0000000        
      1.4574300              0.0000000              0.0000000              1.0000000        
H    K
      4.1600000              1.0000000        
#BASIS SET: (20s,14p,7d,6f,5g,4h,3i,2k,1l) -> [9s,8p,7d,6f,5g,4h,3i,2k,1l]
Ne    S
 7741600.0000000             0.00000037            -0.00000009             0.0000000              0.0000000              0.0000000              0.0000000              0.0000000              0.0000000              0.0000000        
 1199700.0000000             0.00000275            -0.00000065             0.0000000              0.0000000              0.0000000              0.0000000              0.0000000              0.0000000              0.0000000        
 279049.0000000              0.00001409            -0.00000331             0.0000000              0.0000000              0.0000000              0.0000000              0.0000000              0.0000000              0.0000000        
  80647.0000000              0.00005802            -0.00001362             0.0000000              0.0000000              0.0000000              0.0000000              0.0000000              0.0000000              0.0000000        
  26764.9000000              0.00020791            -0.00004885             0.0000000              0.0000000              0.0000000              0.0000000              0.0000000              0.0000000              0.0000000        
   9774.0400000              0.00067380            -0.00015836             0.0000000              0.0000000              0.0000000              0.0000000              0.0000000              0.0000000              0.0000000        
   3844.0400000              0.00200469            -0.00047203             0.0000000              0.0000000              0.0000000              0.0000000              0.0000000              0.0000000              0.0000000        
   1606.5300000              0.00555536            -0.00131201             0.0000000              0.0000000              0.0000000              0.0000000              0.0000000              0.0000000              0.0000000        
    703.3980000              0.01455391            -0.00346487             0.0000000              0.0000000              0.0000000              0.0000000              0.0000000              0.0000000              0.0000000        
    318.6440000              0.03600119            -0.00870414             0.0000000              0.0000000              0.0000000              0.0000000              0.0000000              0.0000000              0.0000000        
    148.2690000              0.08216342            -0.02053558             0.0000000              0.0000000              0.0000000              0.0000000              0.0000000              0.0000000              0.0000000        
     70.6164000              0.16533764            -0.04403733             0.0000000              0.0000000              0.0000000              0.0000000              0.0000000              0.0000000              0.0000000        
     34.3637000              0.27216031            -0.08245730             0.0000000              0.0000000              0.0000000              0.0000000              0.0000000              0.0000000              0.0000000        
     17.0553000              0.31898287            -0.12474347             1.0000000              0.0000000              0.0000000              0.0000000              0.0000000              0.0000000              0.0000000        
      8.5559700              0.20602037            -0.11934839             0.0000000              1.0000000              0.0000000              0.0000000              0.0000000              0.0000000              0.0000000        
      4.2083200              0.04698434             0.02665646             0.0000000              0.0000000              1.0000000              0.0000000              0.0000000              0.0000000              0.0000000        
      2.0514000              0.00215565             0.28899046             0.0000000              0.0000000              0.0000000              1.0000000              0.0000000              0.0000000              0.0000000        
      0.9727960              0.00129875             0.44795215             0.0000000              0.0000000              0.0000000              0.0000000              1.0000000              0.0000000              0.0000000        
      0.4557530              0.00010780             0.32007201             0.0000000              0.0000000              0.0000000              0.0000000              0.0000000              1.0000000              0.0000000        
      0.2074050              0.00008303             0.06663428             0.0000000              0.0000000              0.0000000              0.0000000              0.0000000              0.0000000              1.0000000        
Ne    P
   5865.3500000              0.00000605             0.0000000              0.0000000              0.0000000              0.0000000              0.0000000              0.0000000              0.0000000        
   1338.2600000              0.00005711             0.0000000              0.0000000              0.0000000              0.0000000              0.0000000              0.0000000              0.0000000        
    429.4940000              0.00033617             0.0000000              0.0000000              0.0000000              0.0000000              0.0000000              0.0000000              0.0000000        
    164.3140000              0.00150898             0.0000000              0.0000000              0.0000000              0.0000000              0.0000000              0.0000000              0.0000000        
     70.0782000              0.00551808             0.0000000              0.0000000              0.0000000              0.0000000              0.0000000              0.0000000              0.0000000        
     32.0242000              0.01705910             0.0000000              0.0000000              0.0000000              0.0000000              0.0000000              0.0000000              0.0000000        
     15.2906000              0.04560384             0.0000000              0.0000000              0.0000000              0.0000000              0.0000000              0.0000000              0.0000000        
      7.5357100              0.10301383             1.0000000              0.0000000              0.0000000              0.0000000              0.0000000              0.0000000              0.0000000        
      3.7861900              0.18536807             0.0000000              1.0000000              0.0000000              0.0000000              0.0000000              0.0000000              0.0000000        
      1.9079700              0.25916104             0.0000000              0.0000000              1.0000000              0.0000000              0.0000000              0.0000000              0.0000000        
      0.9527700              0.28344532             0.0000000              0.0000000              0.0000000              1.0000000              0.0000000              0.0000000              0.0000000        
      0.4698040              0.23355206             0.0000000              0.0000000              0.0000000              0.0000000              1.0000000              0.0000000              0.0000000        
      0.2285450              0.11940731             0.0000000              0.0000000              0.0000000              0.0000000              0.0000000              1.0000000              0.0000000        
      0.1075330              0.02176175             0.0000000              0.0000000              0.0000000              0.0000000              0.0000000              0.0000000              1.0000000        
Ne    D
     24.0372000              1.0000000              0.0000000              0.0000000              0.0000000              0.0000000              0.0000000              0.0000000        
     12.1858000              0.0000000              1.0000000              0.0000000              0.0000000              0.0000000              0.0000000              0.0000000        
      6.1777000              0.0000000              0.0000000              1.0000000              0.0000000              0.0000000              0.0000000              0.0000000        
      3.1318000              0.0000000              0.0000000              0.0000000              1.0000000              0.0000000              0.0000000              0.0000000        
      1.5876800              0.0000000              0.0000000              0.0000000              0.0000000              1.0000000              0.0000000              0.0000000        
      0.8048800              0.0000000              0.0000000              0.0000000              0.0000000              0.0000000              1.0000000              0.0000000        
      0.4080400              0.0000000              0.0000000              0.0000000              0.0000000              0.0000000              0.0000000              1.0000000        
Ne    F
     14.9656000              1.0000000              0.0000000              0.0000000              0.0000000              0.0000000              0.0000000        
      7.9562600              0.0000000              1.0000000              0.0000000              0.0000000              0.0000000              0.0000000        
      4.2298500              0.0000000              0.0000000              1.0000000              0.0000000              0.0000000              0.0000000        
      2.2487500              0.0000000              0.0000000              0.0000000              1.0000000              0.0000000              0.0000000        
      1.1955200              0.0000000              0.0000000              0.0000000              0.0000000              1.0000000              0.0000000        
      0.6355900              0.0000000              0.0000000              0.0000000              0.0000000              0.0000000              1.0000000        
Ne    G
     16.8025000              1.0000000              0.0000000              0.0000000              0.0000000              0.0000000        
      8.4815000              0.0000000              1.0000000              0.0000000              0.0000000              0.0000000        
      4.2812500              0.0000000              0.0000000              1.0000000              0.0000000              0.0000000        
      2.1610600              0.0000000              0.0000000              0.0000000              1.0000000              0.0000000        
      1.0908500              0.0000000              0.0000000              0.0000000              0.0000000              1.0000000        
Ne    H
     10.8774000              1.0000000              0.0000000              0.0000000              0.0000000        
      5.5708900              0.0000000              1.0000000              0.0000000              0.0000000        
      2.8531500              0.0000000              0.0000000              1.0000000              0.0000000        
      1.4612500              0.0000000              0.0000000              0.0000000              1.0000000        
Ne    I
     11.1420000              1.0000000              0.0000000              0.0000000        
      5.1819900              0.0000000              1.0000000              0.0000000        
      2.4100700              0.0000000              0.0000000              1.0000000        
Ne    K
      9.2945400              1.0000000              0.0000000        
      3.9239400              0.0000000              1.0000000        
Ne    L
      5.7880000              1.0000000        
END

