#  cc-pV(Q+d)Z  EMSL  Basis Set Exchange Library  2/3/10 5:23 PM
# Elements                             References
# --------                             ----------
# Al - Ar: T.H. Dunning, Jr., K.A. Peterson and A.K. Wilson, J. Chem. Phys. 114, 
# 9244 (2001)
#   


basis "Al_cc-pV(Q+d)Z" SPHERICAL
Al    S
 419600.0000000              0.278219D-04          -0.723754D-05           0.167150D-05           0.0000000              0.0000000              0.0000000        
  62830.0000000              0.216330D-03          -0.561733D-04           0.129641D-04           0.0000000              0.0000000              0.0000000        
  14290.0000000              0.113754D-02          -0.296528D-03           0.685101D-04           0.0000000              0.0000000              0.0000000        
   4038.0000000              0.479635D-02          -0.124913D-02           0.288274D-03           0.0000000              0.0000000              0.0000000        
   1312.0000000              0.172389D-01          -0.455101D-02           0.105276D-02           0.0000000              0.0000000              0.0000000        
    470.5000000              0.538066D-01          -0.144393D-01           0.333878D-02           0.0000000              0.0000000              0.0000000        
    181.8000000              0.141326D+00          -0.403464D-01           0.939217D-02           0.0000000              0.0000000              0.0000000        
     74.4600000              0.289268D+00          -0.922618D-01           0.216047D-01           0.0000000              0.0000000              0.0000000        
     31.9000000              0.384825D+00          -0.164510D+00           0.395873D-01           0.0000000              0.0000000              0.0000000        
     13.9600000              0.232852D+00          -0.141296D+00           0.349180D-01           0.0000000              0.0000000              0.0000000        
      5.1800000              0.293330D-01           0.195365D+00          -0.528415D-01           0.0000000              0.0000000              0.0000000        
      2.2650000             -0.300574D-02           0.572475D+00          -0.191878D+00           0.0000000              0.0000000              0.0000000        
      0.9664000              0.166673D-02           0.374041D+00          -0.254115D+00           0.0000000              0.0000000              0.0000000        
      0.2447000             -0.606017D-03           0.234119D-01           0.275070D+00           1.0000000              0.0000000              0.0000000        
      0.1184000              0.431355D-03          -0.905197D-02           0.604743D+00           0.0000000              1.0000000              0.0000000        
      0.0502100             -0.122919D-03           0.211174D-02           0.287629D+00           0.0000000              0.0000000              1.0000000        
Al    P
    891.3000000              0.491755D-03          -0.888695D-04           0.0000000              0.0000000              0.0000000        
    211.3000000              0.415843D-02          -0.745823D-03           0.0000000              0.0000000              0.0000000        
     68.2800000              0.212538D-01          -0.387025D-02           0.0000000              0.0000000              0.0000000        
     25.7000000              0.764058D-01          -0.139350D-01           0.0000000              0.0000000              0.0000000        
     10.6300000              0.194277D+00          -0.366860D-01           0.0000000              0.0000000              0.0000000        
      4.6020000              0.334428D+00          -0.627797D-01           0.0000000              0.0000000              0.0000000        
      2.0150000              0.375026D+00          -0.789602D-01           0.0000000              0.0000000              0.0000000        
      0.8706000              0.204041D+00          -0.288589D-01           0.0000000              0.0000000              0.0000000        
      0.2972000              0.213738D-01           0.238256D+00           1.0000000              0.0000000              0.0000000        
      0.1100000             -0.202144D-02           0.551363D+00           0.0000000              1.0000000              0.0000000        
      0.0398900              0.817251D-03           0.354385D+00           0.0000000              0.0000000              1.0000000        
Al    D
      1.9700000              1.0000000              0.0000000              0.0000000              0.0000000        
      0.4370000              0.0000000              1.0000000              0.0000000              0.0000000        
      0.1950000              0.0000000              0.0000000              1.0000000              0.0000000        
      0.0800000              0.0000000              0.0000000              0.0000000              1.0000000        
Al    F
      0.1540000              1.0000000              0.0000000        
      0.4010000              0.0000000              1.0000000        
Al    G
      0.3570000              1.0000000        
end
basis "Si_cc-pV(Q+d)Z" SPHERICAL
Si    S
 513000.0000000              0.260920D-04          -0.694880D-05           0.178068D-05           0.0000000              0.0000000              0.0000000        
  76820.0000000              0.202905D-03          -0.539641D-04           0.138148D-04           0.0000000              0.0000000              0.0000000        
  17470.0000000              0.106715D-02          -0.284716D-03           0.730005D-04           0.0000000              0.0000000              0.0000000        
   4935.0000000              0.450597D-02          -0.120203D-02           0.307666D-03           0.0000000              0.0000000              0.0000000        
   1602.0000000              0.162359D-01          -0.438397D-02           0.112563D-02           0.0000000              0.0000000              0.0000000        
    574.1000000              0.508913D-01          -0.139776D-01           0.358435D-02           0.0000000              0.0000000              0.0000000        
    221.5000000              0.135155D+00          -0.393516D-01           0.101728D-01           0.0000000              0.0000000              0.0000000        
     90.5400000              0.281292D+00          -0.914283D-01           0.237520D-01           0.0000000              0.0000000              0.0000000        
     38.7400000              0.385336D+00          -0.165609D+00           0.443483D-01           0.0000000              0.0000000              0.0000000        
     16.9500000              0.245651D+00          -0.152505D+00           0.419041D-01           0.0000000              0.0000000              0.0000000        
      6.4520000              0.343145D-01           0.168524D+00          -0.502504D-01           0.0000000              0.0000000              0.0000000        
      2.8740000             -0.334884D-02           0.569284D+00          -0.216578D+00           0.0000000              0.0000000              0.0000000        
      1.2500000              0.187625D-02           0.398056D+00          -0.286448D+00           0.0000000              0.0000000              0.0000000        
      0.3599000             -0.693327D-03           0.291509D-01           0.263256D+00           1.0000000              0.0000000              0.0000000        
      0.1699000              0.438308D-03          -0.848976D-02           0.634900D+00           0.0000000              1.0000000              0.0000000        
      0.0706600             -0.122616D-03           0.199603D-02           0.290832D+00           0.0000000              0.0000000              1.0000000        
Si    P
   1122.0000000              0.448143D-03          -0.964883D-04           0.0000000              0.0000000              0.0000000        
    266.0000000              0.381639D-02          -0.811971D-03           0.0000000              0.0000000              0.0000000        
     85.9200000              0.198105D-01          -0.430087D-02           0.0000000              0.0000000              0.0000000        
     32.3300000              0.727017D-01          -0.157502D-01           0.0000000              0.0000000              0.0000000        
     13.3700000              0.189839D+00          -0.429541D-01           0.0000000              0.0000000              0.0000000        
      5.8000000              0.335672D+00          -0.752574D-01           0.0000000              0.0000000              0.0000000        
      2.5590000              0.379365D+00          -0.971446D-01           0.0000000              0.0000000              0.0000000        
      1.1240000              0.201193D+00          -0.227507D-01           0.0000000              0.0000000              0.0000000        
      0.3988000              0.208515D-01           0.291988D+00           1.0000000              0.0000000              0.0000000        
      0.1533000             -0.170258D-02           0.550670D+00           0.0000000              1.0000000              0.0000000        
      0.0572800              0.750048D-03           0.297618D+00           0.0000000              0.0000000              1.0000000        
Si    D
      2.6450000              1.0000000              0.0000000              0.0000000              0.0000000        
      0.6080000              0.0000000              1.0000000              0.0000000              0.0000000        
      0.2720000              0.0000000              0.0000000              1.0000000              0.0000000        
      0.1130000              0.0000000              0.0000000              0.0000000              1.0000000        
Si    F
      0.2120000              1.0000000              0.0000000        
      0.5410000              0.0000000              1.0000000        
Si    G
      0.4610000              1.0000000        
end
basis "P_cc-pV(Q+d)Z" SPHERICAL
P    S
 615200.0000000              0.247450D-04          -0.672205D-05           0.184740D-05           0.0000000              0.0000000              0.0000000        
  92120.0000000              0.192465D-03          -0.522311D-04           0.143380D-04           0.0000000              0.0000000              0.0000000        
  20950.0000000              0.101202D-02          -0.275361D-03           0.757228D-04           0.0000000              0.0000000              0.0000000        
   5920.0000000              0.427261D-02          -0.116307D-02           0.319205D-03           0.0000000              0.0000000              0.0000000        
   1922.0000000              0.154161D-01          -0.424281D-02           0.116851D-02           0.0000000              0.0000000              0.0000000        
    688.0000000              0.485976D-01          -0.136114D-01           0.374267D-02           0.0000000              0.0000000              0.0000000        
    265.0000000              0.130060D+00          -0.385114D-01           0.106817D-01           0.0000000              0.0000000              0.0000000        
    108.2000000              0.274514D+00          -0.906643D-01           0.252657D-01           0.0000000              0.0000000              0.0000000        
     46.2200000              0.385402D+00          -0.166584D+00           0.479283D-01           0.0000000              0.0000000              0.0000000        
     20.2300000              0.255934D+00          -0.161447D+00           0.477096D-01           0.0000000              0.0000000              0.0000000        
      7.8590000              0.391237D-01           0.146781D+00          -0.466525D-01           0.0000000              0.0000000              0.0000000        
      3.5470000             -0.368010D-02           0.566682D+00          -0.234968D+00           0.0000000              0.0000000              0.0000000        
      1.5640000              0.208211D-02           0.416433D+00          -0.311337D+00           0.0000000              0.0000000              0.0000000        
      0.4888000             -0.788479D-03           0.343844D-01           0.257109D+00           1.0000000              0.0000000              0.0000000        
      0.2266000              0.454054D-03          -0.780638D-02           0.653655D+00           0.0000000              1.0000000              0.0000000        
      0.0933100             -0.126640D-03           0.192259D-02           0.294212D+00           0.0000000              0.0000000              1.0000000        
P    P
   1367.0000000              0.421015D-03          -0.100827D-03           0.0000000              0.0000000              0.0000000        
    324.0000000              0.360985D-02          -0.854499D-03           0.0000000              0.0000000              0.0000000        
    104.6000000              0.189217D-01          -0.457116D-02           0.0000000              0.0000000              0.0000000        
     39.3700000              0.705560D-01          -0.170327D-01           0.0000000              0.0000000              0.0000000        
     16.2600000              0.188157D+00          -0.475204D-01           0.0000000              0.0000000              0.0000000        
      7.0560000              0.338709D+00          -0.852786D-01           0.0000000              0.0000000              0.0000000        
      3.1300000              0.381943D+00          -0.109676D+00           0.0000000              0.0000000              0.0000000        
      1.3940000              0.195261D+00          -0.161181D-01           0.0000000              0.0000000              0.0000000        
      0.5179000              0.199416D-01           0.322893D+00           1.0000000              0.0000000              0.0000000        
      0.2032000             -0.135121D-02           0.545738D+00           0.0000000              1.0000000              0.0000000        
      0.0769800              0.517144D-03           0.268538D+00           0.0000000              0.0000000              1.0000000        
P    D
      3.3430000              1.0000000              0.0000000              0.0000000              0.0000000        
      0.8070000              0.0000000              1.0000000              0.0000000              0.0000000        
      0.3650000              0.0000000              0.0000000              1.0000000              0.0000000        
      0.1540000              0.0000000              0.0000000              0.0000000              1.0000000        
P    F
      0.2800000              1.0000000              0.0000000        
      0.7030000              0.0000000              1.0000000        
P    G
      0.5970000              1.0000000        
end
basis "S_cc-pV(Q+d)Z" SPHERICAL
S    S
 727800.0000000              0.236025D-04          -0.652179D-05           0.189406D-05           0.0000000              0.0000000              0.0000000        
 109000.0000000              0.183482D-03          -0.506631D-04           0.146948D-04           0.0000000              0.0000000              0.0000000        
  24800.0000000              0.964278D-03          -0.266833D-03           0.775460D-04           0.0000000              0.0000000              0.0000000        
   7014.0000000              0.406537D-02          -0.112601D-02           0.326509D-03           0.0000000              0.0000000              0.0000000        
   2278.0000000              0.146973D-01          -0.411186D-02           0.119686D-02           0.0000000              0.0000000              0.0000000        
    814.7000000              0.465081D-01          -0.132454D-01           0.384799D-02           0.0000000              0.0000000              0.0000000        
    313.4000000              0.125508D+00          -0.377004D-01           0.110539D-01           0.0000000              0.0000000              0.0000000        
    127.7000000              0.268433D+00          -0.898554D-01           0.264645D-01           0.0000000              0.0000000              0.0000000        
     54.4800000              0.384809D+00          -0.167098D+00           0.508771D-01           0.0000000              0.0000000              0.0000000        
     23.8500000              0.265372D+00          -0.169354D+00           0.530030D-01           0.0000000              0.0000000              0.0000000        
      9.4280000              0.437326D-01           0.127824D+00          -0.425518D-01           0.0000000              0.0000000              0.0000000        
      4.2900000             -0.378807D-02           0.564862D+00          -0.250853D+00           0.0000000              0.0000000              0.0000000        
      1.9090000              0.218083D-02           0.431767D+00          -0.333152D+00           0.0000000              0.0000000              0.0000000        
      0.6270000             -0.836944D-03           0.389398D-01           0.263796D+00           1.0000000              0.0000000              0.0000000        
      0.2873000              0.448088D-03          -0.730260D-02           0.666849D+00           0.0000000              1.0000000              0.0000000        
      0.1172000             -0.125293D-03           0.192327D-02           0.288451D+00           0.0000000              0.0000000              1.0000000        
S    P
   1546.0000000              0.441183D-03          -0.113110D-03           0.0000000              0.0000000              0.0000000        
    366.4000000              0.377571D-02          -0.958581D-03           0.0000000              0.0000000              0.0000000        
    118.4000000              0.198360D-01          -0.513471D-02           0.0000000              0.0000000              0.0000000        
     44.5300000              0.742063D-01          -0.192641D-01           0.0000000              0.0000000              0.0000000        
     18.3800000              0.197327D+00          -0.535980D-01           0.0000000              0.0000000              0.0000000        
      7.9650000              0.351851D+00          -0.960333D-01           0.0000000              0.0000000              0.0000000        
      3.5410000              0.378687D+00          -0.118183D+00           0.0000000              0.0000000              0.0000000        
      1.5910000              0.170931D+00           0.923194D-02           0.0000000              0.0000000              0.0000000        
      0.6205000              0.151587D-01           0.358841D+00           1.0000000              0.0000000              0.0000000        
      0.2420000              0.671981D-04           0.525818D+00           0.0000000              1.0000000              0.0000000        
      0.0901400              0.405491D-03           0.248872D+00           0.0000000              0.0000000              1.0000000        
S    D
      4.1590000              1.0000000              0.0000000              0.0000000              0.0000000        
      1.0190000              0.0000000              1.0000000              0.0000000              0.0000000        
      0.4640000              0.0000000              0.0000000              1.0000000              0.0000000        
      0.1940000              0.0000000              0.0000000              0.0000000              1.0000000        
S    F
      0.3350000              1.0000000              0.0000000        
      0.8690000              0.0000000              1.0000000        
S    G
      0.6830000              1.0000000        
end
basis "Cl_cc-pV(Q+d)Z" SPHERICAL
Cl    S
 834900.0000000              0.231688D-04          -0.649649D-05           0.196645D-05           0.0000000              0.0000000              0.0000000        
 125000.0000000              0.180154D-03          -0.504895D-04           0.152620D-04           0.0000000              0.0000000              0.0000000        
  28430.0000000              0.947782D-03          -0.266113D-03           0.806086D-04           0.0000000              0.0000000              0.0000000        
   8033.0000000              0.400139D-02          -0.112499D-02           0.339960D-03           0.0000000              0.0000000              0.0000000        
   2608.0000000              0.144629D-01          -0.410497D-02           0.124551D-02           0.0000000              0.0000000              0.0000000        
    933.9000000              0.456586D-01          -0.131987D-01           0.399612D-02           0.0000000              0.0000000              0.0000000        
    360.0000000              0.123248D+00          -0.375342D-01           0.114751D-01           0.0000000              0.0000000              0.0000000        
    147.0000000              0.264369D+00          -0.897233D-01           0.275504D-01           0.0000000              0.0000000              0.0000000        
     62.8800000              0.382989D+00          -0.167671D+00           0.532917D-01           0.0000000              0.0000000              0.0000000        
     27.6000000              0.270934D+00          -0.174763D+00           0.571246D-01           0.0000000              0.0000000              0.0000000        
     11.0800000              0.471404D-01           0.114909D+00          -0.395201D-01           0.0000000              0.0000000              0.0000000        
      5.0750000             -0.371766D-02           0.563618D+00          -0.264343D+00           0.0000000              0.0000000              0.0000000        
      2.2780000              0.219158D-02           0.441606D+00          -0.349291D+00           0.0000000              0.0000000              0.0000000        
      0.7775000             -0.849850D-03           0.426697D-01           0.269671D+00           1.0000000              0.0000000              0.0000000        
      0.3527000              0.424664D-03          -0.667229D-02           0.676073D+00           0.0000000              1.0000000              0.0000000        
      0.1431000             -0.120018D-03           0.190729D-02           0.284679D+00           0.0000000              0.0000000              1.0000000        
Cl    P
   1703.0000000              0.474039D-03          -0.128266D-03           0.0000000              0.0000000              0.0000000        
    403.6000000              0.406412D-02          -0.109356D-02           0.0000000              0.0000000              0.0000000        
    130.3000000              0.213355D-01          -0.583429D-02           0.0000000              0.0000000              0.0000000        
     49.0500000              0.794611D-01          -0.219258D-01           0.0000000              0.0000000              0.0000000        
     20.2600000              0.208927D+00          -0.601385D-01           0.0000000              0.0000000              0.0000000        
      8.7870000              0.364945D+00          -0.106929D+00           0.0000000              0.0000000              0.0000000        
      3.9190000              0.371725D+00          -0.122454D+00           0.0000000              0.0000000              0.0000000        
      1.7650000              0.146292D+00           0.383619D-01           0.0000000              0.0000000              0.0000000        
      0.7207000              0.107906D-01           0.385256D+00           1.0000000              0.0000000              0.0000000        
      0.2839000              0.117004D-02           0.507265D+00           0.0000000              1.0000000              0.0000000        
      0.1060000              0.339408D-03           0.227218D+00           0.0000000              0.0000000              1.0000000        
Cl    D
      5.1910000              1.0000000              0.0000000              0.0000000              0.0000000        
      1.2760000              0.0000000              1.0000000              0.0000000              0.0000000        
      0.5830000              0.0000000              0.0000000              1.0000000              0.0000000        
      0.2430000              0.0000000              0.0000000              0.0000000              1.0000000        
Cl    F
      0.4230000              1.0000000              0.0000000        
      1.0890000              0.0000000              1.0000000        
Cl    G
      0.8270000              1.0000000        
end
basis "Ar_cc-pV(Q+d)Z" SPHERICAL
Ar    S
 950600.0000000              0.227545D-04          -0.646201D-05           0.202056D-05           0.0000000              0.0000000              0.0000000        
 142300.0000000              0.176945D-03          -0.502346D-04           0.156851D-04           0.0000000              0.0000000              0.0000000        
  32360.0000000              0.931282D-03          -0.264804D-03           0.828617D-04           0.0000000              0.0000000              0.0000000        
   9145.0000000              0.392860D-02          -0.111895D-02           0.349264D-03           0.0000000              0.0000000              0.0000000        
   2970.0000000              0.142064D-01          -0.408276D-02           0.127976D-02           0.0000000              0.0000000              0.0000000        
   1064.0000000              0.448114D-01          -0.131216D-01           0.410365D-02           0.0000000              0.0000000              0.0000000        
    410.8000000              0.121001D+00          -0.372855D-01           0.117789D-01           0.0000000              0.0000000              0.0000000        
    168.0000000              0.260579D+00          -0.894709D-01           0.283868D-01           0.0000000              0.0000000              0.0000000        
     71.9900000              0.381364D+00          -0.168054D+00           0.552406D-01           0.0000000              0.0000000              0.0000000        
     31.6700000              0.276058D+00          -0.179594D+00           0.607492D-01           0.0000000              0.0000000              0.0000000        
     12.8900000              0.505179D-01           0.102953D+00          -0.362012D-01           0.0000000              0.0000000              0.0000000        
      5.9290000             -0.359866D-02           0.562630D+00          -0.275398D+00           0.0000000              0.0000000              0.0000000        
      2.6780000              0.218798D-02           0.450355D+00          -0.362845D+00           0.0000000              0.0000000              0.0000000        
      0.9416000             -0.862359D-03           0.460607D-01           0.273118D+00           1.0000000              0.0000000              0.0000000        
      0.4239000              0.405226D-03          -0.603691D-02           0.682899D+00           0.0000000              1.0000000              0.0000000        
      0.1714000             -0.116163D-03           0.188744D-02           0.283417D+00           0.0000000              0.0000000              1.0000000        
Ar    P
   1890.0000000              0.495752D-03          -0.138863D-03           0.0000000              0.0000000              0.0000000        
    447.8000000              0.425172D-02          -0.118870D-02           0.0000000              0.0000000              0.0000000        
    144.6000000              0.223277D-01          -0.632553D-02           0.0000000              0.0000000              0.0000000        
     54.4600000              0.830878D-01          -0.238813D-01           0.0000000              0.0000000              0.0000000        
     22.5100000              0.217110D+00          -0.649238D-01           0.0000000              0.0000000              0.0000000        
      9.7740000              0.374507D+00          -0.115444D+00           0.0000000              0.0000000              0.0000000        
      4.3680000              0.366445D+00          -0.123651D+00           0.0000000              0.0000000              0.0000000        
      1.9590000              0.129245D+00           0.649055D-01           0.0000000              0.0000000              0.0000000        
      0.8260000              0.692249D-02           0.403633D+00           1.0000000              0.0000000              0.0000000        
      0.3297000              0.836149D-03           0.490592D+00           0.0000000              1.0000000              0.0000000        
      0.1242000             -0.152666D-03           0.208528D+00           0.0000000              0.0000000              1.0000000        
Ar    D
      6.3150000              1.0000000              0.0000000              0.0000000              0.0000000        
      1.5620000              0.0000000              1.0000000              0.0000000              0.0000000        
      0.7150000              0.0000000              0.0000000              1.0000000              0.0000000        
      0.2970000              0.0000000              0.0000000              0.0000000              1.0000000        
Ar    F
      0.5430000              1.0000000              0.0000000        
      1.3250000              0.0000000              1.0000000        
Ar    G
      1.0070000              1.0000000        
end
