#  cc-pV(6+d)Z  EMSL  Basis Set Exchange Library  1/20/10 3:31 PM
# Elements                             References
# --------                             ----------
# Al - Ar:   T. H. Dunning, Jr., K.A. Peterson and A.K. Wilson, J. Chem. Phys.
# 114, 9244 (2001).
# 



BASIS "ao basis" PRINT
#BASIS SET: (21s,14p,6d,4f,3g,2h,1i) -> [8s,7p,6d,4f,3g,2h,1i]
Al    S
 3652000.0000000             0.0000019             -0.0000005              0.0000001              0.0000000              0.0000000              0.0000000              0.0000000              0.0000000        
 546800.0000000              0.0000145             -0.0000038              0.0000009              0.0000000              0.0000000              0.0000000              0.0000000              0.0000000        
 124500.0000000              0.0000762             -0.0000198              0.0000046              0.0000000              0.0000000              0.0000000              0.0000000              0.0000000        
  35440.0000000              0.0003158             -0.0000821              0.0000190              0.0000000              0.0000000              0.0000000              0.0000000              0.0000000        
  11840.0000000              0.0010974             -0.0002858              0.0000659              0.0000000              0.0000000              0.0000000              0.0000000              0.0000000        
   4434.0000000              0.0033697             -0.0008785              0.0002031              0.0000000              0.0000000              0.0000000              0.0000000              0.0000000        
   1812.0000000              0.0093222             -0.0024482              0.0005647              0.0000000              0.0000000              0.0000000              0.0000000              0.0000000        
    791.5000000              0.0237992             -0.0063100              0.0014620              0.0000000              0.0000000              0.0000000              0.0000000              0.0000000        
    361.0000000              0.0568191             -0.0154854              0.0035794              0.0000000              0.0000000              0.0000000              0.0000000              0.0000000        
    169.5000000              0.1224680             -0.0349589              0.0081516              0.0000000              0.0000000              0.0000000              0.0000000              0.0000000        
     81.6800000              0.2238970             -0.0707729              0.0165276              0.0000000              0.0000000              0.0000000              0.0000000              0.0000000        
     40.2800000              0.3134460             -0.1194230              0.0285467              0.0000000              0.0000000              0.0000000              0.0000000              0.0000000        
     20.2500000              0.2749750             -0.1488420              0.0361484              0.0000000              0.0000000              0.0000000              0.0000000              0.0000000        
     10.2300000              0.1105640             -0.0590465              0.0153804              0.0000000              0.0000000              0.0000000              0.0000000              0.0000000        
      4.8020000              0.0119215              0.2166930             -0.0612141              0.0000000              0.0000000              0.0000000              0.0000000              0.0000000        
      2.3390000              0.0006528              0.4765570             -0.1512630              0.0000000              0.0000000              0.0000000              0.0000000              0.0000000        
      1.1630000              0.0004735              0.3755900             -0.2230120              1.0000000              0.0000000              0.0000000              0.0000000              0.0000000        
      0.5882000             -0.0000270              0.0866581             -0.0832864              0.0000000              1.0000000              0.0000000              0.0000000              0.0000000        
      0.2311000              0.0000176              0.0024337              0.3868300              0.0000000              0.0000000              1.0000000              0.0000000              0.0000000        
      0.1027000             -0.0000103             -0.0002391              0.5904320              0.0000000              0.0000000              0.0000000              1.0000000              0.0000000        
      0.0452100              0.0000019              0.0001198              0.2100750              0.0000000              0.0000000              0.0000000              0.0000000              1.0000000        
Al    P
   2884.0000000              0.0000638             -0.0000080              0.0000000              0.0000000              0.0000000              0.0000000              0.0000000        
    683.2000000              0.0005631             -0.0000651              0.0000000              0.0000000              0.0000000              0.0000000              0.0000000        
    222.0000000              0.0031691             -0.0003999              0.0000000              0.0000000              0.0000000              0.0000000              0.0000000        
     84.8200000              0.0132401             -0.0015369              0.0000000              0.0000000              0.0000000              0.0000000              0.0000000        
     35.8100000              0.0433403             -0.0055644              0.0000000              0.0000000              0.0000000              0.0000000              0.0000000        
     16.2200000              0.1119500             -0.0131106              0.0000000              0.0000000              0.0000000              0.0000000              0.0000000        
      7.7020000              0.2177960             -0.0297200              0.0000000              0.0000000              0.0000000              0.0000000              0.0000000        
      3.7410000              0.3116750             -0.0347195              0.0000000              0.0000000              0.0000000              0.0000000              0.0000000        
      1.8310000              0.3167220             -0.0551621              0.0000000              0.0000000              0.0000000              0.0000000              0.0000000        
      0.8878000              0.1796130             -0.0021699              1.0000000              0.0000000              0.0000000              0.0000000              0.0000000        
      0.3989000              0.0315109              0.0251562              0.0000000              1.0000000              0.0000000              0.0000000              0.0000000        
      0.1718000              0.0000728              0.3172270              0.0000000              0.0000000              1.0000000              0.0000000              0.0000000        
      0.0729800              0.0006593              0.0977803              0.0000000              0.0000000              0.0000000              1.0000000              0.0000000        
      0.0306900             -0.0001414              0.7163440              0.0000000              0.0000000              0.0000000              0.0000000              1.0000000        
Al    D
      4.2400000              1.0000000              0.0000000              0.0000000              0.0000000              0.0000000              0.0000000        
      0.8500000              0.0000000              1.0000000              0.0000000              0.0000000              0.0000000              0.0000000        
      0.7490000              0.0000000              0.0000000              1.0000000              0.0000000              0.0000000              0.0000000        
      0.3500000              0.0000000              0.0000000              0.0000000              1.0000000              0.0000000              0.0000000        
      0.1560000              0.0000000              0.0000000              0.0000000              0.0000000              1.0000000              0.0000000        
      0.0661000              0.0000000              0.0000000              0.0000000              0.0000000              0.0000000              1.0000000        
Al    F
      0.8756000              1.0000000              0.0000000              0.0000000              0.0000000        
      0.4472000              0.0000000              1.0000000              0.0000000              0.0000000        
      0.2284000              0.0000000              0.0000000              1.0000000              0.0000000        
      0.1167000              0.0000000              0.0000000              0.0000000              1.0000000        
Al    G
      0.6952000              1.0000000              0.0000000              0.0000000        
      0.3771000              0.0000000              1.0000000              0.0000000        
      0.2046000              0.0000000              0.0000000              1.0000000        
Al    H
      0.6560000              1.0000000              0.0000000        
      0.3300000              0.0000000              1.0000000        
Al    I
      0.5302000              1.0000000        
#BASIS SET: (21s,14p,6d,4f,3g,2h,1i) -> [8s,7p,6d,4f,3g,2h,1i]
Si    S
 4465000.0000000             0.0000017             -0.0000005              0.0000001              0.0000000              0.0000000              0.0000000              0.0000000              0.0000000        
 668500.0000000              0.0000136             -0.0000036              0.0000009              0.0000000              0.0000000              0.0000000              0.0000000              0.0000000        
 152200.0000000              0.0000714             -0.0000190              0.0000049              0.0000000              0.0000000              0.0000000              0.0000000              0.0000000        
  43300.0000000              0.0002973             -0.0000791              0.0000203              0.0000000              0.0000000              0.0000000              0.0000000              0.0000000        
  14410.0000000              0.0010383             -0.0002769              0.0000709              0.0000000              0.0000000              0.0000000              0.0000000              0.0000000        
   5394.0000000              0.0031747             -0.0008472              0.0002172              0.0000000              0.0000000              0.0000000              0.0000000              0.0000000        
   2212.0000000              0.0087324             -0.0023478              0.0006013              0.0000000              0.0000000              0.0000000              0.0000000              0.0000000        
    968.1000000              0.0223830             -0.0060705              0.0015591              0.0000000              0.0000000              0.0000000              0.0000000              0.0000000        
    441.2000000              0.0537273             -0.0149711              0.0038443              0.0000000              0.0000000              0.0000000              0.0000000              0.0000000        
    207.1000000              0.1166490             -0.0339729              0.0087797              0.0000000              0.0000000              0.0000000              0.0000000              0.0000000        
     99.8000000              0.2159780             -0.0694584              0.0180388              0.0000000              0.0000000              0.0000000              0.0000000              0.0000000        
     49.2400000              0.3095660             -0.1190010              0.0315224              0.0000000              0.0000000              0.0000000              0.0000000              0.0000000        
     24.7400000              0.2839450             -0.1536450              0.0416905              0.0000000              0.0000000              0.0000000              0.0000000              0.0000000        
     12.4700000              0.1222320             -0.0704684              0.0200973              0.0000000              0.0000000              0.0000000              0.0000000              0.0000000        
      5.7950000              0.0141952              0.2131490             -0.0667484              0.0000000              0.0000000              0.0000000              0.0000000              0.0000000        
      2.8300000              0.0003121              0.4915960             -0.1819060              0.0000000              0.0000000              0.0000000              0.0000000              0.0000000        
      1.4070000              0.0006190              0.3783100             -0.2602950              1.0000000              0.0000000              0.0000000              0.0000000              0.0000000        
      0.6995000             -0.0001275              0.0757524             -0.0544200              0.0000000              1.0000000              0.0000000              0.0000000              0.0000000        
      0.3083000              0.0000506              0.0015840              0.4298450              0.0000000              0.0000000              1.0000000              0.0000000              0.0000000        
      0.1385000             -0.0000279              0.0003435              0.5787630              0.0000000              0.0000000              0.0000000              1.0000000              0.0000000        
      0.0614500              0.0000054              0.0000593              0.1897350              0.0000000              0.0000000              0.0000000              0.0000000              1.0000000        
Si    P
   3572.0000000              0.0000599             -0.0000128              0.0000000              0.0000000              0.0000000              0.0000000              0.0000000        
    846.0000000              0.0005296             -0.0001126              0.0000000              0.0000000              0.0000000              0.0000000              0.0000000        
    274.8000000              0.0029958             -0.0006402              0.0000000              0.0000000              0.0000000              0.0000000              0.0000000        
    105.0000000              0.0126335             -0.0027029              0.0000000              0.0000000              0.0000000              0.0000000              0.0000000        
     44.3500000              0.0419044             -0.0090789              0.0000000              0.0000000              0.0000000              0.0000000              0.0000000        
     20.0800000              0.1102590             -0.0242348              0.0000000              0.0000000              0.0000000              0.0000000              0.0000000        
      9.5300000              0.2188310             -0.0493460              0.0000000              0.0000000              0.0000000              0.0000000              0.0000000        
      4.6340000              0.3178280             -0.0725859              0.0000000              0.0000000              0.0000000              0.0000000              0.0000000        
      2.2800000              0.3194250             -0.0804258              0.0000000              0.0000000              0.0000000              0.0000000              0.0000000        
      1.1160000              0.1706340             -0.0276076              1.0000000              0.0000000              0.0000000              0.0000000              0.0000000        
      0.4991000              0.0268342              0.1701480              0.0000000              1.0000000              0.0000000              0.0000000              0.0000000        
      0.2254000             -0.0003020              0.4111580              0.0000000              0.0000000              1.0000000              0.0000000              0.0000000        
      0.1001000              0.0007932              0.4250700              0.0000000              0.0000000              0.0000000              1.0000000              0.0000000        
      0.0433200             -0.0001187              0.1447890              0.0000000              0.0000000              0.0000000              0.0000000              1.0000000        
Si    D
      6.8250000              1.0000000              0.0000000              0.0000000              0.0000000              0.0000000              0.0000000        
      1.7630000              0.0000000              1.0000000              0.0000000              0.0000000              0.0000000              0.0000000        
      0.8350000              0.0000000              0.0000000              1.0000000              0.0000000              0.0000000              0.0000000        
      0.5070000              0.0000000              0.0000000              0.0000000              1.0000000              0.0000000              0.0000000        
      0.2320000              0.0000000              0.0000000              0.0000000              0.0000000              1.0000000              0.0000000        
      0.0977000              0.0000000              0.0000000              0.0000000              0.0000000              0.0000000              1.0000000        
Si    F
      1.3510000              1.0000000              0.0000000              0.0000000              0.0000000        
      0.6600000              0.0000000              1.0000000              0.0000000              0.0000000        
      0.3225000              0.0000000              0.0000000              1.0000000              0.0000000        
      0.1575000              0.0000000              0.0000000              0.0000000              1.0000000        
Si    G
      0.8528000              1.0000000              0.0000000              0.0000000        
      0.4631000              0.0000000              1.0000000              0.0000000        
      0.2515000              0.0000000              0.0000000              1.0000000        
Si    H
      0.8557000              1.0000000              0.0000000        
      0.4231000              0.0000000              1.0000000        
Si    I
      0.6946000              1.0000000        
#BASIS SET: (21s,14p,6d,4f,3g,2h,1i) -> [8s,7p,6d,4f,3g,2h,1i]
P    S
 5384000.0000000             0.0000016             -0.0000004              0.0000001              0.0000000              0.0000000              0.0000000              0.0000000              0.0000000        
 806200.0000000              0.0000128             -0.0000035              0.0000010              0.0000000              0.0000000              0.0000000              0.0000000              0.0000000        
 183600.0000000              0.0000672             -0.0000183              0.0000050              0.0000000              0.0000000              0.0000000              0.0000000              0.0000000        
  52250.0000000              0.0002797             -0.0000759              0.0000209              0.0000000              0.0000000              0.0000000              0.0000000              0.0000000        
  17390.0000000              0.0009767             -0.0002657              0.0000730              0.0000000              0.0000000              0.0000000              0.0000000              0.0000000        
   6523.0000000              0.0029684             -0.0008080              0.0002221              0.0000000              0.0000000              0.0000000              0.0000000              0.0000000        
   2687.0000000              0.0081240             -0.0022273              0.0006122              0.0000000              0.0000000              0.0000000              0.0000000              0.0000000        
   1178.0000000              0.0209200             -0.0057833              0.0015918              0.0000000              0.0000000              0.0000000              0.0000000              0.0000000        
    536.2000000              0.0505590             -0.0143438              0.0039534              0.0000000              0.0000000              0.0000000              0.0000000              0.0000000        
    251.5000000              0.1104790             -0.0327061              0.0090572              0.0000000              0.0000000              0.0000000              0.0000000              0.0000000        
    121.3000000              0.2069570             -0.0673716              0.0187909              0.0000000              0.0000000              0.0000000              0.0000000              0.0000000        
     59.8800000              0.3047370             -0.1176470              0.0333831              0.0000000              0.0000000              0.0000000              0.0000000              0.0000000        
     30.0500000              0.2929520             -0.1572800              0.0459484              0.0000000              0.0000000              0.0000000              0.0000000              0.0000000        
     15.1200000              0.1355610             -0.0838544              0.0255240              0.0000000              0.0000000              0.0000000              0.0000000              0.0000000        
      7.0100000              0.0173208              0.1997180             -0.0669496              0.0000000              0.0000000              0.0000000              0.0000000              0.0000000        
      3.4410000             -0.0000352              0.4986050             -0.2036450              0.0000000              0.0000000              0.0000000              0.0000000              0.0000000        
      1.7120000              0.0008033              0.3898150             -0.2872280              1.0000000              0.0000000              0.0000000              0.0000000              0.0000000        
      0.8337000             -0.0002438              0.0743410             -0.0338211              0.0000000              1.0000000              0.0000000              0.0000000              0.0000000        
      0.3912000              0.0000987              0.0007380              0.4544820              0.0000000              0.0000000              1.0000000              0.0000000              0.0000000        
      0.1777000             -0.0000512              0.0009276              0.5687910              0.0000000              0.0000000              0.0000000              1.0000000              0.0000000        
      0.0793900              0.0000101             -0.0000017              0.1785900              0.0000000              0.0000000              0.0000000              0.0000000              1.0000000        
P    P
   4552.0000000              0.0000520             -0.0000124              0.0000000              0.0000000              0.0000000              0.0000000              0.0000000        
   1078.0000000              0.0004604             -0.0001094              0.0000000              0.0000000              0.0000000              0.0000000              0.0000000        
    350.1000000              0.0026208             -0.0006256              0.0000000              0.0000000              0.0000000              0.0000000              0.0000000        
    133.8000000              0.0111873             -0.0026734              0.0000000              0.0000000              0.0000000              0.0000000              0.0000000        
     56.5200000              0.0378229             -0.0091552              0.0000000              0.0000000              0.0000000              0.0000000              0.0000000        
     25.5800000              0.1021160             -0.0250993              0.0000000              0.0000000              0.0000000              0.0000000              0.0000000        
     12.1400000              0.2103140             -0.0531810              0.0000000              0.0000000              0.0000000              0.0000000              0.0000000        
      5.9020000              0.3173830             -0.0815888              0.0000000              0.0000000              0.0000000              0.0000000              0.0000000        
      2.9100000              0.3271650             -0.0919725              0.0000000              0.0000000              0.0000000              0.0000000              0.0000000        
      1.4350000              0.1776870             -0.0292668              1.0000000              0.0000000              0.0000000              0.0000000              0.0000000        
      0.6570000              0.0293580              0.1879960              0.0000000              1.0000000              0.0000000              0.0000000              0.0000000        
      0.3005000             -0.0000768              0.4271910              0.0000000              0.0000000              1.0000000              0.0000000              0.0000000        
      0.1340000              0.0006720              0.4101460              0.0000000              0.0000000              0.0000000              1.0000000              0.0000000        
      0.0578300             -0.0001168              0.1264650              0.0000000              0.0000000              0.0000000              0.0000000              1.0000000        
P    D
      9.4730000              1.0000000              0.0000000              0.0000000              0.0000000              0.0000000              0.0000000        
      2.4820000              0.0000000              1.0000000              0.0000000              0.0000000              0.0000000              0.0000000        
      1.0880000              0.0000000              0.0000000              1.0000000              0.0000000              0.0000000              0.0000000        
      0.6920000              0.0000000              0.0000000              0.0000000              1.0000000              0.0000000              0.0000000        
      0.3190000              0.0000000              0.0000000              0.0000000              0.0000000              1.0000000              0.0000000        
      0.1340000              0.0000000              0.0000000              0.0000000              0.0000000              0.0000000              1.0000000        
P    F
      1.8160000              1.0000000              0.0000000              0.0000000              0.0000000        
      0.8806000              0.0000000              1.0000000              0.0000000              0.0000000        
      0.4270000              0.0000000              0.0000000              1.0000000              0.0000000        
      0.2070000              0.0000000              0.0000000              0.0000000              1.0000000        
P    G
      1.0616000              1.0000000              0.0000000              0.0000000        
      0.5791000              0.0000000              1.0000000              0.0000000        
      0.3159000              0.0000000              0.0000000              1.0000000        
P    H
      1.0850000              1.0000000              0.0000000        
      0.5277000              0.0000000              1.0000000        
P    I
      0.8890000              1.0000000        
#BASIS SET: (21s,14p,6d,4f,3g,2h,1i) -> [8s,7p,6d,4f,3g,2h,1i]
S    S
 6297000.0000000             0.0000016             -0.0000004              0.0000001              0.0000000              0.0000000              0.0000000              0.0000000              0.0000000        
 943100.0000000              0.0000124             -0.0000034              0.0000010              0.0000000              0.0000000              0.0000000              0.0000000              0.0000000        
 214900.0000000              0.0000649             -0.0000179              0.0000052              0.0000000              0.0000000              0.0000000              0.0000000              0.0000000        
  61250.0000000              0.0002693             -0.0000744              0.0000216              0.0000000              0.0000000              0.0000000              0.0000000              0.0000000        
  20450.0000000              0.0009347             -0.0002587              0.0000751              0.0000000              0.0000000              0.0000000              0.0000000              0.0000000        
   7719.0000000              0.0028083             -0.0007777              0.0002258              0.0000000              0.0000000              0.0000000              0.0000000              0.0000000        
   3198.0000000              0.0076740             -0.0021396              0.0006217              0.0000000              0.0000000              0.0000000              0.0000000              0.0000000        
   1402.0000000              0.0198898             -0.0055906              0.0016251              0.0000000              0.0000000              0.0000000              0.0000000              0.0000000        
    637.2000000              0.0482589             -0.0139076              0.0040535              0.0000000              0.0000000              0.0000000              0.0000000              0.0000000        
    298.9000000              0.1057570             -0.0317689              0.0092902              0.0000000              0.0000000              0.0000000              0.0000000              0.0000000        
    144.3000000              0.2002230             -0.0659302              0.0194561              0.0000000              0.0000000              0.0000000              0.0000000              0.0000000        
     71.2100000              0.3007280             -0.1168320              0.0350040              0.0000000              0.0000000              0.0000000              0.0000000              0.0000000        
     35.7300000              0.2986880             -0.1597870              0.0494897              0.0000000              0.0000000              0.0000000              0.0000000              0.0000000        
     17.9700000              0.1463470             -0.0945322              0.0303443              0.0000000              0.0000000              0.0000000              0.0000000              0.0000000        
      8.3410000              0.0201159              0.1878280             -0.0663661              0.0000000              0.0000000              0.0000000              0.0000000              0.0000000        
      4.1120000             -0.0002488              0.5046830             -0.2231540              0.0000000              0.0000000              0.0000000              0.0000000              0.0000000        
      2.0450000              0.0009009              0.3995450             -0.3096090              1.0000000              0.0000000              0.0000000              0.0000000              0.0000000        
      0.9770000             -0.0003178              0.0734117             -0.0112192              0.0000000              1.0000000              0.0000000              0.0000000              0.0000000        
      0.4766000              0.0001309             -0.0001062              0.4810330              0.0000000              0.0000000              1.0000000              0.0000000              0.0000000        
      0.2185000             -0.0000667              0.0014068              0.5554780              0.0000000              0.0000000              0.0000000              1.0000000              0.0000000        
      0.0975900              0.0000125             -0.0000288              0.1635420              0.0000000              0.0000000              0.0000000              0.0000000              1.0000000        
S    P
   5266.0000000              0.0000523             -0.0000133              0.0000000              0.0000000              0.0000000              0.0000000              0.0000000        
   1247.0000000              0.0004635             -0.0001179              0.0000000              0.0000000              0.0000000              0.0000000              0.0000000        
    405.0000000              0.0026410             -0.0006759              0.0000000              0.0000000              0.0000000              0.0000000              0.0000000        
    154.8000000              0.0113169             -0.0028973              0.0000000              0.0000000              0.0000000              0.0000000              0.0000000        
     65.3800000              0.0384704             -0.0099980              0.0000000              0.0000000              0.0000000              0.0000000              0.0000000        
     29.5900000              0.1043390             -0.0275416              0.0000000              0.0000000              0.0000000              0.0000000              0.0000000        
     14.0400000              0.2156840             -0.0587943              0.0000000              0.0000000              0.0000000              0.0000000              0.0000000        
      6.8240000              0.3252600             -0.0903761              0.0000000              0.0000000              0.0000000              0.0000000              0.0000000        
      3.3690000              0.3261780             -0.0999891              0.0000000              0.0000000              0.0000000              0.0000000              0.0000000        
      1.6660000              0.1631460             -0.0109798              1.0000000              0.0000000              0.0000000              0.0000000              0.0000000        
      0.7681000              0.0238982              0.2327320              0.0000000              1.0000000              0.0000000              0.0000000              0.0000000        
      0.3504000              0.0004738              0.4312490              0.0000000              0.0000000              1.0000000              0.0000000              0.0000000        
      0.1556000              0.0007352              0.3751860              0.0000000              0.0000000              0.0000000              1.0000000              0.0000000        
      0.0668100              0.0000224              0.1137290              0.0000000              0.0000000              0.0000000              0.0000000              1.0000000        
S    D
     11.5330000              1.0000000              0.0000000              0.0000000              0.0000000              0.0000000              0.0000000        
      2.9880000              0.0000000              1.0000000              0.0000000              0.0000000              0.0000000              0.0000000        
      1.2590000              0.0000000              0.0000000              1.0000000              0.0000000              0.0000000              0.0000000        
      0.8040000              0.0000000              0.0000000              0.0000000              1.0000000              0.0000000              0.0000000        
      0.3800000              0.0000000              0.0000000              0.0000000              0.0000000              1.0000000              0.0000000        
      0.1600000              0.0000000              0.0000000              0.0000000              0.0000000              0.0000000              1.0000000        
S    F
      1.3222000              1.0000000              0.0000000              0.0000000              0.0000000        
      0.7319000              0.0000000              1.0000000              0.0000000              0.0000000        
      0.4051000              0.0000000              0.0000000              1.0000000              0.0000000        
      0.2243000              0.0000000              0.0000000              0.0000000              1.0000000        
S    G
      1.3473000              1.0000000              0.0000000              0.0000000        
      0.7009000              0.0000000              1.0000000              0.0000000        
      0.3647000              0.0000000              0.0000000              1.0000000        
S    H
      1.2861000              1.0000000              0.0000000        
      0.6115000              0.0000000              1.0000000        
S    I
      1.0409000              1.0000000        
#BASIS SET: (21s,14p,6d,4f,3g,2h,1i) -> [8s,7p,6d,4f,3g,2h,1i]
Cl    S
 7733000.0000000             0.14347400E-05        -0.40222700E-06         0.12169600E-06         0.0000000              0.0000000              0.0000000              0.0000000              0.0000000        
 1158000.0000000             0.11148600E-04        -0.31244800E-05         0.94514100E-06         0.0000000              0.0000000              0.0000000              0.0000000              0.0000000        
 263700.0000000              0.58586500E-04        -0.16429000E-04         0.49711900E-05         0.0000000              0.0000000              0.0000000              0.0000000              0.0000000        
  75010.0000000              0.24451800E-03        -0.68542100E-04         0.20732300E-04         0.0000000              0.0000000              0.0000000              0.0000000              0.0000000        
  24890.0000000              0.85828700E-03        -0.24100100E-03         0.72940200E-04         0.0000000              0.0000000              0.0000000              0.0000000              0.0000000        
   9318.0000000              0.26101900E-02        -0.73353800E-03         0.22189900E-03         0.0000000              0.0000000              0.0000000              0.0000000              0.0000000        
   3840.0000000              0.71378400E-02        -0.20183000E-02         0.61135500E-03         0.0000000              0.0000000              0.0000000              0.0000000              0.0000000        
   1684.0000000              0.18456400E-01        -0.52610700E-02         0.15933700E-02         0.0000000              0.0000000              0.0000000              0.0000000              0.0000000        
    766.3000000              0.44894400E-01        -0.13098600E-01         0.39800100E-02         0.0000000              0.0000000              0.0000000              0.0000000              0.0000000        
    359.5000000              0.99382200E-01        -0.30179400E-01         0.91937500E-02         0.0000000              0.0000000              0.0000000              0.0000000              0.0000000        
    173.4000000              0.19078200            -0.63188800E-01         0.19439900E-01         0.0000000              0.0000000              0.0000000              0.0000000              0.0000000        
     85.6100000              0.29356500            -0.11385900             0.35518700E-01         0.0000000              0.0000000              0.0000000              0.0000000              0.0000000        
     42.9300000              0.30647700            -0.16125100             0.52067400E-01         0.0000000              0.0000000              0.0000000              0.0000000              0.0000000        
     21.5500000              0.16220900            -0.10923400             0.36564400E-01         0.0000000              0.0000000              0.0000000              0.0000000              0.0000000        
     10.0500000              0.24938300E-01         0.16299900            -0.59750000E-01         0.0000000              0.0000000              0.0000000              0.0000000              0.0000000        
      4.9780000             -0.51314200E-03         0.50141300            -0.23164100             0.0000000              0.0000000              0.0000000              0.0000000              0.0000000        
      2.4780000              0.11024100E-02         0.42060700            -0.32984600             1.0000000              0.0000000              0.0000000              0.0000000              0.0000000        
      1.1800000             -0.43165300E-03         0.81929300E-01        -0.01243200             0.0000000              1.0000000              0.0000000              0.0000000              0.0000000        
      0.5828000              0.17868100E-03        -0.32972200E-04         0.49182900             0.0000000              0.0000000              1.0000000              0.0000000              0.0000000        
      0.2668000             -0.88952500E-04         0.17902300E-02         0.55697300             0.0000000              0.0000000              0.0000000              1.0000000              0.0000000        
      0.1183000              0.16615200E-04        -0.38286300E-04         0.15849700             0.0000000              0.0000000              0.0000000              0.0000000              1.0000000        
Cl    P
   6091.0000000              0.51619400E-04        -0.13925900E-04         0.0000000              0.0000000              0.0000000              0.0000000              0.0000000        
   1442.0000000              0.45846800E-03        -0.12332400E-03         0.0000000              0.0000000              0.0000000              0.0000000              0.0000000        
    468.3000000              0.26150900E-02        -0.70755100E-03         0.0000000              0.0000000              0.0000000              0.0000000              0.0000000        
    179.0000000              0.11255400E-01        -0.30493900E-02         0.0000000              0.0000000              0.0000000              0.0000000              0.0000000        
     75.6100000              0.38457700E-01        -0.10575200E-01         0.0000000              0.0000000              0.0000000              0.0000000              0.0000000        
     34.2200000              0.10508100E+00        -0.29409400E-01         0.0000000              0.0000000              0.0000000              0.0000000              0.0000000        
     16.2300000              0.21860300E+00        -0.63229600E-01         0.0000000              0.0000000              0.0000000              0.0000000              0.0000000        
      7.8900000              0.33087400E+00        -0.98187000E-01         0.0000000              0.0000000              0.0000000              0.0000000              0.0000000        
      3.8980000              0.32587900E+00        -0.10587000E+00         0.0000000              0.0000000              0.0000000              0.0000000              0.0000000        
      1.9330000              0.15315900E+00         0.32288700E-02         1.0000000              0.0000000              0.0000000              0.0000000              0.0000000        
      0.9057000              0.21091000E-01         0.25830600E+00         0.0000000              1.0000000              0.0000000              0.0000000              0.0000000        
      0.4140000              0.10679500E-02         0.43332600E+00         0.0000000              0.0000000              1.0000000              0.0000000              0.0000000        
      0.1836000              0.82312800E-03         0.35450800E+00         0.0000000              0.0000000              0.0000000              1.0000000              0.0000000        
      0.0785900              0.12624400E-03         0.10318900E+00         0.0000000              0.0000000              0.0000000              0.0000000              1.0000000        
Cl    D
     14.7720000              1.0000000              0.0000000              0.0000000              0.0000000              0.0000000              0.0000000        
      3.8200000              0.0000000              1.0000000              0.0000000              0.0000000              0.0000000              0.0000000        
      1.5830000              0.0000000              0.0000000              1.0000000              0.0000000              0.0000000              0.0000000        
      1.0360000              0.0000000              0.0000000              0.0000000              1.0000000              0.0000000              0.0000000        
      0.4880000              0.0000000              0.0000000              0.0000000              0.0000000              1.0000000              0.0000000        
      0.2030000              0.0000000              0.0000000              0.0000000              0.0000000              0.0000000              1.0000000        
Cl    F
      2.5327000              1.0000000              0.0000000              0.0000000              0.0000000        
      1.2406000              0.0000000              1.0000000              0.0000000              0.0000000        
      0.6077000              0.0000000              0.0000000              1.0000000              0.0000000        
      0.2977000              0.0000000              0.0000000              0.0000000              1.0000000        
Cl    G
      1.5388000              1.0000000              0.0000000              0.0000000        
      0.8050000              0.0000000              1.0000000              0.0000000        
      0.4212000              0.0000000              0.0000000              1.0000000        
Cl    H
      1.5613000              1.0000000              0.0000000        
      0.7397000              0.0000000              1.0000000        
Cl    I
      1.2572000              1.0000000        
#BASIS SET: (21s,14p,6d,4f,3g,2h,1i) -> [8s,7p,6d,4f,3g,2h,1i]
Ar    S
 9149000.0000000             0.0000013             -0.0000004              0.0000001              0.0000000              0.0000000              0.0000000              0.0000000              0.0000000        
 1370000.0000000             0.0000104             -0.0000030              0.0000009              0.0000000              0.0000000              0.0000000              0.0000000              0.0000000        
 311900.0000000              0.0000549             -0.0000156              0.0000049              0.0000000              0.0000000              0.0000000              0.0000000              0.0000000        
  88650.0000000              0.0002296             -0.0000652              0.0000204              0.0000000              0.0000000              0.0000000              0.0000000              0.0000000        
  29330.0000000              0.0008103             -0.0002304              0.0000720              0.0000000              0.0000000              0.0000000              0.0000000              0.0000000        
  10930.0000000              0.0024853             -0.0007075              0.0002210              0.0000000              0.0000000              0.0000000              0.0000000              0.0000000        
   4480.0000000              0.0068369             -0.0019573              0.0006125              0.0000000              0.0000000              0.0000000              0.0000000              0.0000000        
   1962.0000000              0.0176199             -0.0050856              0.0015908              0.0000000              0.0000000              0.0000000              0.0000000              0.0000000        
    894.1000000              0.0428752             -0.0126528              0.0039722              0.0000000              0.0000000              0.0000000              0.0000000              0.0000000        
    419.6000000              0.0954853             -0.0293065              0.0092204              0.0000000              0.0000000              0.0000000              0.0000000              0.0000000        
    202.3000000              0.1850640             -0.0617712              0.0196367              0.0000000              0.0000000              0.0000000              0.0000000              0.0000000        
     99.8400000              0.2890420             -0.1125410              0.0362570              0.0000000              0.0000000              0.0000000              0.0000000              0.0000000        
     50.0700000              0.3101660             -0.1622930              0.0541725              0.0000000              0.0000000              0.0000000              0.0000000              0.0000000        
     25.1400000              0.1721830             -0.1184120              0.0409996              0.0000000              0.0000000              0.0000000              0.0000000              0.0000000        
     11.8100000              0.0285227              0.1461480             -0.0551744              0.0000000              0.0000000              0.0000000              0.0000000              0.0000000        
      5.8820000             -0.0005757              0.4977520             -0.2387540              0.0000000              0.0000000              0.0000000              0.0000000              0.0000000        
      2.9390000              0.0011812              0.4342400             -0.3452640              1.0000000              0.0000000              0.0000000              0.0000000              0.0000000        
      1.4050000             -0.0004805              0.0890745             -0.0122384              0.0000000              1.0000000              0.0000000              0.0000000              0.0000000        
      0.6963000              0.0001888              0.0005381              0.4997370              0.0000000              0.0000000              1.0000000              0.0000000              0.0000000        
      0.3188000             -0.0000973              0.0020404              0.5568890              0.0000000              0.0000000              0.0000000              1.0000000              0.0000000        
      0.1410000              0.0000174             -0.0000280              0.1555420              0.0000000              0.0000000              0.0000000              0.0000000              1.0000000        
Ar    P
   7050.0000000              0.0000502             -0.0000140              0.0000000              0.0000000              0.0000000              0.0000000              0.0000000        
   1669.0000000              0.0004454             -0.0001243              0.0000000              0.0000000              0.0000000              0.0000000              0.0000000        
    542.1000000              0.0025480             -0.0007147              0.0000000              0.0000000              0.0000000              0.0000000              0.0000000        
    207.1000000              0.0110155             -0.0030968              0.0000000              0.0000000              0.0000000              0.0000000              0.0000000        
     87.5200000              0.0378490             -0.0107961              0.0000000              0.0000000              0.0000000              0.0000000              0.0000000        
     39.6100000              0.1043550             -0.0303536              0.0000000              0.0000000              0.0000000              0.0000000              0.0000000        
     18.7800000              0.2193350             -0.0659785              0.0000000              0.0000000              0.0000000              0.0000000              0.0000000        
      9.1300000              0.3346150             -0.1038770              0.0000000              0.0000000              0.0000000              0.0000000              0.0000000        
      4.5160000              0.3267710             -0.1099560              0.0000000              0.0000000              0.0000000              0.0000000              0.0000000        
      2.2450000              0.1481530              0.0133248              1.0000000              0.0000000              0.0000000              0.0000000              0.0000000        
      1.0650000              0.0192586              0.2742860              0.0000000              1.0000000              0.0000000              0.0000000              0.0000000        
      0.4885000              0.0005519              0.4349360              0.0000000              0.0000000              1.0000000              0.0000000              0.0000000        
      0.2166000              0.0001769              0.3409770              0.0000000              0.0000000              0.0000000              1.0000000              0.0000000        
      0.0925500             -0.0000169              0.0950684              0.0000000              0.0000000              0.0000000              0.0000000              1.0000000        
Ar    D
     17.7430000              1.0000000              0.0000000              0.0000000              0.0000000              0.0000000              0.0000000        
      4.5800000              0.0000000              1.0000000              0.0000000              0.0000000              0.0000000              0.0000000        
      1.8890000              0.0000000              0.0000000              1.0000000              0.0000000              0.0000000              0.0000000        
      1.2520000              0.0000000              0.0000000              0.0000000              1.0000000              0.0000000              0.0000000        
      0.5940000              0.0000000              0.0000000              0.0000000              0.0000000              1.0000000              0.0000000        
      0.2470000              0.0000000              0.0000000              0.0000000              0.0000000              0.0000000              1.0000000        
Ar    F
      3.0582000              1.0000000              0.0000000              0.0000000              0.0000000        
      1.5292000              0.0000000              1.0000000              0.0000000              0.0000000        
      0.7647000              0.0000000              0.0000000              1.0000000              0.0000000        
      0.3824000              0.0000000              0.0000000              0.0000000              1.0000000        
Ar    G
      1.8450000              1.0000000              0.0000000              0.0000000        
      0.9657000              0.0000000              1.0000000              0.0000000        
      0.5055000              0.0000000              0.0000000              1.0000000        
Ar    H
      1.8743000              1.0000000              0.0000000        
      0.8871000              0.0000000              1.0000000        
Ar    I
      1.5066000              1.0000000        
END

