#  ccJ-pVTZ  EMSL  Basis Set Exchange Library  2/17/10 4:57 PM
# Elements                             References
# --------                             ----------
# H He B C N O F Ne: Udo Benedikt, Alexander A. Auer, Frank Jensen, Optimization of Augmentation Functions for Correlated Calculations of Spin-Spin Coupling Constants and Related Properties, J. Chem. Phys. 129, 064111 (2008).
# 



basis "H_ccJ-pVTZ" SPHERICAL
H    S
   8941.6800000              0.0251117              0.0000000              0.0000000              0.0000000              0.0000000        
    372.5700000              0.9748883              0.0000000              0.0000000              0.0000000              0.0000000        
     33.8700000              0.0000000              0.1126102              0.0000000              0.0000000              0.0000000        
      5.0950000              0.0000000              0.8873898              0.0000000              0.0000000              0.0000000        
      1.1590000              0.0000000              0.0000000              1.0000000              0.0000000              0.0000000        
      0.3258000              0.0000000              0.0000000              0.0000000              1.0000000              0.0000000        
      0.1027000              0.0000000              0.0000000              0.0000000              0.0000000              1.0000000        
H    P
     14.0700000              1.0000000              0.0000000              0.0000000        
      1.4070000              0.0000000              1.0000000              0.0000000        
      0.3880000              0.0000000              0.0000000              1.0000000        
H    D
      2.1140000              1.0000000              0.0000000        
      1.0570000              0.0000000              1.0000000        
end
basis "He_ccJ-pVTZ" SPHERICAL
He    S
  61776.0000000              0.0251338              0.0000000              0.0000000              0.0000000              0.0000000              0.0000000        
   2574.0000000              0.9748662              0.0000000              0.0000000              0.0000000              0.0000000              0.0000000        
    234.0000000              0.0000000              0.1114201              0.0000000              0.0000000              0.0000000              0.0000000        
     35.1600000              0.0000000              0.8885799              0.0000000              0.0000000              0.0000000              0.0000000        
      7.9890000              0.0000000              0.0000000              1.0000000              0.0000000              0.0000000              0.0000000        
      2.2120000              0.0000000              0.0000000              0.0000000              1.0000000              0.0000000              0.0000000        
      0.6669000              0.0000000              0.0000000              0.0000000              0.0000000              1.0000000              0.0000000        
      0.2089000              0.0000000              0.0000000              0.0000000              0.0000000              0.0000000              1.0000000        
He    P
     30.4400000              1.0000000              0.0000000              0.0000000        
      3.0440000              0.0000000              1.0000000              0.0000000        
      0.7580000              0.0000000              0.0000000              1.0000000        
He    D
      3.9300000              1.0000000              0.0000000        
      1.9650000              0.0000000              1.0000000        
end
basis "B_ccJ-pVTZ" SPHERICAL
B    S
 1565278.0000000             0.0014072              0.0000000              0.0000000              0.0000000              0.0000000              0.0000000              0.0000000        
  60203.0000000              0.0582818              0.0000000              0.0000000              0.0000000              0.0000000              0.0000000              0.0000000        
   5473.0000000              0.9403110              0.0000000              0.0000000              0.0000000              0.0000000              0.0000000              0.0000000        
    820.9000000              0.0000000              0.0389945              0.0000000              0.0000000              0.0000000              0.0000000              0.0000000        
    186.8000000              0.0000000              0.1980132              0.0000000              0.0000000              0.0000000              0.0000000              0.0000000        
     52.8300000              0.0000000              0.7629923              0.0000000              0.0000000              0.0000000              0.0000000              0.0000000        
     17.0800000              0.0000000              0.0000000              0.3540957              0.0000000              0.0000000              0.0000000              0.0000000        
      5.9990000              0.0000000              0.0000000              0.6459042              0.0000000              0.0000000              0.0000000              0.0000000        
      2.2080000              0.0000000              0.0000000              0.0000000              1.0000000              0.0000000              0.0000000              0.0000000        
      0.5879000              0.0000000              0.0000000              0.0000000              0.0000000              1.0000000              0.0000000              0.0000000        
      0.2415000              0.0000000              0.0000000              0.0000000              0.0000000              0.0000000              1.0000000              0.0000000        
      0.0861000              0.0000000              0.0000000              0.0000000              0.0000000              0.0000000              0.0000000              1.0000000        
B    P
     72.3000000              0.0090715              0.0000000              0.0000000              0.0000000        
     12.0500000              0.1443726              0.0000000              0.0000000              0.0000000        
      2.6130000              0.8465559              0.0000000              0.0000000              0.0000000        
      0.7475000              0.0000000              1.0000000              0.0000000              0.0000000        
      0.2385000              0.0000000              0.0000000              1.0000000              0.0000000        
      0.0769800              0.0000000              0.0000000              0.0000000              1.0000000        
B    D
      2.6440000              1.0000000              0.0000000              0.0000000        
      0.6610000              0.0000000              1.0000000              0.0000000        
      0.1990000              0.0000000              0.0000000              1.0000000        
B    F
      0.4900000              1.0000000        
end
basis "C_ccJ-pVTZ" SPHERICAL
C    S
 2355496.0000000             0.0014070              0.0000000              0.0000000              0.0000000              0.0000000              0.0000000              0.0000000        
  90596.0000000              0.0582677              0.0000000              0.0000000              0.0000000              0.0000000              0.0000000              0.0000000        
   8236.0000000              0.9403253              0.0000000              0.0000000              0.0000000              0.0000000              0.0000000              0.0000000        
   1235.0000000              0.0000000              0.0385966              0.0000000              0.0000000              0.0000000              0.0000000              0.0000000        
    280.8000000              0.0000000              0.1966971              0.0000000              0.0000000              0.0000000              0.0000000              0.0000000        
     79.2700000              0.0000000              0.7647062              0.0000000              0.0000000              0.0000000              0.0000000              0.0000000        
     25.5900000              0.0000000              0.0000000              0.3508430              0.0000000              0.0000000              0.0000000              0.0000000        
      8.9970000              0.0000000              0.0000000              0.6491569              0.0000000              0.0000000              0.0000000              0.0000000        
      3.3190000              0.0000000              0.0000000              0.0000000              1.0000000              0.0000000              0.0000000              0.0000000        
      0.9059000              0.0000000              0.0000000              0.0000000              0.0000000              1.0000000              0.0000000              0.0000000        
      0.3643000              0.0000000              0.0000000              0.0000000              0.0000000              0.0000000              1.0000000              0.0000000        
      0.1285000              0.0000000              0.0000000              0.0000000              0.0000000              0.0000000              0.0000000              1.0000000        
C    P
    112.2600000              0.0086306              0.0000000              0.0000000              0.0000000        
     18.7100000              0.1354950              0.0000000              0.0000000              0.0000000        
      4.1330000              0.8558744              0.0000000              0.0000000              0.0000000        
      1.2000000              0.0000000              1.0000000              0.0000000              0.0000000        
      0.3827000              0.0000000              0.0000000              1.0000000              0.0000000        
      0.1209000              0.0000000              0.0000000              0.0000000              1.0000000        
C    D
      4.3880000              1.0000000              0.0000000              0.0000000        
      1.0970000              0.0000000              1.0000000              0.0000000        
      0.3180000              0.0000000              0.0000000              1.0000000        
C    F
      0.7610000              1.0000000        
end
basis "N_ccJ-pVTZ" SPHERICAL
N    S
 3266120.0000000             0.0014068              0.0000000              0.0000000              0.0000000              0.0000000              0.0000000              0.0000000        
 125620.0000000              0.0582480              0.0000000              0.0000000              0.0000000              0.0000000              0.0000000              0.0000000        
  11420.0000000              0.9403453              0.0000000              0.0000000              0.0000000              0.0000000              0.0000000              0.0000000        
   1712.0000000              0.0000000              0.0385468              0.0000000              0.0000000              0.0000000              0.0000000              0.0000000        
    389.3000000              0.0000000              0.1965394              0.0000000              0.0000000              0.0000000              0.0000000              0.0000000        
    110.0000000              0.0000000              0.7649138              0.0000000              0.0000000              0.0000000              0.0000000              0.0000000        
     35.5700000              0.0000000              0.0000000              0.3496198              0.0000000              0.0000000              0.0000000              0.0000000        
     12.5400000              0.0000000              0.0000000              0.6503802              0.0000000              0.0000000              0.0000000              0.0000000        
      4.6440000              0.0000000              0.0000000              0.0000000              1.0000000              0.0000000              0.0000000              0.0000000        
      1.2930000              0.0000000              0.0000000              0.0000000              0.0000000              1.0000000              0.0000000              0.0000000        
      0.5118000              0.0000000              0.0000000              0.0000000              0.0000000              0.0000000              1.0000000              0.0000000        
      0.1787000              0.0000000              0.0000000              0.0000000              0.0000000              0.0000000              0.0000000              1.0000000        
N    P
    159.7800000              0.0083791              0.0000000              0.0000000              0.0000000        
     26.6300000              0.1312638              0.0000000              0.0000000              0.0000000        
      5.9480000              0.8603570              0.0000000              0.0000000              0.0000000        
      1.7420000              0.0000000              1.0000000              0.0000000              0.0000000        
      0.5550000              0.0000000              0.0000000              1.0000000              0.0000000        
      0.1725000              0.0000000              0.0000000              0.0000000              1.0000000        
N    D
      6.6160000              1.0000000              0.0000000              0.0000000        
      1.6540000              0.0000000              1.0000000              0.0000000        
      0.4690000              0.0000000              0.0000000              1.0000000        
N    F
      1.0930000              1.0000000        
end
basis "O_ccJ-pVTZ" SPHERICAL
O    S
 4384380.0000000             0.0014069              0.0000000              0.0000000              0.0000000              0.0000000              0.0000000              0.0000000        
 168630.0000000              0.0582656              0.0000000              0.0000000              0.0000000              0.0000000              0.0000000              0.0000000        
  15330.0000000              0.9403275              0.0000000              0.0000000              0.0000000              0.0000000              0.0000000              0.0000000        
   2299.0000000              0.0000000              0.0382400              0.0000000              0.0000000              0.0000000              0.0000000              0.0000000        
    522.4000000              0.0000000              0.1955693              0.0000000              0.0000000              0.0000000              0.0000000              0.0000000        
    147.3000000              0.0000000              0.7661907              0.0000000              0.0000000              0.0000000              0.0000000              0.0000000        
     47.5500000              0.0000000              0.0000000              0.3474866              0.0000000              0.0000000              0.0000000              0.0000000        
     16.7600000              0.0000000              0.0000000              0.6525135              0.0000000              0.0000000              0.0000000              0.0000000        
      6.2070000              0.0000000              0.0000000              0.0000000              1.0000000              0.0000000              0.0000000              0.0000000        
      1.7520000              0.0000000              0.0000000              0.0000000              0.0000000              1.0000000              0.0000000              0.0000000        
      0.6882000              0.0000000              0.0000000              0.0000000              0.0000000              0.0000000              1.0000000              0.0000000        
      0.2384000              0.0000000              0.0000000              0.0000000              0.0000000              0.0000000              0.0000000              1.0000000        
O    P
    206.7600000              0.0083210              0.0000000              0.0000000              0.0000000        
     34.4600000              0.1313168              0.0000000              0.0000000              0.0000000        
      7.7490000              0.8603621              0.0000000              0.0000000              0.0000000        
      2.2800000              0.0000000              1.0000000              0.0000000              0.0000000        
      0.7156000              0.0000000              0.0000000              1.0000000              0.0000000        
      0.2140000              0.0000000              0.0000000              0.0000000              1.0000000        
O    D
      9.2560000              1.0000000              0.0000000              0.0000000        
      2.3140000              0.0000000              1.0000000              0.0000000        
      0.6450000              0.0000000              0.0000000              1.0000000        
O    F
      1.4280000              1.0000000        
end
basis "F_ccJ-pVTZ" SPHERICAL
F    S
 5577000.0000000             0.0014066              0.0000000              0.0000000              0.0000000              0.0000000              0.0000000              0.0000000        
 214500.0000000              0.0582270              0.0000000              0.0000000              0.0000000              0.0000000              0.0000000              0.0000000        
  19500.0000000              0.9403664              0.0000000              0.0000000              0.0000000              0.0000000              0.0000000              0.0000000        
   2923.0000000              0.0000000              0.0382585              0.0000000              0.0000000              0.0000000              0.0000000              0.0000000        
    664.5000000              0.0000000              0.1955718              0.0000000              0.0000000              0.0000000              0.0000000              0.0000000        
    187.5000000              0.0000000              0.7661697              0.0000000              0.0000000              0.0000000              0.0000000              0.0000000        
     60.6200000              0.0000000              0.0000000              0.3473708              0.0000000              0.0000000              0.0000000              0.0000000        
     21.4200000              0.0000000              0.0000000              0.6526292              0.0000000              0.0000000              0.0000000              0.0000000        
      7.9500000              0.0000000              0.0000000              0.0000000              1.0000000              0.0000000              0.0000000              0.0000000        
      2.2570000              0.0000000              0.0000000              0.0000000              0.0000000              1.0000000              0.0000000              0.0000000        
      0.8815000              0.0000000              0.0000000              0.0000000              0.0000000              0.0000000              1.0000000              0.0000000        
      0.3041000              0.0000000              0.0000000              0.0000000              0.0000000              0.0000000              0.0000000              1.0000000        
F    P
    263.2800000              0.0082539              0.0000000              0.0000000              0.0000000        
     43.8800000              0.1311696              0.0000000              0.0000000              0.0000000        
      9.9260000              0.8605765              0.0000000              0.0000000              0.0000000        
      2.9300000              0.0000000              1.0000000              0.0000000              0.0000000        
      0.9132000              0.0000000              0.0000000              1.0000000              0.0000000        
      0.2672000              0.0000000              0.0000000              0.0000000              1.0000000        
F    D
     12.4280000              1.0000000              0.0000000              0.0000000        
      3.1070000              0.0000000              1.0000000              0.0000000        
      0.8550000              0.0000000              0.0000000              1.0000000        
F    F
      1.9170000              1.0000000        
end
basis "Ne_ccJ-pVTZ" SPHERICAL
Ne    S
 6964100.0000000             0.0014066              0.0000000              0.0000000              0.0000000              0.0000000              0.0000000              0.0000000        
 267850.0000000              0.0582348              0.0000000              0.0000000              0.0000000              0.0000000              0.0000000              0.0000000        
  24350.0000000              0.9403586              0.0000000              0.0000000              0.0000000              0.0000000              0.0000000              0.0000000        
   3650.0000000              0.0000000              0.0381603              0.0000000              0.0000000              0.0000000              0.0000000              0.0000000        
    829.6000000              0.0000000              0.1951907              0.0000000              0.0000000              0.0000000              0.0000000              0.0000000        
    234.0000000              0.0000000              0.7666490              0.0000000              0.0000000              0.0000000              0.0000000              0.0000000        
     75.6100000              0.0000000              0.0000000              0.3466986              0.0000000              0.0000000              0.0000000              0.0000000        
     26.7300000              0.0000000              0.0000000              0.6533014              0.0000000              0.0000000              0.0000000              0.0000000        
      9.9270000              0.0000000              0.0000000              0.0000000              1.0000000              0.0000000              0.0000000              0.0000000        
      2.8360000              0.0000000              0.0000000              0.0000000              0.0000000              1.0000000              0.0000000              0.0000000        
      1.1020000              0.0000000              0.0000000              0.0000000              0.0000000              0.0000000              1.0000000              0.0000000        
      0.3782000              0.0000000              0.0000000              0.0000000              0.0000000              0.0000000              0.0000000              1.0000000        
Ne    P
    328.2000000              0.0081889              0.0000000              0.0000000              0.0000000        
     54.7000000              0.1310061              0.0000000              0.0000000              0.0000000        
     12.4300000              0.8608050              0.0000000              0.0000000              0.0000000        
      3.6790000              0.0000000              1.0000000              0.0000000              0.0000000        
      1.1430000              0.0000000              0.0000000              1.0000000              0.0000000        
      0.3300000              0.0000000              0.0000000              0.0000000              1.0000000        
Ne    D
     16.0560000              1.0000000              0.0000000              0.0000000        
      4.0140000              0.0000000              1.0000000              0.0000000        
      1.0960000              0.0000000              0.0000000              1.0000000        
Ne    F
      2.5440000              1.0000000        
end

