#  ccJ-pV5Z  EMSL  Basis Set Exchange Library  2/3/10 5:23 PM
# Elements                             References
# --------                             ----------
# H He B C N O F Ne: Udo Benedikt, Alexander A. Auer, Frank Jensen, Optimization of Augmentation Functions for Correlated Calculations of Spin-Spin Coupling Constants and Related Properties, J. Chem. Phys. 129, 064111 (2008).
# 



basis "H_ccJ-pV5Z" SPHERICAL
H    S
 106128.0000000              0.0251887              0.0000000              0.0000000              0.0000000              0.0000000              0.0000000              0.0000000              0.0000000        
   4422.0000000              0.9748113              0.0000000              0.0000000              0.0000000              0.0000000              0.0000000              0.0000000              0.0000000        
    402.0000000              0.0000000              0.1086860              0.0000000              0.0000000              0.0000000              0.0000000              0.0000000              0.0000000        
     60.2400000              0.0000000              0.8913140              0.0000000              0.0000000              0.0000000              0.0000000              0.0000000              0.0000000        
     13.7300000              0.0000000              0.0000000              1.0000000              0.0000000              0.0000000              0.0000000              0.0000000              0.0000000        
      3.9050000              0.0000000              0.0000000              0.0000000              1.0000000              0.0000000              0.0000000              0.0000000              0.0000000        
      1.2830000              0.0000000              0.0000000              0.0000000              0.0000000              1.0000000              0.0000000              0.0000000              0.0000000        
      0.4655000              0.0000000              0.0000000              0.0000000              0.0000000              0.0000000              1.0000000              0.0000000              0.0000000        
      0.1811000              0.0000000              0.0000000              0.0000000              0.0000000              0.0000000              0.0000000              1.0000000              0.0000000        
      0.0727900              0.0000000              0.0000000              0.0000000              0.0000000              0.0000000              0.0000000              0.0000000              1.0000000        
H    P
     45.1600000              1.0000000              0.0000000              0.0000000              0.0000000              0.0000000        
      4.5160000              0.0000000              1.0000000              0.0000000              0.0000000              0.0000000        
      1.7120000              0.0000000              0.0000000              1.0000000              0.0000000              0.0000000        
      0.6490000              0.0000000              0.0000000              0.0000000              1.0000000              0.0000000        
      0.2460000              0.0000000              0.0000000              0.0000000              0.0000000              1.0000000        
H    D
      5.9000000              1.0000000              0.0000000              0.0000000              0.0000000        
      2.9500000              0.0000000              1.0000000              0.0000000              0.0000000        
      1.2060000              0.0000000              0.0000000              1.0000000              0.0000000        
      0.4930000              0.0000000              0.0000000              0.0000000              1.0000000        
H    F
      2.5060000              1.0000000              0.0000000        
      0.8750000              0.0000000              1.0000000        
H    G
      2.3580000              1.0000000        
end
basis "He_ccJ-pV5Z" SPHERICAL
He    S
 302280.0000000              0.0251774              0.0000000              0.0000000              0.0000000              0.0000000              0.0000000              0.0000000              0.0000000        
  12595.0000000              0.9748226              0.0000000              0.0000000              0.0000000              0.0000000              0.0000000              0.0000000              0.0000000        
   1145.0000000              0.0000000              0.1089687              0.0000000              0.0000000              0.0000000              0.0000000              0.0000000              0.0000000        
    171.7000000              0.0000000              0.8910313              0.0000000              0.0000000              0.0000000              0.0000000              0.0000000              0.0000000        
     39.0700000              0.0000000              0.0000000              1.0000000              0.0000000              0.0000000              0.0000000              0.0000000              0.0000000        
     11.0400000              0.0000000              0.0000000              0.0000000              1.0000000              0.0000000              0.0000000              0.0000000              0.0000000        
      3.5660000              0.0000000              0.0000000              0.0000000              0.0000000              1.0000000              0.0000000              0.0000000              0.0000000        
      1.2400000              0.0000000              0.0000000              0.0000000              0.0000000              0.0000000              1.0000000              0.0000000              0.0000000        
      0.4473000              0.0000000              0.0000000              0.0000000              0.0000000              0.0000000              0.0000000              1.0000000              0.0000000        
      0.1640000              0.0000000              0.0000000              0.0000000              0.0000000              0.0000000              0.0000000              0.0000000              1.0000000        
He    P
    101.5300000              1.0000000              0.0000000              0.0000000              0.0000000              0.0000000        
     10.1530000              0.0000000              1.0000000              0.0000000              0.0000000              0.0000000        
      3.6270000              0.0000000              0.0000000              1.0000000              0.0000000              0.0000000        
      1.2960000              0.0000000              0.0000000              0.0000000              1.0000000              0.0000000        
      0.4630000              0.0000000              0.0000000              0.0000000              0.0000000              1.0000000        
He    D
     15.3320000              1.0000000              0.0000000              0.0000000              0.0000000        
      7.6660000              0.0000000              1.0000000              0.0000000              0.0000000        
      2.6470000              0.0000000              0.0000000              1.0000000              0.0000000        
      0.9140000              0.0000000              0.0000000              0.0000000              1.0000000        
He    F
      5.4110000              1.0000000              0.0000000        
      1.7070000              0.0000000              1.0000000        
He    G
      3.4300000              1.0000000        
end
basis "B_ccJ-pV5Z" SPHERICAL
B    S
 19522360.0000000            0.0014057              0.0000000              0.0000000              0.0000000              0.0000000              0.0000000              0.0000000              0.0000000              0.0000000              0.0000000              0.0000000        
 750860.0000000              0.0581647              0.0000000              0.0000000              0.0000000              0.0000000              0.0000000              0.0000000              0.0000000              0.0000000              0.0000000              0.0000000        
  68260.0000000              0.9404296              0.0000000              0.0000000              0.0000000              0.0000000              0.0000000              0.0000000              0.0000000              0.0000000              0.0000000              0.0000000        
  10230.0000000              0.0000000              0.0356670              0.0000000              0.0000000              0.0000000              0.0000000              0.0000000              0.0000000              0.0000000              0.0000000              0.0000000        
   2328.0000000              0.0000000              0.1858623              0.0000000              0.0000000              0.0000000              0.0000000              0.0000000              0.0000000              0.0000000              0.0000000              0.0000000        
    660.4000000              0.0000000              0.7784707              0.0000000              0.0000000              0.0000000              0.0000000              0.0000000              0.0000000              0.0000000              0.0000000              0.0000000        
    216.2000000              0.0000000              0.0000000              0.2469461              0.0000000              0.0000000              0.0000000              0.0000000              0.0000000              0.0000000              0.0000000              0.0000000        
     78.6000000              0.0000000              0.0000000              0.7530539              0.0000000              0.0000000              0.0000000              0.0000000              0.0000000              0.0000000              0.0000000              0.0000000        
     30.9800000              0.0000000              0.0000000              0.0000000              1.0000000              0.0000000              0.0000000              0.0000000              0.0000000              0.0000000              0.0000000              0.0000000        
     12.9600000              0.0000000              0.0000000              0.0000000              0.0000000              1.0000000              0.0000000              0.0000000              0.0000000              0.0000000              0.0000000              0.0000000        
      5.6590000              0.0000000              0.0000000              0.0000000              0.0000000              0.0000000              1.0000000              0.0000000              0.0000000              0.0000000              0.0000000              0.0000000        
      2.5560000              0.0000000              0.0000000              0.0000000              0.0000000              0.0000000              0.0000000              1.0000000              0.0000000              0.0000000              0.0000000              0.0000000        
      1.1750000              0.0000000              0.0000000              0.0000000              0.0000000              0.0000000              0.0000000              0.0000000              1.0000000              0.0000000              0.0000000              0.0000000        
      0.4249000              0.0000000              0.0000000              0.0000000              0.0000000              0.0000000              0.0000000              0.0000000              0.0000000              1.0000000              0.0000000              0.0000000        
      0.1712000              0.0000000              0.0000000              0.0000000              0.0000000              0.0000000              0.0000000              0.0000000              0.0000000              0.0000000              1.0000000              0.0000000        
      0.0691300              0.0000000              0.0000000              0.0000000              0.0000000              0.0000000              0.0000000              0.0000000              0.0000000              0.0000000              0.0000000              1.0000000        
B    P
    398.6400000              0.0062320              0.0000000              0.0000000              0.0000000              0.0000000              0.0000000              0.0000000        
     66.4400000              0.0994150              0.0000000              0.0000000              0.0000000              0.0000000              0.0000000              0.0000000        
     15.7100000              0.8943530              0.0000000              0.0000000              0.0000000              0.0000000              0.0000000              0.0000000        
      4.9360000              0.0000000              1.0000000              0.0000000              0.0000000              0.0000000              0.0000000              0.0000000        
      1.7700000              0.0000000              0.0000000              1.0000000              0.0000000              0.0000000              0.0000000              0.0000000        
      0.7008000              0.0000000              0.0000000              0.0000000              1.0000000              0.0000000              0.0000000              0.0000000        
      0.2901000              0.0000000              0.0000000              0.0000000              0.0000000              1.0000000              0.0000000              0.0000000        
      0.1211000              0.0000000              0.0000000              0.0000000              0.0000000              0.0000000              1.0000000              0.0000000        
      0.0497300              0.0000000              0.0000000              0.0000000              0.0000000              0.0000000              0.0000000              1.0000000        
B    D
      8.0400000              1.0000000              0.0000000              0.0000000              0.0000000              0.0000000        
      2.0100000              0.0000000              1.0000000              0.0000000              0.0000000              0.0000000        
      0.7960000              0.0000000              0.0000000              1.0000000              0.0000000              0.0000000        
      0.3160000              0.0000000              0.0000000              0.0000000              1.0000000              0.0000000        
      0.1250000              0.0000000              0.0000000              0.0000000              0.0000000              1.0000000        
B    F
      1.2150000              1.0000000              0.0000000              0.0000000        
      0.5250000              0.0000000              1.0000000              0.0000000        
      0.2270000              0.0000000              0.0000000              1.0000000        
B    G
      1.1240000              1.0000000              0.0000000        
      0.4610000              0.0000000              1.0000000        
B    H
      0.8340000              1.0000000        
end
basis "C_ccJ-pV5Z" SPHERICAL
C    S
 27676220.0000000            0.0014055              0.0000000              0.0000000              0.0000000              0.0000000              0.0000000              0.0000000              0.0000000              0.0000000              0.0000000              0.0000000        
 1064470.0000000             0.0581491              0.0000000              0.0000000              0.0000000              0.0000000              0.0000000              0.0000000              0.0000000              0.0000000              0.0000000              0.0000000        
  96770.0000000              0.9404453              0.0000000              0.0000000              0.0000000              0.0000000              0.0000000              0.0000000              0.0000000              0.0000000              0.0000000              0.0000000        
  14500.0000000              0.0000000              0.0356434              0.0000000              0.0000000              0.0000000              0.0000000              0.0000000              0.0000000              0.0000000              0.0000000              0.0000000        
   3300.0000000              0.0000000              0.1857402              0.0000000              0.0000000              0.0000000              0.0000000              0.0000000              0.0000000              0.0000000              0.0000000              0.0000000        
    935.8000000              0.0000000              0.7786164              0.0000000              0.0000000              0.0000000              0.0000000              0.0000000              0.0000000              0.0000000              0.0000000              0.0000000        
    306.2000000              0.0000000              0.0000000              0.2469629              0.0000000              0.0000000              0.0000000              0.0000000              0.0000000              0.0000000              0.0000000              0.0000000        
    111.3000000              0.0000000              0.0000000              0.7530371              0.0000000              0.0000000              0.0000000              0.0000000              0.0000000              0.0000000              0.0000000              0.0000000        
     43.9000000              0.0000000              0.0000000              0.0000000              1.0000000              0.0000000              0.0000000              0.0000000              0.0000000              0.0000000              0.0000000              0.0000000        
     18.4000000              0.0000000              0.0000000              0.0000000              0.0000000              1.0000000              0.0000000              0.0000000              0.0000000              0.0000000              0.0000000              0.0000000        
      8.0540000              0.0000000              0.0000000              0.0000000              0.0000000              0.0000000              1.0000000              0.0000000              0.0000000              0.0000000              0.0000000              0.0000000        
      3.6370000              0.0000000              0.0000000              0.0000000              0.0000000              0.0000000              0.0000000              1.0000000              0.0000000              0.0000000              0.0000000              0.0000000        
      1.6560000              0.0000000              0.0000000              0.0000000              0.0000000              0.0000000              0.0000000              0.0000000              1.0000000              0.0000000              0.0000000              0.0000000        
      0.6333000              0.0000000              0.0000000              0.0000000              0.0000000              0.0000000              0.0000000              0.0000000              0.0000000              1.0000000              0.0000000              0.0000000        
      0.2545000              0.0000000              0.0000000              0.0000000              0.0000000              0.0000000              0.0000000              0.0000000              0.0000000              0.0000000              1.0000000              0.0000000        
      0.1019000              0.0000000              0.0000000              0.0000000              0.0000000              0.0000000              0.0000000              0.0000000              0.0000000              0.0000000              0.0000000              1.0000000        
C    P
    610.8000000              0.0059086              0.0000000              0.0000000              0.0000000              0.0000000              0.0000000              0.0000000        
    101.8000000              0.1048948              0.0000000              0.0000000              0.0000000              0.0000000              0.0000000              0.0000000        
     24.0400000              0.8891966              0.0000000              0.0000000              0.0000000              0.0000000              0.0000000              0.0000000        
      7.5710000              0.0000000              1.0000000              0.0000000              0.0000000              0.0000000              0.0000000              0.0000000        
      2.7320000              0.0000000              0.0000000              1.0000000              0.0000000              0.0000000              0.0000000              0.0000000        
      1.0850000              0.0000000              0.0000000              0.0000000              1.0000000              0.0000000              0.0000000              0.0000000        
      0.4496000              0.0000000              0.0000000              0.0000000              0.0000000              1.0000000              0.0000000              0.0000000        
      0.1876000              0.0000000              0.0000000              0.0000000              0.0000000              0.0000000              1.0000000              0.0000000        
      0.0760600              0.0000000              0.0000000              0.0000000              0.0000000              0.0000000              0.0000000              1.0000000        
C    D
     12.5360000              1.0000000              0.0000000              0.0000000              0.0000000              0.0000000        
      3.1340000              0.0000000              1.0000000              0.0000000              0.0000000              0.0000000        
      1.2330000              0.0000000              0.0000000              1.0000000              0.0000000              0.0000000        
      0.4850000              0.0000000              0.0000000              0.0000000              1.0000000              0.0000000        
      0.1910000              0.0000000              0.0000000              0.0000000              0.0000000              1.0000000        
C    F
      2.0060000              1.0000000              0.0000000              0.0000000        
      0.8380000              0.0000000              1.0000000              0.0000000        
      0.3500000              0.0000000              0.0000000              1.0000000        
C    G
      1.7530000              1.0000000              0.0000000        
      0.6780000              0.0000000              1.0000000        
C    H
      1.2590000              1.0000000        
end
basis "N_ccJ-pV5Z" SPHERICAL
N    S
 36951200.0000000            0.0014052              0.0000000              0.0000000              0.0000000              0.0000000              0.0000000              0.0000000              0.0000000              0.0000000              0.0000000              0.0000000        
 1421200.0000000             0.0581070              0.0000000              0.0000000              0.0000000              0.0000000              0.0000000              0.0000000              0.0000000              0.0000000              0.0000000              0.0000000        
 129200.0000000              0.9404878              0.0000000              0.0000000              0.0000000              0.0000000              0.0000000              0.0000000              0.0000000              0.0000000              0.0000000              0.0000000        
  19350.0000000              0.0000000              0.0355997              0.0000000              0.0000000              0.0000000              0.0000000              0.0000000              0.0000000              0.0000000              0.0000000              0.0000000        
   4404.0000000              0.0000000              0.1855946              0.0000000              0.0000000              0.0000000              0.0000000              0.0000000              0.0000000              0.0000000              0.0000000              0.0000000        
   1248.0000000              0.0000000              0.7788057              0.0000000              0.0000000              0.0000000              0.0000000              0.0000000              0.0000000              0.0000000              0.0000000              0.0000000        
    408.0000000              0.0000000              0.0000000              0.2470537              0.0000000              0.0000000              0.0000000              0.0000000              0.0000000              0.0000000              0.0000000              0.0000000        
    148.2000000              0.0000000              0.0000000              0.7529463              0.0000000              0.0000000              0.0000000              0.0000000              0.0000000              0.0000000              0.0000000              0.0000000        
     58.5000000              0.0000000              0.0000000              0.0000000              1.0000000              0.0000000              0.0000000              0.0000000              0.0000000              0.0000000              0.0000000              0.0000000        
     24.5900000              0.0000000              0.0000000              0.0000000              0.0000000              1.0000000              0.0000000              0.0000000              0.0000000              0.0000000              0.0000000              0.0000000        
     10.8100000              0.0000000              0.0000000              0.0000000              0.0000000              0.0000000              1.0000000              0.0000000              0.0000000              0.0000000              0.0000000              0.0000000        
      4.8820000              0.0000000              0.0000000              0.0000000              0.0000000              0.0000000              0.0000000              1.0000000              0.0000000              0.0000000              0.0000000              0.0000000        
      2.1950000              0.0000000              0.0000000              0.0000000              0.0000000              0.0000000              0.0000000              0.0000000              1.0000000              0.0000000              0.0000000              0.0000000        
      0.8715000              0.0000000              0.0000000              0.0000000              0.0000000              0.0000000              0.0000000              0.0000000              0.0000000              1.0000000              0.0000000              0.0000000        
      0.3504000              0.0000000              0.0000000              0.0000000              0.0000000              0.0000000              0.0000000              0.0000000              0.0000000              0.0000000              1.0000000              0.0000000        
      0.1397000              0.0000000              0.0000000              0.0000000              0.0000000              0.0000000              0.0000000              0.0000000              0.0000000              0.0000000              0.0000000              1.0000000        
N    P
    882.0000000              0.0057527              0.0000000              0.0000000              0.0000000              0.0000000              0.0000000              0.0000000        
    147.0000000              0.1066984              0.0000000              0.0000000              0.0000000              0.0000000              0.0000000              0.0000000        
     34.7600000              0.8875489              0.0000000              0.0000000              0.0000000              0.0000000              0.0000000              0.0000000        
     11.0000000              0.0000000              1.0000000              0.0000000              0.0000000              0.0000000              0.0000000              0.0000000        
      3.9950000              0.0000000              0.0000000              1.0000000              0.0000000              0.0000000              0.0000000              0.0000000        
      1.5870000              0.0000000              0.0000000              0.0000000              1.0000000              0.0000000              0.0000000              0.0000000        
      0.6533000              0.0000000              0.0000000              0.0000000              0.0000000              1.0000000              0.0000000              0.0000000        
      0.2686000              0.0000000              0.0000000              0.0000000              0.0000000              0.0000000              1.0000000              0.0000000        
      0.1067000              0.0000000              0.0000000              0.0000000              0.0000000              0.0000000              0.0000000              1.0000000        
N    D
     18.5880000              1.0000000              0.0000000              0.0000000              0.0000000              0.0000000        
      4.6470000              0.0000000              1.0000000              0.0000000              0.0000000              0.0000000        
      1.8130000              0.0000000              0.0000000              1.0000000              0.0000000              0.0000000        
      0.7070000              0.0000000              0.0000000              0.0000000              1.0000000              0.0000000        
      0.2760000              0.0000000              0.0000000              0.0000000              0.0000000              1.0000000        
N    F
      2.9420000              1.0000000              0.0000000              0.0000000        
      1.2040000              0.0000000              1.0000000              0.0000000        
      0.4930000              0.0000000              0.0000000              1.0000000        
N    G
      2.5110000              1.0000000              0.0000000        
      0.9420000              0.0000000              1.0000000        
N    H
      1.7680000              1.0000000        
end
basis "O_ccJ-pV5Z" SPHERICAL
O    S
 46961200.0000000            0.0014053              0.0000000              0.0000000              0.0000000              0.0000000              0.0000000              0.0000000              0.0000000              0.0000000              0.0000000              0.0000000        
 1806200.0000000             0.0581215              0.0000000              0.0000000              0.0000000              0.0000000              0.0000000              0.0000000              0.0000000              0.0000000              0.0000000              0.0000000        
 164200.0000000              0.9404732              0.0000000              0.0000000              0.0000000              0.0000000              0.0000000              0.0000000              0.0000000              0.0000000              0.0000000              0.0000000        
  24590.0000000              0.0000000              0.0354667              0.0000000              0.0000000              0.0000000              0.0000000              0.0000000              0.0000000              0.0000000              0.0000000              0.0000000        
   5592.0000000              0.0000000              0.1851488              0.0000000              0.0000000              0.0000000              0.0000000              0.0000000              0.0000000              0.0000000              0.0000000              0.0000000        
   1582.0000000              0.0000000              0.7793845              0.0000000              0.0000000              0.0000000              0.0000000              0.0000000              0.0000000              0.0000000              0.0000000              0.0000000        
    516.1000000              0.0000000              0.0000000              0.2470506              0.0000000              0.0000000              0.0000000              0.0000000              0.0000000              0.0000000              0.0000000              0.0000000        
    187.2000000              0.0000000              0.0000000              0.7529494              0.0000000              0.0000000              0.0000000              0.0000000              0.0000000              0.0000000              0.0000000              0.0000000        
     73.9300000              0.0000000              0.0000000              0.0000000              1.0000000              0.0000000              0.0000000              0.0000000              0.0000000              0.0000000              0.0000000              0.0000000        
     31.2200000              0.0000000              0.0000000              0.0000000              0.0000000              1.0000000              0.0000000              0.0000000              0.0000000              0.0000000              0.0000000              0.0000000        
     13.8100000              0.0000000              0.0000000              0.0000000              0.0000000              0.0000000              1.0000000              0.0000000              0.0000000              0.0000000              0.0000000              0.0000000        
      6.2560000              0.0000000              0.0000000              0.0000000              0.0000000              0.0000000              0.0000000              1.0000000              0.0000000              0.0000000              0.0000000              0.0000000        
      2.7760000              0.0000000              0.0000000              0.0000000              0.0000000              0.0000000              0.0000000              0.0000000              1.0000000              0.0000000              0.0000000              0.0000000        
      1.1380000              0.0000000              0.0000000              0.0000000              0.0000000              0.0000000              0.0000000              0.0000000              0.0000000              1.0000000              0.0000000              0.0000000        
      0.4600000              0.0000000              0.0000000              0.0000000              0.0000000              0.0000000              0.0000000              0.0000000              0.0000000              0.0000000              1.0000000              0.0000000        
      0.1829000              0.0000000              0.0000000              0.0000000              0.0000000              0.0000000              0.0000000              0.0000000              0.0000000              0.0000000              0.0000000              1.0000000        
O    P
   1173.0000000              0.0056715              0.0000000              0.0000000              0.0000000              0.0000000              0.0000000              0.0000000        
    195.5000000              0.1054256              0.0000000              0.0000000              0.0000000              0.0000000              0.0000000              0.0000000        
     46.1600000              0.8889028              0.0000000              0.0000000              0.0000000              0.0000000              0.0000000              0.0000000        
     14.5800000              0.0000000              1.0000000              0.0000000              0.0000000              0.0000000              0.0000000              0.0000000        
      5.2960000              0.0000000              0.0000000              1.0000000              0.0000000              0.0000000              0.0000000              0.0000000        
      2.0940000              0.0000000              0.0000000              0.0000000              1.0000000              0.0000000              0.0000000              0.0000000        
      0.8471000              0.0000000              0.0000000              0.0000000              0.0000000              1.0000000              0.0000000              0.0000000        
      0.3368000              0.0000000              0.0000000              0.0000000              0.0000000              0.0000000              1.0000000              0.0000000        
      0.1285000              0.0000000              0.0000000              0.0000000              0.0000000              0.0000000              0.0000000              1.0000000        
O    D
     23.5160000              1.0000000              0.0000000              0.0000000              0.0000000              0.0000000        
      5.8790000              0.0000000              1.0000000              0.0000000              0.0000000              0.0000000        
      2.3070000              0.0000000              0.0000000              1.0000000              0.0000000              0.0000000        
      0.9050000              0.0000000              0.0000000              0.0000000              1.0000000              0.0000000        
      0.3550000              0.0000000              0.0000000              0.0000000              0.0000000              1.0000000        
O    F
      4.0160000              1.0000000              0.0000000              0.0000000        
      1.5540000              0.0000000              1.0000000              0.0000000        
      0.6010000              0.0000000              0.0000000              1.0000000        
O    G
      3.3500000              1.0000000              0.0000000        
      1.1890000              0.0000000              1.0000000        
O    H
      2.3190000              1.0000000        
end
basis "F_ccJ-pV5Z" SPHERICAL
F    S
 60460400.0000000            0.0014054              0.0000000              0.0000000              0.0000000              0.0000000              0.0000000              0.0000000              0.0000000              0.0000000              0.0000000              0.0000000        
 2325400.0000000             0.0581363              0.0000000              0.0000000              0.0000000              0.0000000              0.0000000              0.0000000              0.0000000              0.0000000              0.0000000              0.0000000        
 211400.0000000              0.9404583              0.0000000              0.0000000              0.0000000              0.0000000              0.0000000              0.0000000              0.0000000              0.0000000              0.0000000              0.0000000        
  31660.0000000              0.0000000              0.0355531              0.0000000              0.0000000              0.0000000              0.0000000              0.0000000              0.0000000              0.0000000              0.0000000              0.0000000        
   7202.0000000              0.0000000              0.1853631              0.0000000              0.0000000              0.0000000              0.0000000              0.0000000              0.0000000              0.0000000              0.0000000              0.0000000        
   2040.0000000              0.0000000              0.7790839              0.0000000              0.0000000              0.0000000              0.0000000              0.0000000              0.0000000              0.0000000              0.0000000              0.0000000        
    666.4000000              0.0000000              0.0000000              0.2467878              0.0000000              0.0000000              0.0000000              0.0000000              0.0000000              0.0000000              0.0000000              0.0000000        
    242.0000000              0.0000000              0.0000000              0.7532122              0.0000000              0.0000000              0.0000000              0.0000000              0.0000000              0.0000000              0.0000000              0.0000000        
     95.5300000              0.0000000              0.0000000              0.0000000              1.0000000              0.0000000              0.0000000              0.0000000              0.0000000              0.0000000              0.0000000              0.0000000        
     40.2300000              0.0000000              0.0000000              0.0000000              0.0000000              1.0000000              0.0000000              0.0000000              0.0000000              0.0000000              0.0000000              0.0000000        
     17.7200000              0.0000000              0.0000000              0.0000000              0.0000000              0.0000000              1.0000000              0.0000000              0.0000000              0.0000000              0.0000000              0.0000000        
      8.0050000              0.0000000              0.0000000              0.0000000              0.0000000              0.0000000              0.0000000              1.0000000              0.0000000              0.0000000              0.0000000              0.0000000        
      3.5380000              0.0000000              0.0000000              0.0000000              0.0000000              0.0000000              0.0000000              0.0000000              1.0000000              0.0000000              0.0000000              0.0000000        
      1.4580000              0.0000000              0.0000000              0.0000000              0.0000000              0.0000000              0.0000000              0.0000000              0.0000000              1.0000000              0.0000000              0.0000000        
      0.5887000              0.0000000              0.0000000              0.0000000              0.0000000              0.0000000              0.0000000              0.0000000              0.0000000              0.0000000              1.0000000              0.0000000        
      0.2324000              0.0000000              0.0000000              0.0000000              0.0000000              0.0000000              0.0000000              0.0000000              0.0000000              0.0000000              0.0000000              1.0000000        
F    P
   1451.4000000              0.0056735              0.0000000              0.0000000              0.0000000              0.0000000              0.0000000              0.0000000        
    241.9000000              0.1054830              0.0000000              0.0000000              0.0000000              0.0000000              0.0000000              0.0000000        
     57.1700000              0.8888435              0.0000000              0.0000000              0.0000000              0.0000000              0.0000000              0.0000000        
     18.1300000              0.0000000              1.0000000              0.0000000              0.0000000              0.0000000              0.0000000              0.0000000        
      6.6240000              0.0000000              0.0000000              1.0000000              0.0000000              0.0000000              0.0000000              0.0000000        
      2.6220000              0.0000000              0.0000000              0.0000000              1.0000000              0.0000000              0.0000000              0.0000000        
      1.0570000              0.0000000              0.0000000              0.0000000              0.0000000              1.0000000              0.0000000              0.0000000        
      0.4176000              0.0000000              0.0000000              0.0000000              0.0000000              0.0000000              1.0000000              0.0000000        
      0.1574000              0.0000000              0.0000000              0.0000000              0.0000000              0.0000000              0.0000000              1.0000000        
F    D
     31.0400000              1.0000000              0.0000000              0.0000000              0.0000000              0.0000000        
      7.7600000              0.0000000              1.0000000              0.0000000              0.0000000              0.0000000        
      3.0320000              0.0000000              0.0000000              1.0000000              0.0000000              0.0000000        
      1.1850000              0.0000000              0.0000000              0.0000000              1.0000000              0.0000000        
      0.4630000              0.0000000              0.0000000              0.0000000              0.0000000              1.0000000        
F    F
      5.3980000              1.0000000              0.0000000              0.0000000        
      2.0780000              0.0000000              1.0000000              0.0000000        
      0.8000000              0.0000000              0.0000000              1.0000000        
F    G
      4.3380000              1.0000000              0.0000000        
      1.5130000              0.0000000              1.0000000        
F    H
      2.9950000              1.0000000        
end
basis "Ne_ccJ-pV5Z" SPHERICAL
Ne    S
 75132200.0000000            0.0014053              0.0000000              0.0000000              0.0000000              0.0000000              0.0000000              0.0000000              0.0000000              0.0000000              0.0000000              0.0000000        
 2889700.0000000             0.0581216              0.0000000              0.0000000              0.0000000              0.0000000              0.0000000              0.0000000              0.0000000              0.0000000              0.0000000              0.0000000        
 262700.0000000              0.9404731              0.0000000              0.0000000              0.0000000              0.0000000              0.0000000              0.0000000              0.0000000              0.0000000              0.0000000              0.0000000        
  39350.0000000              0.0000000              0.0356024              0.0000000              0.0000000              0.0000000              0.0000000              0.0000000              0.0000000              0.0000000              0.0000000              0.0000000        
   8955.0000000              0.0000000              0.1856172              0.0000000              0.0000000              0.0000000              0.0000000              0.0000000              0.0000000              0.0000000              0.0000000              0.0000000        
   2538.0000000              0.0000000              0.7787804              0.0000000              0.0000000              0.0000000              0.0000000              0.0000000              0.0000000              0.0000000              0.0000000              0.0000000        
    829.9000000              0.0000000              0.0000000              0.2467751              0.0000000              0.0000000              0.0000000              0.0000000              0.0000000              0.0000000              0.0000000              0.0000000        
    301.5000000              0.0000000              0.0000000              0.7532249              0.0000000              0.0000000              0.0000000              0.0000000              0.0000000              0.0000000              0.0000000              0.0000000        
    119.0000000              0.0000000              0.0000000              0.0000000              1.0000000              0.0000000              0.0000000              0.0000000              0.0000000              0.0000000              0.0000000              0.0000000        
     50.0000000              0.0000000              0.0000000              0.0000000              0.0000000              1.0000000              0.0000000              0.0000000              0.0000000              0.0000000              0.0000000              0.0000000        
     21.9800000              0.0000000              0.0000000              0.0000000              0.0000000              0.0000000              1.0000000              0.0000000              0.0000000              0.0000000              0.0000000              0.0000000        
      9.8910000              0.0000000              0.0000000              0.0000000              0.0000000              0.0000000              0.0000000              1.0000000              0.0000000              0.0000000              0.0000000              0.0000000        
      4.3270000              0.0000000              0.0000000              0.0000000              0.0000000              0.0000000              0.0000000              0.0000000              1.0000000              0.0000000              0.0000000              0.0000000        
      1.8040000              0.0000000              0.0000000              0.0000000              0.0000000              0.0000000              0.0000000              0.0000000              0.0000000              1.0000000              0.0000000              0.0000000        
      0.7288000              0.0000000              0.0000000              0.0000000              0.0000000              0.0000000              0.0000000              0.0000000              0.0000000              0.0000000              1.0000000              0.0000000        
      0.2867000              0.0000000              0.0000000              0.0000000              0.0000000              0.0000000              0.0000000              0.0000000              0.0000000              0.0000000              0.0000000              1.0000000        
Ne    P
   1794.6000000              0.0056556              0.0000000              0.0000000              0.0000000              0.0000000              0.0000000              0.0000000        
    299.1000000              0.1051674              0.0000000              0.0000000              0.0000000              0.0000000              0.0000000              0.0000000        
     70.7300000              0.8891770              0.0000000              0.0000000              0.0000000              0.0000000              0.0000000              0.0000000        
     22.4800000              0.0000000              1.0000000              0.0000000              0.0000000              0.0000000              0.0000000              0.0000000        
      8.2460000              0.0000000              0.0000000              1.0000000              0.0000000              0.0000000              0.0000000              0.0000000        
      3.2690000              0.0000000              0.0000000              0.0000000              1.0000000              0.0000000              0.0000000              0.0000000        
      1.3150000              0.0000000              0.0000000              0.0000000              0.0000000              1.0000000              0.0000000              0.0000000        
      0.5158000              0.0000000              0.0000000              0.0000000              0.0000000              0.0000000              1.0000000              0.0000000        
      0.1918000              0.0000000              0.0000000              0.0000000              0.0000000              0.0000000              0.0000000              1.0000000        
Ne    D
     39.3480000              1.0000000              0.0000000              0.0000000              0.0000000              0.0000000        
      9.8370000              0.0000000              1.0000000              0.0000000              0.0000000              0.0000000        
      3.8440000              0.0000000              0.0000000              1.0000000              0.0000000              0.0000000        
      1.5020000              0.0000000              0.0000000              0.0000000              1.0000000              0.0000000        
      0.5870000              0.0000000              0.0000000              0.0000000              0.0000000              1.0000000        
Ne    F
      7.0900000              1.0000000              0.0000000              0.0000000        
      2.7380000              0.0000000              1.0000000              0.0000000        
      1.0570000              0.0000000              0.0000000              1.0000000        
Ne    G
      5.4600000              1.0000000              0.0000000        
      1.8800000              0.0000000              1.0000000        
Ne    H
      3.7760000              1.0000000        
end
