#  ccJ-pVDZ  EMSL  Basis Set Exchange Library  2/3/10 5:24 PM
# Elements                             References
# --------                             ----------
# H He B C N O F Ne: Udo Benedikt, Alexander A. Auer, Frank Jensen, Optimization of Augmentation Functions for Correlated Calculations of Spin-Spin Coupling Constants and Related Properties, J. Chem. Phys. 129, 064111 (2008).
# 



basis "H_ccJ-pVDZ" SPHERICAL
H    S
   3434.6400000              0.0250607              0.0000000              0.0000000              0.0000000        
    143.1100000              0.9749393              0.0000000              0.0000000              0.0000000        
     13.0100000              0.0000000              0.1193634              0.0000000              0.0000000        
      1.9620000              0.0000000              0.8806366              0.0000000              0.0000000        
      0.4446000              0.0000000              0.0000000              1.0000000              0.0000000        
      0.1220000              0.0000000              0.0000000              0.0000000              1.0000000        
H    P
      7.2700000              1.0000000              0.0000000        
      0.7270000              0.0000000              1.0000000        
end
basis "He_ccJ-pVDZ" SPHERICAL
He    S
  10127.0400000              0.0250452              0.0000000              0.0000000              0.0000000        
    421.9600000              0.9749548              0.0000000              0.0000000              0.0000000        
     38.3600000              0.0000000              0.1275443              0.0000000              0.0000000        
      5.7700000              0.0000000              0.8724557              0.0000000              0.0000000        
      1.2400000              0.0000000              0.0000000              1.0000000              0.0000000        
      0.2976000              0.0000000              0.0000000              0.0000000              1.0000000        
He    P
     12.7500000              1.0000000              0.0000000        
      1.2750000              0.0000000              1.0000000        
end
basis "B_ccJ-pVDZ" SPHERICAL
B    S
 1307020.0000000             0.0014071              0.0000000              0.0000000              0.0000000              0.0000000              0.0000000        
  50270.0000000              0.0582512              0.0000000              0.0000000              0.0000000              0.0000000              0.0000000        
   4570.0000000              0.9403417              0.0000000              0.0000000              0.0000000              0.0000000              0.0000000        
    685.9000000              0.0000000              0.0402247              0.0000000              0.0000000              0.0000000              0.0000000        
    156.5000000              0.0000000              0.2023862              0.0000000              0.0000000              0.0000000              0.0000000        
     44.4700000              0.0000000              0.7573890              0.0000000              0.0000000              0.0000000              0.0000000        
     14.4800000              0.0000000              0.0000000              0.3775699              0.0000000              0.0000000              0.0000000        
      5.1310000              0.0000000              0.0000000              0.6224301              0.0000000              0.0000000              0.0000000        
      1.8980000              0.0000000              0.0000000              0.0000000              1.0000000              0.0000000              0.0000000        
      0.3329000              0.0000000              0.0000000              0.0000000              0.0000000              1.0000000              0.0000000        
      0.1043000              0.0000000              0.0000000              0.0000000              0.0000000              0.0000000              1.0000000        
B    P
     36.0060000              0.0114809              0.0000000              0.0000000        
      6.0010000              0.1380892              0.0000000              0.0000000        
      1.2410000              0.8504299              0.0000000              0.0000000        
      0.3364000              0.0000000              1.0000000              0.0000000        
      0.0953800              0.0000000              0.0000000              1.0000000        
B    D
      1.3720000              1.0000000              0.0000000        
      0.3430000              0.0000000              1.0000000        
end
basis "C_ccJ-pVDZ" SPHERICAL
C    S
 1906190.0000000             0.0014070              0.0000000              0.0000000              0.0000000              0.0000000              0.0000000        
  73315.0000000              0.0582387              0.0000000              0.0000000              0.0000000              0.0000000              0.0000000        
   6665.0000000              0.9403543              0.0000000              0.0000000              0.0000000              0.0000000              0.0000000        
   1000.0000000              0.0000000              0.0399666              0.0000000              0.0000000              0.0000000              0.0000000        
    228.0000000              0.0000000              0.2015755              0.0000000              0.0000000              0.0000000              0.0000000        
     64.7100000              0.0000000              0.7584579              0.0000000              0.0000000              0.0000000              0.0000000        
     21.0600000              0.0000000              0.0000000              0.3797990              0.0000000              0.0000000              0.0000000        
      7.4950000              0.0000000              0.0000000              0.6202010              0.0000000              0.0000000              0.0000000        
      2.7970000              0.0000000              0.0000000              0.0000000              1.0000000              0.0000000              0.0000000        
      0.5215000              0.0000000              0.0000000              0.0000000              0.0000000              1.0000000              0.0000000        
      0.1596000              0.0000000              0.0000000              0.0000000              0.0000000              0.0000000              1.0000000        
C    P
     56.6340000              0.0110482              0.0000000              0.0000000        
      9.4390000              0.1444793              0.0000000              0.0000000        
      2.0020000              0.8444725              0.0000000              0.0000000        
      0.5456000              0.0000000              1.0000000              0.0000000        
      0.1517000              0.0000000              0.0000000              1.0000000        
C    D
      2.2000000              1.0000000              0.0000000        
      0.5500000              0.0000000              1.0000000        
end
basis "N_ccJ-pVDZ" SPHERICAL
N    S
 2587156.0000000             0.0014069              0.0000000              0.0000000              0.0000000              0.0000000              0.0000000        
  99506.0000000              0.0582342              0.0000000              0.0000000              0.0000000              0.0000000              0.0000000        
   9046.0000000              0.9403589              0.0000000              0.0000000              0.0000000              0.0000000              0.0000000        
   1357.0000000              0.0000000              0.0398601              0.0000000              0.0000000              0.0000000              0.0000000        
    309.3000000              0.0000000              0.2012109              0.0000000              0.0000000              0.0000000              0.0000000        
     87.7300000              0.0000000              0.7589289              0.0000000              0.0000000              0.0000000              0.0000000        
     28.5600000              0.0000000              0.0000000              0.3832086              0.0000000              0.0000000              0.0000000        
     10.2100000              0.0000000              0.0000000              0.6167913              0.0000000              0.0000000              0.0000000        
      3.8380000              0.0000000              0.0000000              0.0000000              1.0000000              0.0000000              0.0000000        
      0.7466000              0.0000000              0.0000000              0.0000000              0.0000000              1.0000000              0.0000000        
      0.2248000              0.0000000              0.0000000              0.0000000              0.0000000              0.0000000              1.0000000        
N    P
     81.3000000              0.0107750              0.0000000              0.0000000        
     13.5500000              0.1478687              0.0000000              0.0000000        
      2.9170000              0.8413563              0.0000000              0.0000000        
      0.7973000              0.0000000              1.0000000              0.0000000        
      0.2185000              0.0000000              0.0000000              1.0000000        
N    D
      3.2680000              1.0000000              0.0000000        
      0.8170000              0.0000000              1.0000000        
end
basis "O_ccJ-pVDZ" SPHERICAL
O    S
 3351920.0000000             0.0014072              0.0000000              0.0000000              0.0000000              0.0000000              0.0000000        
 128920.0000000              0.0582671              0.0000000              0.0000000              0.0000000              0.0000000              0.0000000        
  11720.0000000              0.9403257              0.0000000              0.0000000              0.0000000              0.0000000              0.0000000        
   1759.0000000              0.0000000              0.0398440              0.0000000              0.0000000              0.0000000              0.0000000        
    400.8000000              0.0000000              0.2012606              0.0000000              0.0000000              0.0000000              0.0000000        
    113.7000000              0.0000000              0.7588954              0.0000000              0.0000000              0.0000000              0.0000000        
     37.0300000              0.0000000              0.0000000              0.3867732              0.0000000              0.0000000              0.0000000        
     13.2700000              0.0000000              0.0000000              0.6132268              0.0000000              0.0000000              0.0000000        
      5.0250000              0.0000000              0.0000000              0.0000000              1.0000000              0.0000000              0.0000000        
      1.0130000              0.0000000              0.0000000              0.0000000              0.0000000              1.0000000              0.0000000        
      0.3023000              0.0000000              0.0000000              0.0000000              0.0000000              0.0000000              1.0000000        
O    P
    106.2000000              0.0108504              0.0000000              0.0000000        
     17.7000000              0.1506863              0.0000000              0.0000000        
      3.8540000              0.8384633              0.0000000              0.0000000        
      1.0460000              0.0000000              1.0000000              0.0000000        
      0.2753000              0.0000000              0.0000000              1.0000000        
O    D
      4.7400000              1.0000000              0.0000000        
      1.1850000              0.0000000              1.0000000        
end
basis "F_ccJ-pVDZ" SPHERICAL
F    S
 4207060.0000000             0.0014070              0.0000000              0.0000000              0.0000000              0.0000000              0.0000000        
 161810.0000000              0.0582475              0.0000000              0.0000000              0.0000000              0.0000000              0.0000000        
  14710.0000000              0.9403455              0.0000000              0.0000000              0.0000000              0.0000000              0.0000000        
   2207.0000000              0.0000000              0.0398251              0.0000000              0.0000000              0.0000000              0.0000000        
    502.8000000              0.0000000              0.2012282              0.0000000              0.0000000              0.0000000              0.0000000        
    142.6000000              0.0000000              0.7589468              0.0000000              0.0000000              0.0000000              0.0000000        
     46.4700000              0.0000000              0.0000000              0.3899414              0.0000000              0.0000000              0.0000000        
     16.7000000              0.0000000              0.0000000              0.6100586              0.0000000              0.0000000              0.0000000        
      6.3560000              0.0000000              0.0000000              0.0000000              1.0000000              0.0000000              0.0000000        
      1.3160000              0.0000000              0.0000000              0.0000000              0.0000000              1.0000000              0.0000000        
      0.3897000              0.0000000              0.0000000              0.0000000              0.0000000              0.0000000              1.0000000        
F    P
    136.0200000              0.0108528              0.0000000              0.0000000        
     22.6700000              0.1524521              0.0000000              0.0000000        
      4.9770000              0.8366950              0.0000000              0.0000000        
      1.3470000              0.0000000              1.0000000              0.0000000        
      0.3471000              0.0000000              0.0000000              1.0000000        
F    D
      6.5600000              1.0000000              0.0000000        
      1.6400000              0.0000000              1.0000000        
end
basis "Ne_ccJ-pVDZ" SPHERICAL
Ne    S
 5113680.0000000             0.0014070              0.0000000              0.0000000              0.0000000              0.0000000              0.0000000        
 196680.0000000              0.0582384              0.0000000              0.0000000              0.0000000              0.0000000              0.0000000        
  17880.0000000              0.9403546              0.0000000              0.0000000              0.0000000              0.0000000              0.0000000        
   2683.0000000              0.0000000              0.0399070              0.0000000              0.0000000              0.0000000              0.0000000        
    611.5000000              0.0000000              0.2015361              0.0000000              0.0000000              0.0000000              0.0000000        
    173.5000000              0.0000000              0.7585569              0.0000000              0.0000000              0.0000000              0.0000000        
     56.6400000              0.0000000              0.0000000              0.3934842              0.0000000              0.0000000              0.0000000        
     20.4200000              0.0000000              0.0000000              0.6065158              0.0000000              0.0000000              0.0000000        
      7.8100000              0.0000000              0.0000000              0.0000000              1.0000000              0.0000000              0.0000000        
      1.6530000              0.0000000              0.0000000              0.0000000              0.0000000              1.0000000              0.0000000        
      0.4869000              0.0000000              0.0000000              0.0000000              0.0000000              0.0000000              1.0000000        
Ne    P
    170.3400000              0.0108240              0.0000000              0.0000000        
     28.3900000              0.1535571              0.0000000              0.0000000        
      6.2700000              0.8356189              0.0000000              0.0000000        
      1.6950000              0.0000000              1.0000000              0.0000000        
      0.4317000              0.0000000              0.0000000              1.0000000        
Ne    D
      8.8080000              1.0000000              0.0000000        
      2.2020000              0.0000000              1.0000000        
end
