#  LANL2TZ+  EMSL  Basis Set Exchange Library  2/3/10 5:24 PM
# Elements                             References
# --------                             ----------
# Sc   Ti   V   Cr   Mn   Fe   Co   Ni   Cu   Zn: P.J. Hay and W.R. Wadt, J. Chem. Phys. 82, 299 (1985).
# Sc   Ti   V   Cr   Mn   Fe   Co   Ni   Cu   Zn: L.E. Roy, P.J. Hay, and R.L. Martin, J. Chem. Theory Comput. 4, 1029 (2008).
# 



basis "Sc_LANL2TZ+" SPHERICAL
Sc    S
      3.7170000              1.0000000              0.0000000              0.0000000              0.0000000              0.0000000        
      1.0970000              0.0000000              1.0000000              0.0000000              0.0000000              0.0000000        
      0.4164000              0.0000000              0.0000000              1.0000000              0.0000000              0.0000000        
      0.0761000              0.0000000              0.0000000              0.0000000              1.0000000              0.0000000        
      0.0284000              0.0000000              0.0000000              0.0000000              0.0000000              1.0000000        
Sc    P
     10.4000000              1.0000000              0.0000000              0.0000000              0.0000000              0.0000000        
      1.3110000              0.0000000              1.0000000              0.0000000              0.0000000              0.0000000        
      0.4266000              0.0000000              0.0000000              1.0000000              0.0000000              0.0000000        
      0.0470000              0.0000000              0.0000000              0.0000000              1.0000000              0.0000000        
      0.0140000              0.0000000              0.0000000              0.0000000              0.0000000              1.0000000        
Sc    D
     15.1300000              0.0379291              0.0000000              0.0000000              0.0000000        
      4.2050000              0.1738360              0.0000000              0.0000000              0.0000000        
      1.3030000              0.4268057              0.0000000              0.0000000              0.0000000        
      0.3680000              0.0000000              1.0000000              0.0000000              0.0000000        
      0.0812000              0.0000000              0.0000000              1.0000000              0.0000000        
      0.0250000              0.0000000              0.0000000              0.0000000              1.0000000        
end
basis "Ti_LANL2TZ+" SPHERICAL
Ti    S
      4.3720000              1.0000000              0.0000000              0.0000000              0.0000000              0.0000000        
      1.0980000              0.0000000              1.0000000              0.0000000              0.0000000              0.0000000        
      0.4178000              0.0000000              0.0000000              1.0000000              0.0000000              0.0000000        
      0.0872000              0.0000000              0.0000000              0.0000000              1.0000000              0.0000000        
      0.0314000              0.0000000              0.0000000              0.0000000              0.0000000              1.0000000        
Ti    P
     12.5200000              1.0000000              0.0000000              0.0000000              0.0000000              0.0000000        
      1.4910000              0.0000000              1.0000000              0.0000000              0.0000000              0.0000000        
      0.4859000              0.0000000              0.0000000              1.0000000              0.0000000              0.0000000        
      0.0530000              0.0000000              0.0000000              0.0000000              1.0000000              0.0000000        
      0.0160000              0.0000000              0.0000000              0.0000000              0.0000000              1.0000000        
Ti    D
     20.2100000              0.0341682              0.0000000              0.0000000              0.0000000        
      5.4950000              0.1710005              0.0000000              0.0000000              0.0000000        
      1.6990000              0.4405849              0.0000000              0.0000000              0.0000000        
      0.4840000              0.0000000              1.0000000              0.0000000              0.0000000        
      0.1157000              0.0000000              0.0000000              1.0000000              0.0000000        
      0.0349000              0.0000000              0.0000000              0.0000000              1.0000000        
end
basis "V_LANL2TZ+" SPHERICAL
V    S
      4.5900000              1.0000000              0.0000000              0.0000000              0.0000000              0.0000000        
      1.4930000              0.0000000              1.0000000              0.0000000              0.0000000              0.0000000        
      0.5570000              0.0000000              0.0000000              1.0000000              0.0000000              0.0000000        
      0.0975000              0.0000000              0.0000000              0.0000000              1.0000000              0.0000000        
      0.0342000              0.0000000              0.0000000              0.0000000              0.0000000              1.0000000        
V    P
     13.7600000              1.0000000              0.0000000              0.0000000              0.0000000              0.0000000        
      1.7120000              0.0000000              1.0000000              0.0000000              0.0000000              0.0000000        
      0.5587000              0.0000000              0.0000000              1.0000000              0.0000000              0.0000000        
      0.0590000              0.0000000              0.0000000              0.0000000              1.0000000              0.0000000        
      0.0180000              0.0000000              0.0000000              0.0000000              0.0000000              1.0000000        
V    D
     25.7000000              0.0331033              0.0000000              0.0000000              0.0000000        
      6.5300000              0.1795753              0.0000000              0.0000000              0.0000000        
      2.0780000              0.4373062              0.0000000              0.0000000              0.0000000        
      0.6243000              0.0000000              1.0000000              0.0000000              0.0000000        
      0.1542000              0.0000000              0.0000000              1.0000000              0.0000000        
      0.0464000              0.0000000              0.0000000              0.0000000              1.0000000        
end
basis "Cr_LANL2TZ+" SPHERICAL
Cr    S
      5.3610000              1.0000000              0.0000000              0.0000000              0.0000000              0.0000000        
      1.4490000              0.0000000              1.0000000              0.0000000              0.0000000              0.0000000        
      0.5496000              0.0000000              0.0000000              1.0000000              0.0000000              0.0000000        
      0.1052000              0.0000000              0.0000000              0.0000000              1.0000000              0.0000000        
      0.0364000              0.0000000              0.0000000              0.0000000              0.0000000              1.0000000        
Cr    P
     16.4200000              1.0000000              0.0000000              0.0000000              0.0000000              0.0000000        
      1.9140000              0.0000000              1.0000000              0.0000000              0.0000000              0.0000000        
      0.6241000              0.0000000              0.0000000              1.0000000              0.0000000              0.0000000        
      0.0630000              0.0000000              0.0000000              0.0000000              1.0000000              0.0000000        
      0.0190000              0.0000000              0.0000000              0.0000000              0.0000000              1.0000000        
Cr    D
     28.9500000              0.0337787              0.0000000              0.0000000              0.0000000        
      7.7080000              0.1780345              0.0000000              0.0000000              0.0000000        
      2.4950000              0.4370008              0.0000000              0.0000000              0.0000000        
      0.7655000              0.0000000              1.0000000              0.0000000              0.0000000        
      0.1889000              0.0000000              0.0000000              1.0000000              0.0000000        
      0.0587000              0.0000000              0.0000000              0.0000000              1.0000000        
end
basis "Mn_LANL2TZ+" SPHERICAL
Mn    S
      5.9140000              1.0000000              0.0000000              0.0000000              0.0000000              0.0000000        
      1.6050000              0.0000000              1.0000000              0.0000000              0.0000000              0.0000000        
      0.6260000              0.0000000              0.0000000              1.0000000              0.0000000              0.0000000        
      0.1115000              0.0000000              0.0000000              0.0000000              1.0000000              0.0000000        
      0.0380000              0.0000000              0.0000000              0.0000000              0.0000000              1.0000000        
Mn    P
     18.2000000              1.0000000              0.0000000              0.0000000              0.0000000              0.0000000        
      2.1410000              0.0000000              1.0000000              0.0000000              0.0000000              0.0000000        
      0.7009000              0.0000000              0.0000000              1.0000000              0.0000000              0.0000000        
      0.0690000              0.0000000              0.0000000              0.0000000              1.0000000              0.0000000        
      0.0210000              0.0000000              0.0000000              0.0000000              0.0000000              1.0000000        
Mn    D
     32.2700000              0.0341580              0.0000000              0.0000000              0.0000000        
      8.8750000              0.1761105              0.0000000              0.0000000              0.0000000        
      2.8900000              0.4394298              0.0000000              0.0000000              0.0000000        
      0.8761000              0.0000000              1.0000000              0.0000000              0.0000000        
      0.2120000              0.0000000              0.0000000              1.0000000              0.0000000        
      0.0670000              0.0000000              0.0000000              0.0000000              1.0000000        
end
basis "Fe_LANL2TZ+" SPHERICAL
Fe    S
      6.4220000              1.0000000              0.0000000              0.0000000              0.0000000              0.0000000        
      1.8260000              0.0000000              1.0000000              0.0000000              0.0000000              0.0000000        
      0.7135000              0.0000000              0.0000000              1.0000000              0.0000000              0.0000000        
      0.1021000              0.0000000              0.0000000              0.0000000              1.0000000              0.0000000        
      0.0363000              0.0000000              0.0000000              0.0000000              0.0000000              1.0000000        
Fe    P
     19.4800000              1.0000000              0.0000000              0.0000000              0.0000000              0.0000000        
      2.3890000              0.0000000              1.0000000              0.0000000              0.0000000              0.0000000        
      0.7795000              0.0000000              0.0000000              1.0000000              0.0000000              0.0000000        
      0.0740000              0.0000000              0.0000000              0.0000000              1.0000000              0.0000000        
      0.0220000              0.0000000              0.0000000              0.0000000              0.0000000              1.0000000        
Fe    D
     37.0800000              0.0329000              0.0000000              0.0000000              0.0000000        
     10.1000000              0.1787418              0.0000000              0.0000000              0.0000000        
      3.2200000              0.4487657              0.0000000              0.0000000              0.0000000        
      0.9628000              0.0000000              1.0000000              0.0000000              0.0000000        
      0.2262000              0.0000000              0.0000000              1.0000000              0.0000000        
      0.0706000              0.0000000              0.0000000              0.0000000              1.0000000        
end
basis "Co_LANL2TZ+" SPHERICAL
Co    S
      7.1760000              1.0000000              0.0000000              0.0000000              0.0000000              0.0000000        
      2.0090000              0.0000000              1.0000000              0.0000000              0.0000000              0.0000000        
      0.8055000              0.0000000              0.0000000              1.0000000              0.0000000              0.0000000        
      0.1070000              0.0000000              0.0000000              0.0000000              1.0000000              0.0000000        
      0.0375000              0.0000000              0.0000000              0.0000000              0.0000000              1.0000000        
Co    P
     21.3900000              1.0000000              0.0000000              0.0000000              0.0000000              0.0000000        
      2.6500000              0.0000000              1.0000000              0.0000000              0.0000000              0.0000000        
      0.8619000              0.0000000              0.0000000              1.0000000              0.0000000              0.0000000        
      0.0800000              0.0000000              0.0000000              0.0000000              1.0000000              0.0000000        
      0.0230000              0.0000000              0.0000000              0.0000000              0.0000000              1.0000000        
Co    D
     39.2500000              0.0361541              0.0000000              0.0000000              0.0000000        
     10.7800000              0.1896744              0.0000000              0.0000000              0.0000000        
      3.4960000              0.4524981              0.0000000              0.0000000              0.0000000        
      1.0660000              0.0000000              1.0000000              0.0000000              0.0000000        
      0.2606000              0.0000000              0.0000000              1.0000000              0.0000000        
      0.0822000              0.0000000              0.0000000              0.0000000              1.0000000        
end
basis "Ni_LANL2TZ+" SPHERICAL
Ni    S
      7.6200000              1.0000000              0.0000000              0.0000000              0.0000000              0.0000000        
      2.2940000              0.0000000              1.0000000              0.0000000              0.0000000              0.0000000        
      0.8760000              0.0000000              0.0000000              1.0000000              0.0000000              0.0000000        
      0.1153000              0.0000000              0.0000000              0.0000000              1.0000000              0.0000000        
      0.0396000              0.0000000              0.0000000              0.0000000              0.0000000              1.0000000        
Ni    P
     23.6600000              1.0000000              0.0000000              0.0000000              0.0000000              0.0000000        
      2.8930000              0.0000000              1.0000000              0.0000000              0.0000000              0.0000000        
      0.9435000              0.0000000              0.0000000              1.0000000              0.0000000              0.0000000        
      0.0840000              0.0000000              0.0000000              0.0000000              1.0000000              0.0000000        
      0.0240000              0.0000000              0.0000000              0.0000000              0.0000000              1.0000000        
Ni    D
     42.7200000              0.0372699              0.0000000              0.0000000              0.0000000        
     11.7600000              0.1956103              0.0000000              0.0000000              0.0000000        
      3.8170000              0.4561273              0.0000000              0.0000000              0.0000000        
      1.1690000              0.0000000              1.0000000              0.0000000              0.0000000        
      0.2836000              0.0000000              0.0000000              1.0000000              0.0000000        
      0.0898000              0.0000000              0.0000000              0.0000000              1.0000000        
end
basis "Cu_LANL2TZ+" SPHERICAL
Cu    S
      8.1760000              1.0000000              0.0000000              0.0000000              0.0000000              0.0000000        
      2.5680000              0.0000000              1.0000000              0.0000000              0.0000000              0.0000000        
      0.9587000              0.0000000              0.0000000              1.0000000              0.0000000              0.0000000        
      0.1153000              0.0000000              0.0000000              0.0000000              1.0000000              0.0000000        
      0.0396000              0.0000000              0.0000000              0.0000000              0.0000000              1.0000000        
Cu    P
     25.6300000              1.0000000              0.0000000              0.0000000              0.0000000              0.0000000        
      3.1660000              0.0000000              1.0000000              0.0000000              0.0000000              0.0000000        
      1.0230000              0.0000000              0.0000000              1.0000000              0.0000000              0.0000000        
      0.0860000              0.0000000              0.0000000              0.0000000              1.0000000              0.0000000        
      0.0240000              0.0000000              0.0000000              0.0000000              0.0000000              1.0000000        
Cu    D
     41.3400000              0.0465424              0.0000000              0.0000000              0.0000000        
     11.4200000              0.2227824              0.0000000              0.0000000              0.0000000        
      3.8390000              0.4539059              0.0000000              0.0000000              0.0000000        
      1.2300000              0.0000000              1.0000000              0.0000000              0.0000000        
      0.3102000              0.0000000              0.0000000              1.0000000              0.0000000        
      0.1010000              0.0000000              0.0000000              0.0000000              1.0000000        
end
basis "Zn_LANL2TZ+" SPHERICAL
Zn    S
      0.7997000              1.0000000              0.0000000              0.0000000        
      0.1752000              0.0000000              1.0000000              0.0000000        
      0.0556000              0.0000000              0.0000000              1.0000000        
Zn    P
      0.1202000              1.0000000              0.0000000        
      0.0351000              0.0000000              1.0000000        
Zn    D
     68.8500000              0.0258532              0.0000000              0.0000000              0.0000000        
     18.3200000              0.1651195              0.0000000              0.0000000              0.0000000        
      5.9220000              0.4468212              0.0000000              0.0000000              0.0000000        
      1.9270000              0.0000000              1.0000000              0.0000000              0.0000000        
      0.5528000              0.0000000              0.0000000              1.0000000              0.0000000        
      0.1700000              0.0000000              0.0000000              0.0000000              1.0000000        
end
# Elements                             References
# --------                             ----------
# Na - Hg: P. J. Hay and W. R. Wadt, J. Chem. Phys. 82, 270 (1985).
#          P. J. Hay and W. R. Wadt, J. Chem. Phys. 82, 284 (1985).
#          P. J. Hay and W. R. Wadt, J. Chem. Phys. 82, 299 (1985).
#   

