#  NASA Ames cc-pCV5Z  EMSL  Basis Set Exchange Library  2/3/10 5:24 PM
# C.W. Bauschlicher, Jr., Theor. Chem. Acc. 103, 141 (1999)
# C.W. Bauschlicher, Jr., Theor. Chim Acta 92, 183 (1995)
#   


basis "Ti_NASA Ames cc-pCV5Z" SPHERICAL
Ti    S
 5309148.1000000             0.0000040             -0.0000010              0.0000000              0.0000000              0.0000000              0.0000000              0.0000000        
 794951.6500000              0.0000340             -0.0000100              0.0000040              0.0000000              0.0000000              0.0000000              0.0000000        
 180907.5600000              0.0001800             -0.0000530              0.0000180              0.0000000              0.0000000              0.0000000              0.0000000        
  51241.9330000              0.0007590             -0.0002240              0.0000810              0.0000000              0.0000000              0.0000000              0.0000000        
  16717.4490000              0.0027570             -0.0008180              0.0002890              0.0000000              0.0000000              0.0000000              0.0000000        
   6035.2659000              0.0089250             -0.0026590              0.0009510              0.0000000              0.0000000              0.0000000              0.0000000        
   2353.8571000              0.0260620             -0.0078790              0.0028120              0.0000000              0.0000000              0.0000000              0.0000000        
    976.1464600              0.0681900             -0.0212220              0.0076020              0.0000000              0.0000000              0.0000000              0.0000000        
    425.4356300              0.1543490             -0.0514220              0.0185920              0.0000000              0.0000000              0.0000000              0.0000000        
    193.0467700              0.2802820             -0.1067020              0.0390850              0.0000000              0.0000000              0.0000000              0.0000000        
     90.4393690              0.3484000             -0.1746860              0.0664980              0.0000000              0.0000000              0.0000000              0.0000000        
     43.0207130              0.2217050             -0.1560410              0.0620460              0.0000000              0.0000000              0.0000000              0.0000000        
     19.1905550              0.0400180              0.1293230             -0.0562490              0.0000000              0.0000000              0.0000000              0.0000000        
      9.4257160             -0.0021380              0.5384640             -0.3180890              0.0000000              0.0000000              0.0000000              0.0000000        
      4.6052430              0.0017220              0.4357080             -0.4058270              0.0000000              0.0000000              0.0000000              0.0000000        
      2.0378340             -0.0008020              0.0681170              0.1704320              0.0000000              0.0000000              0.0000000              0.0000000        
      0.9800320              0.0003560             -0.0024360              0.6975960              0.0000000              0.0000000              0.0000000              0.0000000        
      0.4456250              0.0000000              0.0000000              0.0000000              1.0000000              0.0000000              0.0000000              0.0000000        
      0.1064170              0.0000000              0.0000000              0.0000000              0.0000000              1.0000000              0.0000000              0.0000000        
      0.0525710              0.0000000              0.0000000              0.0000000              0.0000000              0.0000000              1.0000000              0.0000000        
      0.0243570              0.0000000              0.0000000              0.0000000              0.0000000              0.0000000              0.0000000              1.0000000        
Ti    P
   7999.8045000              0.0000880             -0.0000290              0.0000000              0.0000000              0.0000000              0.0000000              0.0000000              0.0000000        
   1894.4515000              0.0007770             -0.0002610              0.0000000              0.0000000              0.0000000              0.0000000              0.0000000              0.0000000        
    615.1874800              0.0044040             -0.0014820              0.0000000              0.0000000              0.0000000              0.0000000              0.0000000              0.0000000        
    234.9274100              0.0186640             -0.0063570              0.0000000              0.0000000              0.0000000              0.0000000              0.0000000              0.0000000        
     99.2137530              0.0620720             -0.0214770              0.0000000              0.0000000              0.0000000              0.0000000              0.0000000              0.0000000        
     44.9161400              0.1590770             -0.0571340              0.0000000              0.0000000              0.0000000              0.0000000              0.0000000              0.0000000        
     21.2497170              0.2969700             -0.1104660              0.0000000              0.0000000              0.0000000              0.0000000              0.0000000              0.0000000        
     10.3304580              0.3688010             -0.1481470              0.0000000              0.0000000              0.0000000              0.0000000              0.0000000              0.0000000        
      5.1049800              0.2348260             -0.0554260              0.0000000              0.0000000              0.0000000              0.0000000              0.0000000              0.0000000        
      2.4406900              0.0493560              0.2455620              0.0000000              0.0000000              0.0000000              0.0000000              0.0000000              0.0000000        
      1.1512050              0.0000000              0.0000000              1.0000000              0.0000000              0.0000000              0.0000000              0.0000000              0.0000000        
      0.5295560              0.0000000              0.0000000              0.0000000              1.0000000              0.0000000              0.0000000              0.0000000              0.0000000        
      0.2211900              0.0000000              0.0000000              0.0000000              0.0000000              1.0000000              0.0000000              0.0000000              0.0000000        
      0.0880000              0.0000000              0.0000000              0.0000000              0.0000000              0.0000000              1.0000000              0.0000000              0.0000000        
      0.0350000              0.0000000              0.0000000              0.0000000              0.0000000              0.0000000              0.0000000              1.0000000              0.0000000        
      0.0140000              0.0000000              0.0000000              0.0000000              0.0000000              0.0000000              0.0000000              0.0000000              1.0000000        
Ti    D
     89.5692010              0.0019660              0.0000000              0.0000000              0.0000000              0.0000000              0.0000000        
     26.5843560              0.0147190              0.0000000              0.0000000              0.0000000              0.0000000              0.0000000        
      9.7710320              0.0582080              0.0000000              0.0000000              0.0000000              0.0000000              0.0000000        
      3.9619330              0.1581680              0.0000000              0.0000000              0.0000000              0.0000000              0.0000000        
      1.6892690              0.0000000              1.0000000              0.0000000              0.0000000              0.0000000              0.0000000        
      0.7156710              0.0000000              0.0000000              1.0000000              0.0000000              0.0000000              0.0000000        
      0.2938110              0.0000000              0.0000000              0.0000000              1.0000000              0.0000000              0.0000000        
      0.1108310              0.0000000              0.0000000              0.0000000              0.0000000              1.0000000              0.0000000        
      0.0440000              0.0000000              0.0000000              0.0000000              0.0000000              0.0000000              1.0000000        
Ti    F
      5.5110200              1.0000000              0.0000000              0.0000000              0.0000000              0.0000000        
      2.4192360              0.0000000              1.0000000              0.0000000              0.0000000              0.0000000        
      1.0620000              0.0000000              0.0000000              1.0000000              0.0000000              0.0000000        
      0.4661980              0.0000000              0.0000000              0.0000000              1.0000000              0.0000000        
      0.2046530              0.0000000              0.0000000              0.0000000              0.0000000              1.0000000        
Ti    G
      4.4216370              1.0000000              0.0000000              0.0000000              0.0000000        
      2.1065440              0.0000000              1.0000000              0.0000000              0.0000000        
      1.0035940              0.0000000              0.0000000              1.0000000              0.0000000        
      0.4781300              0.0000000              0.0000000              0.0000000              1.0000000        
Ti    H
      4.3050000              1.0000000              0.0000000              0.0000000        
      2.0500000              0.0000000              1.0000000              0.0000000        
      0.9761900              0.0000000              0.0000000              1.0000000        
Ti    I
      0.7400000              1.0000000        
end
