#  NASA Ames cc-pVTZ  EMSL  Basis Set Exchange Library  1/20/10 3:31 PM
# C.W. Bauschlicher, Jr., Theor. Chem. Acc. 103, 141 (1999)
# C.W. Bauschlicher, Jr., Theor. Chim Acta 92, 183 (1995)
# A. Ricca and C. W. Bauschlicher, Jr. Theor. Chem. Acc. 106, 314 (2001)
#   


BASIS "ao basis" PRINT
#BASIS SET: (21s,16p,9d,2f,1g) -> [7s,8p,6d,2f,1g]
Ti    S
 5309148.1000000             0.0000040             -0.0000010              0.0000000              0.0000000              0.0000000              0.0000000              0.0000000        
 794951.6500000              0.0000340             -0.0000100              0.0000040              0.0000000              0.0000000              0.0000000              0.0000000        
 180907.5600000              0.0001800             -0.0000530              0.0000180              0.0000000              0.0000000              0.0000000              0.0000000        
  51241.9330000              0.0007590             -0.0002240              0.0000810              0.0000000              0.0000000              0.0000000              0.0000000        
  16717.4490000              0.0027570             -0.0008180              0.0002890              0.0000000              0.0000000              0.0000000              0.0000000        
   6035.2659000              0.0089250             -0.0026590              0.0009510              0.0000000              0.0000000              0.0000000              0.0000000        
   2353.8571000              0.0260620             -0.0078790              0.0028120              0.0000000              0.0000000              0.0000000              0.0000000        
    976.1464600              0.0681900             -0.0212220              0.0076020              0.0000000              0.0000000              0.0000000              0.0000000        
    425.4356300              0.1543490             -0.0514220              0.0185920              0.0000000              0.0000000              0.0000000              0.0000000        
    193.0467700              0.2802820             -0.1067020              0.0390850              0.0000000              0.0000000              0.0000000              0.0000000        
     90.4393690              0.3484000             -0.1746860              0.0664980              0.0000000              0.0000000              0.0000000              0.0000000        
     43.0207130              0.2217050             -0.1560410              0.0620460              0.0000000              0.0000000              0.0000000              0.0000000        
     19.1905550              0.0400180              0.1293230             -0.0562490              0.0000000              0.0000000              0.0000000              0.0000000        
      9.4257160             -0.0021380              0.5384640             -0.3180890              0.0000000              0.0000000              0.0000000              0.0000000        
      4.6052430              0.0017220              0.4357080             -0.4058270              0.0000000              0.0000000              0.0000000              0.0000000        
      2.0378340             -0.0008020              0.0681170              0.1704320              0.0000000              0.0000000              0.0000000              0.0000000        
      0.9800320              0.0003560             -0.0024360              0.6975960              0.0000000              0.0000000              0.0000000              0.0000000        
      0.4456250              0.0000000              0.0000000              0.0000000              1.0000000              0.0000000              0.0000000              0.0000000        
      0.1064170              0.0000000              0.0000000              0.0000000              0.0000000              1.0000000              0.0000000              0.0000000        
      0.0525710              0.0000000              0.0000000              0.0000000              0.0000000              0.0000000              1.0000000              0.0000000        
      0.0243570              0.0000000              0.0000000              0.0000000              0.0000000              0.0000000              0.0000000              1.0000000        
Ti    P
   7999.8045000              0.0000880             -0.0000290              0.0000000              0.0000000              0.0000000              0.0000000              0.0000000              0.0000000        
   1894.4515000              0.0007770             -0.0002610              0.0000000              0.0000000              0.0000000              0.0000000              0.0000000              0.0000000        
    615.1874800              0.0044040             -0.0014820              0.0000000              0.0000000              0.0000000              0.0000000              0.0000000              0.0000000        
    234.9274100              0.0186640             -0.0063570              0.0000000              0.0000000              0.0000000              0.0000000              0.0000000              0.0000000        
     99.2137530              0.0620720             -0.0214770              0.0000000              0.0000000              0.0000000              0.0000000              0.0000000              0.0000000        
     44.9161400              0.1590770             -0.0571340              0.0000000              0.0000000              0.0000000              0.0000000              0.0000000              0.0000000        
     21.2497170              0.2969700             -0.1104660              0.0000000              0.0000000              0.0000000              0.0000000              0.0000000              0.0000000        
     10.3304580              0.3688010             -0.1481470              0.0000000              0.0000000              0.0000000              0.0000000              0.0000000              0.0000000        
      5.1049800              0.2348260             -0.0554260              0.0000000              0.0000000              0.0000000              0.0000000              0.0000000              0.0000000        
      2.4406900              0.0493560              0.2455620              0.0000000              0.0000000              0.0000000              0.0000000              0.0000000              0.0000000        
      1.1512050              0.0000000              0.0000000              1.0000000              0.0000000              0.0000000              0.0000000              0.0000000              0.0000000        
      0.5295560              0.0000000              0.0000000              0.0000000              1.0000000              0.0000000              0.0000000              0.0000000              0.0000000        
      0.2211900              0.0000000              0.0000000              0.0000000              0.0000000              1.0000000              0.0000000              0.0000000              0.0000000        
      0.0880000              0.0000000              0.0000000              0.0000000              0.0000000              0.0000000              1.0000000              0.0000000              0.0000000        
      0.0350000              0.0000000              0.0000000              0.0000000              0.0000000              0.0000000              0.0000000              1.0000000              0.0000000        
      0.0140000              0.0000000              0.0000000              0.0000000              0.0000000              0.0000000              0.0000000              0.0000000              1.0000000        
Ti    D
     89.5692010              0.0019660              0.0000000              0.0000000              0.0000000              0.0000000              0.0000000        
     26.5843560              0.0147190              0.0000000              0.0000000              0.0000000              0.0000000              0.0000000        
      9.7710320              0.0582080              0.0000000              0.0000000              0.0000000              0.0000000              0.0000000        
      3.9619330              0.1581680              0.0000000              0.0000000              0.0000000              0.0000000              0.0000000        
      1.6892690              0.0000000              1.0000000              0.0000000              0.0000000              0.0000000              0.0000000        
      0.7156710              0.0000000              0.0000000              1.0000000              0.0000000              0.0000000              0.0000000        
      0.2938110              0.0000000              0.0000000              0.0000000              1.0000000              0.0000000              0.0000000        
      0.1108310              0.0000000              0.0000000              0.0000000              0.0000000              1.0000000              0.0000000        
      0.0440000              0.0000000              0.0000000              0.0000000              0.0000000              0.0000000              1.0000000        
Ti    F
      1.2752200              1.0000000              0.0000000        
      0.2927500              0.0000000              1.0000000        
Ti    G
      0.6300000              1.0000000        
#BASIS SET: (20s,15p,10d,2f,1g) -> [6s,8p,6d,2f,1g]
Fe    S
 4316265.3000000             0.0000090             -0.0000030              0.0000010              0.0000000              0.0000000              0.0000000        
 646342.4200000              0.0000670             -0.0000200              0.0000080              0.0000020              0.0000000              0.0000000        
 147089.7300000              0.0003540             -0.0001080              0.0000400              0.0000090              0.0000000              0.0000000        
  41661.5220000              0.0014940             -0.0004540              0.0001680              0.0000360              0.0000000              0.0000000        
  13590.7650000              0.0054110             -0.0016500              0.0006110              0.0001310              0.0000000              0.0000000        
   4905.7500000              0.0173530             -0.0053420              0.0019840              0.0004250              0.0000000              0.0000000        
   1912.7458000              0.0495400             -0.0156190              0.0058060              0.0012420              0.0000000              0.0000000        
    792.6043400              0.1230340             -0.0408880              0.0153280              0.0032840              0.0000000              0.0000000        
    344.8064800              0.2492910             -0.0929070              0.0352100              0.0075530              0.0000000              0.0000000        
    155.8998900              0.3585600             -0.1689370              0.0662250              0.0142720              0.0000000              0.0000000        
     72.2309080              0.2774790             -0.1909910              0.0784520              0.0169960              0.0000000              0.0000000        
     32.7250650              0.0672010              0.0439680             -0.0187860             -0.0040380              0.0000000              0.0000000        
     15.6676220             -0.0011550              0.5154530             -0.3051870             -0.0696300              0.0000000              0.0000000        
      7.5034830              0.0019310              0.5051630             -0.4593380             -0.1100960              0.0000000              0.0000000        
      3.3122230             -0.0008930              0.0923750              0.1270580              0.0384720              0.0000000              0.0000000        
      1.5584710              0.0003850             -0.0024030              0.7292350              0.2262400              0.0000000              0.0000000        
      0.6839140             -0.0001510              0.0022460              0.3992630              0.2506610              0.0000000              0.0000000        
      0.1467570              0.0000560             -0.0004940              0.0164900             -0.3198270              0.0000000              0.0000000        
      0.0705830              0.0000000              0.0000000              0.0000000              0.0000000              1.0000000              0.0000000        
      0.0314490              0.0000000              0.0000000              0.0000000              0.0000000              0.0000000              1.0000000        
Fe    P
   7721.4886000              0.0001760             -0.0000640              0.0000000              0.0000000              0.0000000              0.0000000              0.0000000              0.0000000        
   1829.1258000              0.0015510             -0.0005620              0.0000000              0.0000000              0.0000000              0.0000000              0.0000000              0.0000000        
    593.6279500              0.0086390             -0.0031560              0.0000000              0.0000000              0.0000000              0.0000000              0.0000000              0.0000000        
    226.2053600              0.0354820             -0.0131090              0.0000000              0.0000000              0.0000000              0.0000000              0.0000000              0.0000000        
     95.2614540              0.1108050             -0.0422830              0.0000000              0.0000000              0.0000000              0.0000000              0.0000000              0.0000000        
     42.8592030              0.2515360             -0.0998510              0.0000000              0.0000000              0.0000000              0.0000000              0.0000000              0.0000000        
     20.0497130              0.3816690             -0.1620460              0.0000000              0.0000000              0.0000000              0.0000000              0.0000000              0.0000000        
      9.6208850              0.3099100             -0.1149630              0.0000000              0.0000000              0.0000000              0.0000000              0.0000000              0.0000000        
      4.5413710              0.0878640              0.1817420              0.0000000              0.0000000              0.0000000              0.0000000              0.0000000              0.0000000        
      2.1135000              0.0000000              0.0000000              1.0000000              0.0000000              0.0000000              0.0000000              0.0000000              0.0000000        
      0.9472010              0.0000000              0.0000000              0.0000000              1.0000000              0.0000000              0.0000000              0.0000000              0.0000000        
      0.3912430              0.0000000              0.0000000              0.0000000              0.0000000              1.0000000              0.0000000              0.0000000              0.0000000        
      0.1564800              0.0000000              0.0000000              0.0000000              0.0000000              0.0000000              1.0000000              0.0000000              0.0000000        
      0.0625920              0.0000000              0.0000000              0.0000000              0.0000000              0.0000000              0.0000000              1.0000000              0.0000000        
      0.0250370              0.0000000              0.0000000              0.0000000              0.0000000              0.0000000              0.0000000              0.0000000              1.0000000        
Fe    D
    217.3688300              0.0009450              0.0000000              0.0000000              0.0000000              0.0000000              0.0000000        
     64.9997550              0.0080600              0.0000000              0.0000000              0.0000000              0.0000000              0.0000000        
     24.7731370              0.0365040              0.0000000              0.0000000              0.0000000              0.0000000              0.0000000        
     10.4361400              0.1110340              0.0000000              0.0000000              0.0000000              0.0000000              0.0000000        
      4.6796530              0.2325450              0.0000000              0.0000000              0.0000000              0.0000000              0.0000000        
      2.1256230              0.0000000              1.0000000              0.0000000              0.0000000              0.0000000              0.0000000        
      0.9452420              0.0000000              0.0000000              1.0000000              0.0000000              0.0000000              0.0000000        
      0.4026850              0.0000000              0.0000000              0.0000000              1.0000000              0.0000000              0.0000000        
      0.1566510              0.0000000              0.0000000              0.0000000              0.0000000              1.0000000              0.0000000        
      0.0626600              0.0000000              0.0000000              0.0000000              0.0000000              0.0000000              1.0000000        
Fe    F
      3.2659530              1.0000000              0.0000000        
      0.7867870              0.0000000              1.0000000        
Fe    G
      2.2480000              1.0000000        
END

