#  pV7Z  EMSL  Basis Set Exchange Library  2/3/10 5:23 PM
# Elements                             References
# --------                             ----------
# H:         D. Feller
# C - F, S:  D. Feller and K.A. Peterson, J. Chem. Phys. 110, 8384 (1999)
# D. Feller and J.A. Sordo, J. Chem. Phys. 113, 485 (2000)
# and Ed Valeev (k function exponents)
# Ne         K. A. Peterson (to be published)
# 



basis "H_pV7Z" SPHERICAL
H    S
   2762.5161400              0.0000220              0.0000000              0.0000000              0.0000000              0.0000000              0.0000000              0.0000000        
   1211.8584400              0.0000060              0.0000000              0.0000000              0.0000000              0.0000000              0.0000000              0.0000000        
    531.6171200              0.0000944              0.0000000              0.0000000              0.0000000              0.0000000              0.0000000              0.0000000        
    233.2093860              0.0001794              0.0000000              0.0000000              0.0000000              0.0000000              0.0000000              0.0000000        
    102.3041130              0.0005845              0.0000000              0.0000000              0.0000000              0.0000000              0.0000000              0.0000000        
     44.8786889              0.0015591              0.0000000              0.0000000              0.0000000              0.0000000              0.0000000              0.0000000        
     19.6873484              0.0043883              0.0000000              0.0000000              0.0000000              0.0000000              0.0000000              0.0000000        
      8.63643073             0.0120863              0.0000000              0.0000000              0.0000000              0.0000000              0.0000000              0.0000000        
      3.78862274             0.0325303              1.0000000              0.0000000              0.0000000              0.0000000              0.0000000              0.0000000        
      1.66199008             0.0840580              0.0000000              1.0000000              0.0000000              0.0000000              0.0000000              0.0000000        
      0.72908052             0.1934247              0.0000000              0.0000000              1.0000000              0.0000000              0.0000000              0.0000000        
      0.31983248             0.3510641              0.0000000              0.0000000              0.0000000              1.0000000              0.0000000              0.0000000        
      0.14030386             0.3587822              0.0000000              0.0000000              0.0000000              0.0000000              1.0000000              0.0000000        
      0.06154839             0.1060899              0.0000000              0.0000000              0.0000000              0.0000000              0.0000000              1.0000000        
H    P
      8.1536480              1.0000000              0.0000000              0.0000000              0.0000000              0.0000000              0.0000000        
      3.8622750              0.0000000              1.0000000              0.0000000              0.0000000              0.0000000              0.0000000        
      1.8295080              0.0000000              0.0000000              1.0000000              0.0000000              0.0000000              0.0000000        
      0.8666140              0.0000000              0.0000000              0.0000000              1.0000000              0.0000000              0.0000000        
      0.4105030              0.0000000              0.0000000              0.0000000              0.0000000              1.0000000              0.0000000        
      0.1944500              0.0000000              0.0000000              0.0000000              0.0000000              0.0000000              1.0000000        
H    D
      6.0348330              1.0000000              0.0000000              0.0000000              0.0000000              0.0000000        
      3.0569580              0.0000000              1.0000000              0.0000000              0.0000000              0.0000000        
      1.5485090              0.0000000              0.0000000              1.0000000              0.0000000              0.0000000        
      0.7844010              0.0000000              0.0000000              0.0000000              1.0000000              0.0000000        
      0.3973400              0.0000000              0.0000000              0.0000000              0.0000000              1.0000000        
H    F
      5.8947400              1.0000000              0.0000000              0.0000000              0.0000000        
      2.9029400              0.0000000              1.0000000              0.0000000              0.0000000        
      1.4295900              0.0000000              0.0000000              1.0000000              0.0000000        
      0.7040200              0.0000000              0.0000000              0.0000000              1.0000000        
H    G
      4.6226740              1.0000000              0.0000000              0.0000000        
      2.1711260              0.0000000              1.0000000              0.0000000        
      1.0197100              0.0000000              0.0000000              1.0000000        
H    H
      4.2237060              1.0000000              0.0000000        
      1.7050600              0.0000000              1.0000000        
H    I
      3.4140000              1.0000000        
end
basis "C_pV7Z" SPHERICAL
C    S
 949028.8000000              0.0000014             -0.0000003              0.0000000              0.0000000              0.0000000              0.0000000              0.0000000              0.0000000        
 142083.0000000              0.0000110             -0.0000023              0.0000000              0.0000000              0.0000000              0.0000000              0.0000000              0.0000000        
  32332.4700000              0.0000578             -0.0000123              0.0000000              0.0000000              0.0000000              0.0000000              0.0000000              0.0000000        
   9158.1170000              0.0002444             -0.0000520              0.0000000              0.0000000              0.0000000              0.0000000              0.0000000              0.0000000        
   2987.9090000              0.0008910             -0.0001900              0.0000000              0.0000000              0.0000000              0.0000000              0.0000000              0.0000000        
   1078.7880000              0.0029040             -0.0006200              0.0000000              0.0000000              0.0000000              0.0000000              0.0000000              0.0000000        
    420.8308000              0.0086310             -0.0018550              0.0000000              0.0000000              0.0000000              0.0000000              0.0000000              0.0000000        
    174.6003000              0.0235290             -0.0050920              0.0000000              0.0000000              0.0000000              0.0000000              0.0000000              0.0000000        
     76.1829200              0.0581610             -0.0129160              0.0000000              0.0000000              0.0000000              0.0000000              0.0000000              0.0000000        
     34.6358800              0.1266240             -0.0292300              0.0000000              0.0000000              0.0000000              0.0000000              0.0000000              0.0000000        
     16.2707600              0.2304650             -0.0584140              0.0000000              0.0000000              0.0000000              0.0000000              0.0000000              0.0000000        
      7.8554790              0.3192970             -0.0966550              0.0000000              0.0000000              0.0000000              0.0000000              0.0000000              0.0000000        
      3.8821720              0.2742950             -0.1260640              1.0000000              0.0000000              0.0000000              0.0000000              0.0000000              0.0000000        
      1.9283340              0.1022520             -0.0617220              0.0000000              1.0000000              0.0000000              0.0000000              0.0000000              0.0000000        
      0.8358060              0.0078620              0.1888280              0.0000000              0.0000000              1.0000000              0.0000000              0.0000000              0.0000000        
      0.3862910              0.0000068              0.4461160              0.0000000              0.0000000              0.0000000              1.0000000              0.0000000              0.0000000        
      0.1768600              0.0003690              0.4113350              0.0000000              0.0000000              0.0000000              0.0000000              1.0000000              0.0000000        
      0.0802520             -0.0000124              0.1065520              0.0000000              0.0000000              0.0000000              0.0000000              0.0000000              1.0000000        
C    P
    765.4553000              0.0000272              0.0000000              0.0000000              0.0000000              0.0000000              0.0000000              0.0000000        
    180.8628000              0.0002410              0.0000000              0.0000000              0.0000000              0.0000000              0.0000000              0.0000000        
     58.7144100              0.0013570              0.0000000              0.0000000              0.0000000              0.0000000              0.0000000              0.0000000        
     22.4162500              0.0056200              0.0000000              0.0000000              0.0000000              0.0000000              0.0000000              0.0000000        
      9.4062140              0.0182670              0.0000000              0.0000000              0.0000000              0.0000000              0.0000000              0.0000000        
      4.1871980              0.0500190              0.0000000              0.0000000              0.0000000              0.0000000              0.0000000              0.0000000        
      1.9558760              0.1164080              1.0000000              0.0000000              0.0000000              0.0000000              0.0000000              0.0000000        
      0.9453360              0.2144660              0.0000000              1.0000000              0.0000000              0.0000000              0.0000000              0.0000000        
      0.4627630              0.3011680              0.0000000              0.0000000              1.0000000              0.0000000              0.0000000              0.0000000        
      0.2267960              0.3080450              0.0000000              0.0000000              0.0000000              1.0000000              0.0000000              0.0000000        
      0.1105920              0.1884750              0.0000000              0.0000000              0.0000000              0.0000000              1.0000000              0.0000000        
      0.0524000              0.0396220              0.0000000              0.0000000              0.0000000              0.0000000              0.0000000              1.0000000        
C    D
      8.0028000              1.0000000              0.0000000              0.0000000              0.0000000              0.0000000              0.0000000        
      3.6663000              0.0000000              1.0000000              0.0000000              0.0000000              0.0000000              0.0000000        
      1.6796000              0.0000000              0.0000000              1.0000000              0.0000000              0.0000000              0.0000000        
      0.7695000              0.0000000              0.0000000              0.0000000              1.0000000              0.0000000              0.0000000        
      0.3525000              0.0000000              0.0000000              0.0000000              0.0000000              1.0000000              0.0000000        
      0.1615000              0.0000000              0.0000000              0.0000000              0.0000000              0.0000000              1.0000000        
C    F
      3.5134000              1.0000000              0.0000000              0.0000000              0.0000000              0.0000000        
      1.8214000              0.0000000              1.0000000              0.0000000              0.0000000              0.0000000        
      0.9443000              0.0000000              0.0000000              1.0000000              0.0000000              0.0000000        
      0.4896000              0.0000000              0.0000000              0.0000000              1.0000000              0.0000000        
      0.2538000              0.0000000              0.0000000              0.0000000              0.0000000              1.0000000        
C    G
      3.0363000              1.0000000              0.0000000              0.0000000              0.0000000        
      1.6713000              0.0000000              1.0000000              0.0000000              0.0000000        
      0.9200000              0.0000000              0.0000000              1.0000000              0.0000000        
      0.5064000              0.0000000              0.0000000              0.0000000              1.0000000        
C    H
      1.8273000              1.0000000              0.0000000              0.0000000        
      0.8999000              0.0000000              1.0000000              0.0000000        
      0.4432000              0.0000000              0.0000000              1.0000000        
C    I
      3.2802000              1.0000000              0.0000000        
      0.6777000              0.0000000              1.0000000        
C    K
      1.9560000              1.0000000        
end
basis "N_pV7Z" SPHERICAL
N    S
 1296296.0000000             0.0000014             -0.00000031             0.0000000              0.0000000              0.0000000              0.0000000              0.0000000              0.0000000        
 194068.6000000              0.0000110             -0.00000243             0.0000000              0.0000000              0.0000000              0.0000000              0.0000000              0.0000000        
  44160.5700000              0.0000580             -0.00001279             0.0000000              0.0000000              0.0000000              0.0000000              0.0000000              0.0000000        
  12507.7200000              0.0002450             -0.00005399             0.0000000              0.0000000              0.0000000              0.0000000              0.0000000              0.0000000        
   4080.4760000              0.0008930             -0.00019730             0.0000000              0.0000000              0.0000000              0.0000000              0.0000000              0.0000000        
   1473.1400000              0.0029130             -0.00064320             0.0000000              0.0000000              0.0000000              0.0000000              0.0000000              0.0000000        
    574.6066000              0.0086640             -0.00192640             0.0000000              0.0000000              0.0000000              0.0000000              0.0000000              0.0000000        
    238.3700000              0.0236350             -0.00529480             0.0000000              0.0000000              0.0000000              0.0000000              0.0000000              0.0000000        
    103.9936000              0.0585180             -0.01345880             0.0000000              0.0000000              0.0000000              0.0000000              0.0000000              0.0000000        
     47.2794400              0.1277287             -0.03061290             0.0000000              0.0000000              0.0000000              0.0000000              0.0000000              0.0000000        
     22.2187100              0.2328737             -0.06151130             0.0000000              0.0000000              0.0000000              0.0000000              0.0000000              0.0000000        
     10.7356900              0.3211170             -0.10200550             0.0000000              0.0000000              0.0000000              0.0000000              0.0000000              0.0000000        
      5.3088560              0.2713167             -0.12950140             1.0000000              0.0000000              0.0000000              0.0000000              0.0000000              0.0000000        
      2.6391770              0.0985308             -0.05370320             0.0000000              1.0000000              0.0000000              0.0000000              0.0000000              0.0000000        
      1.1657640              0.0078886              0.20297650             0.0000000              0.0000000              1.0000000              0.0000000              0.0000000              0.0000000        
      0.5370910              0.0003125              0.44857470             0.0000000              0.0000000              0.0000000              1.0000000              0.0000000              0.0000000        
      0.2449040              0.0003640              0.40031386             0.0000000              0.0000000              0.0000000              0.0000000              1.0000000              0.0000000        
      0.1102710              0.0000727              0.10245292             0.0000000              0.0000000              0.0000000              0.0000000              0.0000000              1.0000000        
N    P
   1094.9600000              0.0000276              0.0000000              0.0000000              0.0000000              0.0000000              0.0000000              0.0000000        
    258.6611000              0.0002450              0.0000000              0.0000000              0.0000000              0.0000000              0.0000000              0.0000000        
     83.8525500              0.0013920              0.0000000              0.0000000              0.0000000              0.0000000              0.0000000              0.0000000        
     31.9622500              0.0058590              0.0000000              0.0000000              0.0000000              0.0000000              0.0000000              0.0000000        
     13.4112100              0.0194130              0.0000000              0.0000000              0.0000000              0.0000000              0.0000000              0.0000000        
      5.9854710              0.0535998              0.0000000              0.0000000              0.0000000              0.0000000              0.0000000              0.0000000        
      2.8036300              0.1231956              1.0000000              0.0000000              0.0000000              0.0000000              0.0000000              0.0000000        
      1.3557360              0.2215690              0.0000000              1.0000000              0.0000000              0.0000000              0.0000000              0.0000000        
      0.6623960              0.3024095              0.0000000              0.0000000              1.0000000              0.0000000              0.0000000              0.0000000        
      0.3229120              0.3009864              0.0000000              0.0000000              0.0000000              1.0000000              0.0000000              0.0000000        
      0.1559210              0.1817918              0.0000000              0.0000000              0.0000000              0.0000000              1.0000000              0.0000000        
      0.0728200              0.0387420              0.0000000              0.0000000              0.0000000              0.0000000              0.0000000              1.0000000        
N    D
      8.5914298              1.0000000              0.0000000              0.0000000              0.0000000              0.0000000              0.0000000        
      4.0335351              0.0000000              1.0000000              0.0000000              0.0000000              0.0000000              0.0000000        
      1.8936785              0.0000000              0.0000000              1.0000000              0.0000000              0.0000000              0.0000000        
      0.8890509              0.0000000              0.0000000              0.0000000              1.0000000              0.0000000              0.0000000        
      0.4173948              0.0000000              0.0000000              0.0000000              0.0000000              1.0000000              0.0000000        
      0.1959600              0.0000000              0.0000000              0.0000000              0.0000000              0.0000000              1.0000000        
N    F
      5.7389002              1.0000000              0.0000000              0.0000000              0.0000000              0.0000000        
      2.7724156              0.0000000              1.0000000              0.0000000              0.0000000              0.0000000        
      1.3393312              0.0000000              0.0000000              1.0000000              0.0000000              0.0000000        
      0.6470199              0.0000000              0.0000000              0.0000000              1.0000000              0.0000000        
      0.3125700              0.0000000              0.0000000              0.0000000              0.0000000              1.0000000        
N    G
      5.5368024              1.0000000              0.0000000              0.0000000              0.0000000        
      2.5872908              0.0000000              1.0000000              0.0000000              0.0000000        
      1.2090144              0.0000000              0.0000000              1.0000000              0.0000000        
      0.5649600              0.0000000              0.0000000              0.0000000              1.0000000        
N    H
      4.2181288              1.0000000              0.0000000              0.0000000        
      2.0871494              0.0000000              1.0000000              0.0000000        
      1.0327300              0.0000000              0.0000000              1.0000000        
N    I
      3.4500000              1.0000000              0.0000000        
      1.5800000              0.0000000              1.0000000        
N    K
      2.3790000              1.0000000        
end
basis "O_pV7Z" SPHERICAL
O    S
 1678789.0000000             0.0000014             -0.0000003              0.0000000              0.0000000              0.0000000              0.0000000              0.0000000              0.0000000        
 251388.2000000              0.0000112             -0.0000025              0.0000000              0.0000000              0.0000000              0.0000000              0.0000000              0.0000000        
  57213.7300000              0.0000589             -0.0000134              0.0000000              0.0000000              0.0000000              0.0000000              0.0000000              0.0000000        
  16207.4400000              0.0002490             -0.0000560              0.0000000              0.0000000              0.0000000              0.0000000              0.0000000              0.0000000        
   5288.2760000              0.0009070             -0.0002060              0.0000000              0.0000000              0.0000000              0.0000000              0.0000000              0.0000000        
   1909.4780000              0.0029570             -0.0006720              0.0000000              0.0000000              0.0000000              0.0000000              0.0000000              0.0000000        
    744.9231000              0.0087910             -0.0020130              0.0000000              0.0000000              0.0000000              0.0000000              0.0000000              0.0000000        
    309.0755000              0.0239800             -0.0055350              0.0000000              0.0000000              0.0000000              0.0000000              0.0000000              0.0000000        
    134.8645000              0.0593810             -0.0140790              0.0000000              0.0000000              0.0000000              0.0000000              0.0000000              0.0000000        
     61.3312900              0.1296500             -0.0321130              0.0000000              0.0000000              0.0000000              0.0000000              0.0000000              0.0000000        
     28.8379600              0.2360640             -0.0646760              0.0000000              0.0000000              0.0000000              0.0000000              0.0000000              0.0000000        
     13.9450400              0.3229210             -0.1071540              0.0000000              0.0000000              0.0000000              0.0000000              0.0000000              0.0000000        
      6.8990770              0.2673950             -0.1324380              1.0000000              0.0000000              0.0000000              0.0000000              0.0000000              0.0000000        
      3.4315770              0.0938440             -0.0456550              0.0000000              1.0000000              0.0000000              0.0000000              0.0000000              0.0000000        
      1.5398400              0.0075330              0.2183840              0.0000000              0.0000000              1.0000000              0.0000000              0.0000000              0.0000000        
      0.7097510              0.0006320              0.4533790              0.0000000              0.0000000              0.0000000              1.0000000              0.0000000              0.0000000        
      0.3230470              0.0003560              0.3873530              0.0000000              0.0000000              0.0000000              0.0000000              1.0000000              0.0000000        
      0.1442220              0.0000330              0.0958660              0.0000000              0.0000000              0.0000000              0.0000000              0.0000000              1.0000000        
O    P
   1349.0590000              0.0000323              0.0000000              0.0000000              0.0000000              0.0000000              0.0000000              0.0000000        
    319.4569000              0.0002860              0.0000000              0.0000000              0.0000000              0.0000000              0.0000000              0.0000000        
    103.7804000              0.0016160              0.0000000              0.0000000              0.0000000              0.0000000              0.0000000              0.0000000        
     39.6282100              0.0067850              0.0000000              0.0000000              0.0000000              0.0000000              0.0000000              0.0000000        
     16.6613700              0.0224990              0.0000000              0.0000000              0.0000000              0.0000000              0.0000000              0.0000000        
      7.4641660              0.0616740              0.0000000              0.0000000              0.0000000              0.0000000              0.0000000              0.0000000        
      3.5093250              0.1368450              1.0000000              0.0000000              0.0000000              0.0000000              0.0000000              0.0000000        
      1.6956800              0.2324860              0.0000000              1.0000000              0.0000000              0.0000000              0.0000000              0.0000000        
      0.8227420              0.2998210              0.0000000              0.0000000              1.0000000              0.0000000              0.0000000              0.0000000        
      0.3957330              0.2882440              0.0000000              0.0000000              0.0000000              1.0000000              0.0000000              0.0000000        
      0.1876440              0.1745550              0.0000000              0.0000000              0.0000000              0.0000000              1.0000000              0.0000000        
      0.0858410              0.0387270              0.0000000              0.0000000              0.0000000              0.0000000              0.0000000              1.0000000        
O    D
     10.0642930              1.0000000              0.0000000              0.0000000              0.0000000              0.0000000              0.0000000        
      4.8432594              0.0000000              1.0000000              0.0000000              0.0000000              0.0000000              0.0000000        
      2.3307312              0.0000000              0.0000000              1.0000000              0.0000000              0.0000000              0.0000000        
      1.1216223              0.0000000              0.0000000              0.0000000              1.0000000              0.0000000              0.0000000        
      0.5397605              0.0000000              0.0000000              0.0000000              0.0000000              1.0000000              0.0000000        
      0.2597500              0.0000000              0.0000000              0.0000000              0.0000000              0.0000000              1.0000000        
O    F
      6.9117087              1.0000000              0.0000000              0.0000000              0.0000000              0.0000000        
      3.4199449              0.0000000              1.0000000              0.0000000              0.0000000              0.0000000        
      1.6922043              0.0000000              0.0000000              1.0000000              0.0000000              0.0000000        
      0.8373104              0.0000000              0.0000000              0.0000000              1.0000000              0.0000000        
      0.4143050              0.0000000              0.0000000              0.0000000              0.0000000              1.0000000        
O    G
      7.2379949              1.0000000              0.0000000              0.0000000              0.0000000        
      3.4157598              0.0000000              1.0000000              0.0000000              0.0000000        
      1.6119678              0.0000000              0.0000000              1.0000000              0.0000000        
      0.7607210              0.0000000              0.0000000              0.0000000              1.0000000        
O    H
      5.7331092              1.0000000              0.0000000              0.0000000        
      2.5824816              0.0000000              1.0000000              0.0000000        
      1.1632800              0.0000000              0.0000000              1.0000000        
O    I
      4.8130000              1.0000000              0.0000000        
      2.0780000              0.0000000              1.0000000        
O    K
      3.1230000              1.0000000        
end
basis "F_pV7Z" SPHERICAL
F    S
 2115112.0000000             0.0000015             -0.00000034             0.0000000              0.0000000              0.0000000              0.0000000              0.0000000              0.0000000        
 316699.7000000              0.0000113             -0.00000262             0.0000000              0.0000000              0.0000000              0.0000000              0.0000000              0.0000000        
  72075.7100000              0.0000595             -0.00001378             0.0000000              0.0000000              0.0000000              0.0000000              0.0000000              0.0000000        
  20416.8300000              0.0002514             -0.00005817             0.0000000              0.0000000              0.0000000              0.0000000              0.0000000              0.0000000        
   6661.4580000              0.0009160             -0.00021242             0.0000000              0.0000000              0.0000000              0.0000000              0.0000000              0.0000000        
   2405.1880000              0.0029860             -0.00069281             0.0000000              0.0000000              0.0000000              0.0000000              0.0000000              0.0000000        
    938.2595000              0.0088819             -0.00207460             0.0000000              0.0000000              0.0000000              0.0000000              0.0000000              0.0000000        
    389.2710000              0.0242321             -0.00570974             0.0000000              0.0000000              0.0000000              0.0000000              0.0000000              0.0000000        
    169.8499000              0.0600301             -0.01453560             0.0000000              0.0000000              0.0000000              0.0000000              0.0000000              0.0000000        
     77.2436700              0.1311355             -0.03323500             0.0000000              0.0000000              0.0000000              0.0000000              0.0000000              0.0000000        
     36.3287400              0.2385632             -0.06706620             0.0000000              0.0000000              0.0000000              0.0000000              0.0000000              0.0000000        
     17.5738700              0.3243075             -0.11098400             0.0000000              0.0000000              0.0000000              0.0000000              0.0000000              0.0000000        
      8.6935300              0.2643763             -0.13414569             1.0000000              0.0000000              0.0000000              0.0000000              0.0000000              0.0000000        
      4.3217690              0.0902843             -0.03874090             0.0000000              1.0000000              0.0000000              0.0000000              0.0000000              0.0000000        
      1.9595200              0.0072583              0.22972655             0.0000000              0.0000000              1.0000000              0.0000000              0.0000000              0.0000000        
      0.9031850              0.0008288              0.45572753             0.0000000              0.0000000              0.0000000              1.0000000              0.0000000              0.0000000        
      0.4104050              0.0003496              0.37782222             0.0000000              0.0000000              0.0000000              0.0000000              1.0000000              0.0000000        
      0.1820240              0.0000495              0.09134515             0.0000000              0.0000000              0.0000000              0.0000000              0.0000000              1.0000000        
F    P
   1687.7180000              0.0000346              0.0000000              0.0000000              0.0000000              0.0000000              0.0000000              0.0000000        
    399.6517000              0.0003058              0.0000000              0.0000000              0.0000000              0.0000000              0.0000000              0.0000000        
    129.8267000              0.0017313              0.0000000              0.0000000              0.0000000              0.0000000              0.0000000              0.0000000        
     49.5782600              0.0072975              0.0000000              0.0000000              0.0000000              0.0000000              0.0000000              0.0000000        
     20.8619300              0.0243126              0.0000000              0.0000000              0.0000000              0.0000000              0.0000000              0.0000000        
      9.3655640              0.0664341              0.0000000              0.0000000              0.0000000              0.0000000              0.0000000              0.0000000        
      4.4099770              0.1445175              1.0000000              0.0000000              0.0000000              0.0000000              0.0000000              0.0000000        
      2.1283760              0.2383867              0.0000000              1.0000000              0.0000000              0.0000000              0.0000000              0.0000000        
      1.0282880              0.2985330              0.0000000              0.0000000              1.0000000              0.0000000              0.0000000              0.0000000        
      0.4907570              0.2811414              0.0000000              0.0000000              0.0000000              1.0000000              0.0000000              0.0000000        
      0.2300730              0.1699781              0.0000000              0.0000000              0.0000000              0.0000000              1.0000000              0.0000000        
      0.1037660              0.0385819              0.0000000              0.0000000              0.0000000              0.0000000              0.0000000              1.0000000        
F    D
     12.6344950              1.0000000              0.0000000              0.0000000              0.0000000              0.0000000              0.0000000        
      6.1124792              0.0000000              1.0000000              0.0000000              0.0000000              0.0000000              0.0000000        
      2.9571743              0.0000000              0.0000000              1.0000000              0.0000000              0.0000000              0.0000000        
      1.4306600              0.0000000              0.0000000              0.0000000              1.0000000              0.0000000              0.0000000        
      0.6921432              0.0000000              0.0000000              0.0000000              0.0000000              1.0000000              0.0000000        
      0.3348540              0.0000000              0.0000000              0.0000000              0.0000000              0.0000000              1.0000000        
F    F
     11.6443240              1.0000000              0.0000000              0.0000000              0.0000000              0.0000000        
      5.5714469              0.0000000              1.0000000              0.0000000              0.0000000              0.0000000        
      2.6657641              0.0000000              0.0000000              1.0000000              0.0000000              0.0000000        
      1.2754852              0.0000000              0.0000000              0.0000000              1.0000000              0.0000000        
      0.6102800              0.0000000              0.0000000              0.0000000              0.0000000              1.0000000        
F    G
      8.2863953              1.0000000              0.0000000              0.0000000              0.0000000        
      3.9105216              0.0000000              1.0000000              0.0000000              0.0000000        
      1.8454562              0.0000000              0.0000000              1.0000000              0.0000000        
      0.8709090              0.0000000              0.0000000              0.0000000              1.0000000        
F    H
      7.7626969              1.0000000              0.0000000              0.0000000        
      3.4810300              0.0000000              1.0000000              0.0000000        
      1.5610000              0.0000000              0.0000000              1.0000000        
F    I
      5.5300000              1.0000000              0.0000000        
      2.1600000              0.0000000              1.0000000        
F    K
      4.2560000              1.0000000        
end
basis "Ne_pV7Z" SPHERICAL
Ne    S
 2636740.0000000             0.00000144            -0.00000034             0.0000000              0.0000000              0.0000000              0.0000000              0.0000000              0.0000000        
 394695.0000000              0.00001122            -0.00000263             0.0000000              0.0000000              0.0000000              0.0000000              0.0000000              0.0000000        
  89814.2000000              0.00005899            -0.00001386             0.0000000              0.0000000              0.0000000              0.0000000              0.0000000              0.0000000        
  25439.5000000              0.00024948            -0.00005857             0.0000000              0.0000000              0.0000000              0.0000000              0.0000000              0.0000000        
   8292.4800000              0.00091034            -0.00021420             0.0000000              0.0000000              0.0000000              0.0000000              0.0000000              0.0000000        
   2991.7700000              0.00297099            -0.00069920             0.0000000              0.0000000              0.0000000              0.0000000              0.0000000              0.0000000        
   1166.5800000              0.00883634            -0.00209449             0.0000000              0.0000000              0.0000000              0.0000000              0.0000000              0.0000000        
    483.9270000              0.02412806            -0.00576925             0.0000000              0.0000000              0.0000000              0.0000000              0.0000000              0.0000000        
    211.0490000              0.05988851            -0.01472218             0.0000000              0.0000000              0.0000000              0.0000000              0.0000000              0.0000000        
     95.9684000              0.13097415            -0.03372066             0.0000000              0.0000000              0.0000000              0.0000000              0.0000000              0.0000000        
     45.1784000              0.23835621            -0.06818732             0.0000000              0.0000000              0.0000000              0.0000000              0.0000000              0.0000000        
     21.8859000              0.32418282            -0.11289702             0.0000000              0.0000000              0.0000000              0.0000000              0.0000000              0.0000000        
     10.8323000              0.26452052            -0.13557407             1.0000000              0.0000000              0.0000000              0.0000000              0.0000000              0.0000000        
      5.3801400              0.09049215            -0.03559771             0.0000000              1.0000000              0.0000000              0.0000000              0.0000000              0.0000000        
      2.4363700              0.00744055             0.23754291             0.0000000              0.0000000              1.0000000              0.0000000              0.0000000              0.0000000        
      1.1192500              0.00092098             0.45834479             0.0000000              0.0000000              0.0000000              1.0000000              0.0000000              0.0000000        
      0.5066970              0.00036701             0.37096215             0.0000000              0.0000000              0.0000000              0.0000000              1.0000000              0.0000000        
      0.2234500              0.00005493             0.08766775             0.0000000              0.0000000              0.0000000              0.0000000              0.0000000              1.0000000        
Ne    P
   2081.8400000              0.00003590             0.0000000              0.0000000              0.0000000              0.0000000              0.0000000              0.0000000        
    494.1240000              0.00031653             0.0000000              0.0000000              0.0000000              0.0000000              0.0000000              0.0000000        
    160.7080000              0.00179215             0.0000000              0.0000000              0.0000000              0.0000000              0.0000000              0.0000000        
     61.4172000              0.00757934             0.0000000              0.0000000              0.0000000              0.0000000              0.0000000              0.0000000        
     25.8676000              0.02539568             0.0000000              0.0000000              0.0000000              0.0000000              0.0000000              0.0000000        
     11.6199000              0.06951943             0.0000000              0.0000000              0.0000000              0.0000000              0.0000000              0.0000000        
      5.4635300              0.15008739             1.0000000              0.0000000              0.0000000              0.0000000              0.0000000              0.0000000        
      2.6257400              0.24380085             0.0000000              1.0000000              0.0000000              0.0000000              0.0000000              0.0000000        
      1.2610600              0.29919932             0.0000000              0.0000000              1.0000000              0.0000000              0.0000000              0.0000000        
      0.5977780              0.27603799             0.0000000              0.0000000              0.0000000              1.0000000              0.0000000              0.0000000        
      0.2781360              0.16464216             0.0000000              0.0000000              0.0000000              0.0000000              1.0000000              0.0000000        
      0.1243620              0.03732871             0.0000000              0.0000000              0.0000000              0.0000000              0.0000000              1.0000000        
Ne    D
     16.2700000              1.0000000              0.0000000              0.0000000              0.0000000              0.0000000              0.0000000        
      7.8088200              0.0000000              1.0000000              0.0000000              0.0000000              0.0000000              0.0000000        
      3.7478600              0.0000000              0.0000000              1.0000000              0.0000000              0.0000000              0.0000000        
      1.7987900              0.0000000              0.0000000              0.0000000              1.0000000              0.0000000              0.0000000        
      0.8633360              0.0000000              0.0000000              0.0000000              0.0000000              1.0000000              0.0000000        
      0.4143600              0.0000000              0.0000000              0.0000000              0.0000000              0.0000000              1.0000000        
Ne    F
     17.0078000              1.0000000              0.0000000              0.0000000              0.0000000              0.0000000        
      7.9602800              0.0000000              1.0000000              0.0000000              0.0000000              0.0000000        
      3.7256900              0.0000000              0.0000000              1.0000000              0.0000000              0.0000000        
      1.7437600              0.0000000              0.0000000              0.0000000              1.0000000              0.0000000        
      0.8161400              0.0000000              0.0000000              0.0000000              0.0000000              1.0000000        
Ne    G
     10.1051000              1.0000000              0.0000000              0.0000000              0.0000000        
      4.8284800              0.0000000              1.0000000              0.0000000              0.0000000        
      2.3071800              0.0000000              0.0000000              1.0000000              0.0000000        
      1.1024300              0.0000000              0.0000000              0.0000000              1.0000000        
Ne    H
      9.8549000              1.0000000              0.0000000              0.0000000        
      4.4595900              0.0000000              1.0000000              0.0000000        
      2.0180800              0.0000000              0.0000000              1.0000000        
Ne    I
      7.2823700              1.0000000              0.0000000        
      2.9259400              0.0000000              1.0000000        
Ne    K
      5.2560000              1.0000000        
end
basis "S_pV7Z" SPHERICAL
S    S
 7010036.0000000             0.14393981E-5          0.39743053E-6         -0.11553338E-6          0.0000000              0.0000000              0.0000000              0.0000000              0.0000000              0.0000000        
 3489316.1000000            -0.84034208E-6         -0.23137995E-6          0.67978120E-7          0.0000000              0.0000000              0.0000000              0.0000000              0.0000000              0.0000000        
 1736842.2000000             0.48692049E-5          0.13427142E-5         -0.39224463E-6          0.0000000              0.0000000              0.0000000              0.0000000              0.0000000              0.0000000        
 864530.7300000              0.32375410E-5          0.89975164E-6         -0.25512491E-6          0.0000000              0.0000000              0.0000000              0.0000000              0.0000000              0.0000000        
 430328.8900000              0.16768271E-4          0.46194157E-5         -0.13547393E-5          0.0000000              0.0000000              0.0000000              0.0000000              0.0000000              0.0000000        
 214200.5400000              0.31007451E-4          0.85924467E-5         -0.24646622E-5          0.0000000              0.0000000              0.0000000              0.0000000              0.0000000              0.0000000        
 106620.4800000              0.82993952E-4          0.22872063E-4         -0.67031950E-5          0.0000000              0.0000000              0.0000000              0.0000000              0.0000000              0.0000000        
  53071.4180000              0.18998198E-3          0.52621485E-4         -0.15143074E-4          0.0000000              0.0000000              0.0000000              0.0000000              0.0000000              0.0000000        
  26416.8330000              0.46151388E-3          0.12734765E-3         -0.37253152E-4          0.0000000              0.0000000              0.0000000              0.0000000              0.0000000              0.0000000        
  13149.2450000              0.10945308E-2          0.30346017E-3         -0.87520661E-4          0.0000000              0.0000000              0.0000000              0.0000000              0.0000000              0.0000000        
   6545.1692000              0.26089891E-2          0.72242155E-3         -0.21103236E-3          0.0000000              0.0000000              0.0000000              0.0000000              0.0000000              0.0000000        
   3257.9239000              0.61757438E-2          0.17220247E-2         -0.49767312E-3          0.0000000              0.0000000              0.0000000              0.0000000              0.0000000              0.0000000        
   1621.6645000              0.14458895E-1          0.40541165E-2         -0.11840931E-2          0.0000000              0.0000000              0.0000000              0.0000000              0.0000000              0.0000000        
    807.1998400              0.33174850E-1          0.94756820E-2         -0.27474376E-2          0.0000000              0.0000000              0.0000000              0.0000000              0.0000000              0.0000000        
    401.7918600              0.72811640E-1          0.21425437E-1         -0.62804034E-2          0.0000000              0.0000000              0.0000000              0.0000000              0.0000000              0.0000000        
    199.9959500              0.147223973            0.46194950E-1         -0.13515810E-1          0.0000000              0.0000000              0.0000000              0.0000000              0.0000000              0.0000000        
     99.54999800             0.254144316            0.89914022E-1         -0.26818906E-1          0.0000000              0.0000000              0.0000000              0.0000000              0.0000000              0.0000000        
     49.55201500             0.324750529            0.1463329579          -0.44279856E-1          0.0000000              0.0000000              0.0000000              0.0000000              0.0000000              0.0000000        
     24.66501500             0.230874675            0.1490147799          -0.47655137E-1          0.0000000              0.0000000              0.0000000              0.0000000              0.0000000              0.0000000        
     12.27726000             0.059430194           -0.0161861918           0.69191566E-2          0.0000000              0.0000000              0.0000000              0.0000000              0.0000000              0.0000000        
      6.111129800            0.38523020E-2         -0.3446816404           0.1275718473           0.0000000              0.0000000              0.0000000              0.0000000              0.0000000              0.0000000        
      3.041876500            0.75199422E-3         -0.5242182816           0.2882489253           1.0000000              0.0000000              0.0000000              0.0000000              0.0000000              0.0000000        
      1.514124700            0.96173329E-4         -0.2389690362           0.2327209700           0.0000000              1.0000000              0.0000000              0.0000000              0.0000000              0.0000000        
      0.753670820           -0.48480439E-4         -0.0172975465          -0.1794604833           0.0000000              0.0000000              1.0000000              0.0000000              0.0000000              0.0000000        
      0.375147250            0.59147870E-5         -0.32975751E-2         -0.5183858403           0.0000000              0.0000000              0.0000000              1.0000000              0.0000000              0.0000000        
      0.186733320           -0.16352333E-4          0.472993143E-3        -0.4285380863           0.0000000              0.0000000              0.0000000              0.0000000              1.0000000              0.0000000        
      0.092948394            0.15469134E-5         -0.33071840E-3         -0.1254947129           0.0000000              0.0000000              0.0000000              0.0000000              0.0000000              1.0000000        
S    P
   9780.0262000              0.14400789E-4          0.36505507E-5          0.0000000              0.0000000              0.0000000              0.0000000              0.0000000              0.0000000        
   4800.6372000              0.14765406E-4          0.38364739E-5          0.0000000              0.0000000              0.0000000              0.0000000              0.0000000              0.0000000        
   2356.4475000              0.10011551E-3          0.25279606E-4          0.0000000              0.0000000              0.0000000              0.0000000              0.0000000              0.0000000        
   1156.6891000              0.29000274E-3          0.74471021E-4          0.0000000              0.0000000              0.0000000              0.0000000              0.0000000              0.0000000        
    567.7740000              0.10415811E-2          0.26448086E-3          0.0000000              0.0000000              0.0000000              0.0000000              0.0000000              0.0000000        
    278.6983300              0.34037782E-2          0.87332482E-3          0.0000000              0.0000000              0.0000000              0.0000000              0.0000000              0.0000000        
    136.8022500              0.10841169E-1          0.27778292E-2          0.0000000              0.0000000              0.0000000              0.0000000              0.0000000              0.0000000        
     67.15094300             0.31942317E-1          0.82927386E-2          0.0000000              0.0000000              0.0000000              0.0000000              0.0000000              0.0000000        
     32.96180500             0.84894757E-1          0.22358523E-1          0.0000000              0.0000000              0.0000000              0.0000000              0.0000000              0.0000000        
     16.17967700             0.1856741163           0.50261912E-1          0.0000000              0.0000000              0.0000000              0.0000000              0.0000000              0.0000000        
      7.941978900            0.3046790243           0.84322121E-1          0.0000000              0.0000000              0.0000000              0.0000000              0.0000000              0.0000000        
      3.898410800            0.3454515448           0.1027551345           0.0000000              0.0000000              0.0000000              0.0000000              0.0000000              0.0000000        
      1.913579300            0.2021923255           0.0439406597           1.0000000              0.0000000              0.0000000              0.0000000              0.0000000              0.0000000        
      0.939302210            0.0382708880          -0.1516621272           0.0000000              1.0000000              0.0000000              0.0000000              0.0000000              0.0000000        
      0.461067190            0.32741956E-2         -0.3455306449           0.0000000              0.0000000              1.0000000              0.0000000              0.0000000              0.0000000        
      0.226320080            0.15021104E-3         -0.3849154447           0.0000000              0.0000000              0.0000000              1.0000000              0.0000000              0.0000000        
      0.111091790            0.47903874E-3         -0.2327052014           0.0000000              0.0000000              0.0000000              0.0000000              1.0000000              0.0000000        
      0.054530669           -0.31821261E-4         -0.0528525390           0.0000000              0.0000000              0.0000000              0.0000000              0.0000000              1.0000000        
S    D
      8.1157469              1.0000000              0.0000000              0.0000000              0.0000000              0.0000000              0.0000000        
      3.6595333              0.0000000              1.0000000              0.0000000              0.0000000              0.0000000              0.0000000        
      1.6501480              0.0000000              0.0000000              1.0000000              0.0000000              0.0000000              0.0000000        
      0.7440808              0.0000000              0.0000000              0.0000000              1.0000000              0.0000000              0.0000000        
      0.3355191              0.0000000              0.0000000              0.0000000              0.0000000              1.0000000              0.0000000        
      0.1512915              0.0000000              0.0000000              0.0000000              0.0000000              0.0000000              1.0000000        
S    F
      1.7321483              1.0000000              0.0000000              0.0000000              0.0000000              0.0000000        
      0.7770966              0.0000000              1.0000000              0.0000000              0.0000000              0.0000000        
      0.3486301              0.0000000              0.0000000              1.0000000              0.0000000              0.0000000        
      0.1564065              0.0000000              0.0000000              0.0000000              1.0000000              0.0000000        
      0.0701689              0.0000000              0.0000000              0.0000000              0.0000000              1.0000000        
S    G
      1.5999868              1.0000000              0.0000000              0.0000000              0.0000000        
      0.9809852              0.0000000              1.0000000              0.0000000              0.0000000        
      0.6014624              0.0000000              0.0000000              1.0000000              0.0000000        
      0.3687691              0.0000000              0.0000000              0.0000000              1.0000000        
S    H
      1.5347571              1.0000000              0.0000000              0.0000000        
      0.9157262              0.0000000              1.0000000              0.0000000        
      0.5463760              0.0000000              0.0000000              1.0000000        
S    I
      1.5000000              1.0000000              0.0000000        
      0.7570000              0.0000000              1.0000000        
S    K
      1.2090000              1.0000000        
end
