# $Id: stuttgart_rsc_ano_ecp,v 1.1 2002-01-03 23:47:24 mhackler Exp $
basis "La_Stuttgart_RSC_ANO/ECP" SPHERICAL
   La  S
   60228.613000      0.30000000000E-05 -0.10000000000E-05  0.10000000000E-05 -0.10000000000E-05 -0.30000000000E-05 -0.80000000000E-05
   7142.4190000      0.35000000000E-04 -0.20000000000E-04  0.80000000000E-05 -0.19000000000E-04 -0.10000000000E-04 -0.15000000000E-04
   1034.3051000      0.32900000000E-03 -0.11100000000E-03  0.37000000000E-04 -0.10800000000E-03 -0.59500000000E-03 -0.15860000000E-02
   563.44270000     -0.10600000000E-03 -0.66000000000E-04  0.38000000000E-04 -0.67000000000E-04  0.83800000000E-03  0.23530000000E-02
   123.55320000      0.32800000000E-02 -0.10860000000E-02  0.37000000000E-03 -0.10120000000E-02 -0.49980000000E-02 -0.13051000000E-01
   34.554400000     -0.22232300000      0.94207000000E-01 -0.35416000000E-01  0.87868000000E-01  0.17364900000      0.40915000000    
   24.633000000      0.60737900000     -0.27244100000      0.10374200000     -0.25763200000     -0.43703900000      -1.0148200000    
   11.266000000      -1.0308240000      0.51713600000     -0.20052600000      0.51020700000      0.77339100000       1.8536760000    
   2.9062000000      0.92970700000     -0.65938300000      0.26383400000     -0.85583600000      -1.9510510000      -6.9834140000    
   1.5433000000      0.46201100000     -0.54722900000      0.25681600000     -0.50798100000       1.1313620000       9.4204020000    
  0.56720000000      0.28123000000E-01  0.78890100000     -0.45993800000       2.7542120000       2.0151210000      -6.7706770000    
  0.25390000000     -0.19080000000E-02  0.57951200000     -0.44934100000      -1.9436590000      -2.7831950000       3.6706920000    
    0.46700000000E-01  0.21800000000E-03  0.80581000000E-01  0.85457400000     -0.88435800000       2.7463170000      -1.3915570000    
    0.20000000000E-01 -0.57200000000E-03  0.21336000000E-01  0.34139800000       1.2447550000      -1.9986130000      0.77562900000    
   La  P
   3966.3547000      0.40000000000E-05 -0.30000000000E-05  0.40000000000E-05  0.12000000000E-04  0.21000000000E-04  0.13600000000E-03
   1143.9280000      0.33000000000E-04 -0.40000000000E-05 -0.13000000000E-04 -0.48000000000E-04 -0.86000000000E-04 -0.11310000000E-02
   446.99770000      0.34000000000E-04 -0.63000000000E-04  0.11700000000E-03  0.32100000000E-03  0.58000000000E-03  0.45960000000E-02
   229.54660000      0.36200000000E-03 -0.90000000000E-04 -0.51000000000E-04 -0.26100000000E-03 -0.47700000000E-03 -0.82490000000E-02
   27.326700000     -0.71360000000E-02 -0.53450000000E-02  0.10597000000E-01  0.30090000000E-01  0.63662000000E-01  0.35148900000    
   19.486400000      0.20665400000     -0.62585000000E-01  0.23389000000E-01  0.11661000000E-01 -0.18625000000E-01  -1.4103220000    
   13.902400000     -0.44511300000      0.17346600000     -0.10416700000     -0.16687900000     -0.26537200000       1.9300770000    
   4.2361000000      0.45347200000     -0.24190800000      0.15310900000      0.29288700000      0.79261900000      -5.6766630000    
   2.2936000000      0.56929600000     -0.35291000000      0.35192600000      0.77440900000       1.1727520000       9.2089960000    
   1.1258000000      0.15928800000      0.41106000000E-01 -0.23493100000      -1.0086610000      -4.4223190000      -7.6723200000    
  0.52790000000      0.50780000000E-02  0.62857000000     -0.62569900000      -1.0859510000       4.8912340000       4.4593800000    
  0.22920000000      0.23510000000E-02  0.45978000000      0.22340000000E-01   2.2274300000      -2.8415250000      -1.8133070000    
    0.80000000000E-01 -0.23600000000E-03  0.44465000000E-01   1.0250950000      -1.2143290000      0.85669800000      0.44659500000    
   La  D
   367.71570000      0.74000000000E-04 -0.35000000000E-04  0.14800000000E-03             0.      0.12650000000E-02
   113.57680000      0.61200000000E-03 -0.12700000000E-03 -0.35500000000E-03  0.64200000000E-03 -0.84970000000E-02
   33.558800000      0.76870000000E-02 -0.28390000000E-02  0.84970000000E-02  0.32910000000E-02  0.44769000000E-01
   14.419800000     -0.76510000000E-01  0.26810000000E-01 -0.63255000000E-01 -0.46867000000E-01 -0.14470500000    
   7.3159000000      0.15175400000     -0.64807000000E-01  0.16608700000      0.95961000000E-01  0.61093200000    
   3.9483000000      0.42187300000     -0.10860600000      0.34299000000E-01  0.36040900000      -2.9791560000    
   2.0150000000      0.42127700000     -0.19203700000      0.61110800000      0.37906400000       4.1384280000    
  0.95810000000      0.16572000000      0.19261700000     -0.93710200000      -1.5253710000      -2.4902580000    
  0.31090000000      0.11367000000E-01  0.59483100000     -0.33033400000       1.4611240000      0.87378400000    
    0.95400000000E-01 -0.10460000000E-02  0.45494400000      0.85054300000     -0.80626100000     -0.31451900000    
   La  F
   124.79710000      0.11500000000E-02 -0.15160000000E-02  0.13940000000E-02 -0.36410000000E-02
   43.942700000      0.14333000000E-01 -0.16172000000E-01  0.38950000000E-02 -0.25200000000E-02
   19.266800000      0.62594000000E-01 -0.77895000000E-01  0.53606000000E-01 -0.12274900000    
   8.4893000000      0.16400000000     -0.18630400000      0.46801000000E-01 -0.60181000000E-01
   3.7672000000      0.28586300000     -0.37483800000      0.33670400000     -0.96862000000    
   1.5902000000      0.37010400000     -0.30731100000     -0.19821800000       1.7303920000    
  0.60980000000      0.36017300000      0.66256900000     -0.77253200000      -1.2095640000    
  0.19730000000      0.21661200000      0.34585000000       1.0296660000      0.50363300000    
   La  G
   19.266800000     -0.21180000000E-02  0.46720000000E-02  0.22037000000E-01
   8.4893000000      0.26709000000E-01 -0.52871000000E-01  0.92028000000E-01
   3.7672000000     -0.29667000000E-01  0.77768000000E-01  0.27925700000    
   1.5902000000      0.28278500000     -0.54087300000      0.74105900000    
  0.60980000000      0.74498700000     -0.13251000000E-01 -0.93607700000    
  0.19730000000      0.13929200000      0.75696200000      0.63444000000    
end
basis "Ce_Stuttgart_RSC_ANO/ECP" SPHERICAL
   Ce  S
   66920.681000      0.50000000000E-05 -0.20000000000E-05  0.10000000000E-05 -0.30000000000E-05 -0.40000000000E-05 -0.70000000000E-05
   7142.4190000      0.62000000000E-04 -0.35000000000E-04  0.16000000000E-04 -0.40000000000E-04 -0.32000000000E-04 -0.10500000000E-03
   1149.2279000      0.40800000000E-03 -0.14900000000E-03  0.62000000000E-04 -0.22900000000E-03 -0.54900000000E-03 -0.43300000000E-03
   626.04740000      0.80000000000E-04 -0.17000000000E-03  0.84000000000E-04 -0.11200000000E-03  0.47300000000E-03 -0.56000000000E-03
   137.28130000      0.35590000000E-02 -0.12510000000E-02  0.52000000000E-03 -0.18400000000E-02 -0.42780000000E-02 -0.32230000000E-02
   36.643400000     -0.20736500000      0.86191000000E-01 -0.37133000000E-01  0.10485300000      0.15063300000      0.20675200000    
   25.974200000      0.57998200000     -0.25637800000      0.11148200000     -0.30864300000     -0.39903300000     -0.65286300000    
   11.885900000      -1.0115820000      0.50245300000     -0.22171900000      0.62406200000      0.75621100000       1.5189980000    
   3.0284000000      0.97222800000     -0.69939800000      0.32078400000      -1.2790040000      -2.1907410000      -6.3182920000    
   1.5664000000      0.41766200000     -0.48225900000      0.24742700000     -0.92910000000E-01   1.8168770000       9.0575890000    
  0.59370000000      0.24439000000E-01  0.78701300000     -0.48739200000       2.7964190000       1.0587330000      -7.0391810000    
  0.26300000000      0.12250000000E-02  0.53374400000     -0.47031800000      -2.1897260000      -2.2006120000       3.8881050000    
    0.49000000000E-01 -0.29800000000E-03  0.11938000000      0.80174700000     -0.52662800000       2.7220100000      -1.5744610000    
    0.20700000000E-01 -0.67400000000E-03  0.46589000000E-01  0.38563300000      0.95789100000      -2.0559830000      0.88925700000    
   Ce  P
   3813.8026000      0.50000000000E-05 -0.40000000000E-05  0.50000000000E-05  0.90000000000E-05  0.10000000000E-04  0.86000000000E-04
   1216.9447000      0.51000000000E-04 -0.15000000000E-04 -0.30000000000E-05 -0.60000000000E-05  0.35000000000E-04 -0.72700000000E-03
   496.66410000      0.53000000000E-04 -0.57000000000E-04  0.97000000000E-04  0.16600000000E-03  0.16200000000E-03  0.19870000000E-02
   212.54310000      0.67100000000E-03 -0.25800000000E-03  0.11400000000E-03  0.18500000000E-03  0.64800000000E-03 -0.54360000000E-02
   27.630600000      0.88050000000E-02 -0.12468000000E-01  0.16747000000E-01  0.30310000000E-01  0.51264000000E-01  0.14223600000    
   19.604000000      0.15086100000     -0.38321000000E-01  0.95430000000E-02  0.74070000000E-02  0.21417000000E-01 -0.73666100000    
   13.891800000     -0.40140400000      0.15585000000     -0.10597300000     -0.17116700000     -0.33714700000       1.3090340000    
   4.4389000000      0.46955400000     -0.25674300000      0.19903300000      0.39207600000       1.1924230000      -4.9029850000    
   2.3374000000      0.57541800000     -0.35570900000      0.38258500000      0.61313100000      0.27024900000       8.1597120000    
   1.1067000000      0.14116400000      0.82320000000E-01 -0.36580400000      -1.0946620000      -3.6173310000      -7.4435140000    
  0.52870000000      0.41150000000E-02  0.63003100000     -0.63999500000     -0.76912300000       4.6151260000       4.8066530000    
  0.23050000000      0.45180000000E-02  0.43350200000      0.20915500000       2.0691380000      -2.8212890000      -2.0133070000    
    0.80000000000E-01 -0.15900000000E-03  0.40511000000E-01  0.91530100000      -1.2538320000      0.87455500000      0.49963200000    
   Ce  D
   367.71570000      0.12000000000E-03 -0.44000000000E-04  0.14900000000E-03 -0.29000000000E-04  0.86200000000E-03
   109.87980000      0.99100000000E-03 -0.28500000000E-03 -0.14200000000E-03  0.13340000000E-02 -0.77520000000E-02
   36.021100000      0.77780000000E-02 -0.26510000000E-02  0.72340000000E-02  0.13310000000E-02  0.26921000000E-01
   14.763700000     -0.62958000000E-01  0.21397000000E-01 -0.49347000000E-01 -0.28754000000E-01 -0.72867000000E-01
   7.3281000000      0.18034200000     -0.71966000000E-01  0.16042300000      0.84702000000E-01  0.27146400000    
   3.9441000000      0.43252900000     -0.12245700000      0.60223000000E-01  0.48547300000      -2.5023490000    
   2.0202000000      0.39866300000     -0.16724900000      0.55237600000      0.13329700000       3.9643520000    
  0.96490000000      0.14435800000      0.20033500000     -0.93823300000      -1.4195590000      -2.6049110000    
  0.32730000000      0.94750000000E-02  0.59405600000     -0.30389000000       1.4934260000       1.0085580000    
  0.10320000000     -0.67000000000E-03  0.44012300000      0.85904300000     -0.82504900000     -0.37287500000    
   Ce  F
   123.48210000      0.15660000000E-02 -0.17310000000E-02  0.18270000000E-02 -0.34460000000E-02
   43.988100000      0.18101000000E-01 -0.18505000000E-01  0.80550000000E-02 -0.20630000000E-01
   19.451800000      0.76157000000E-01 -0.82116000000E-01  0.69671000000E-01 -0.13789500000    
   8.6013000000      0.19268300000     -0.19687000000      0.87604000000E-01 -0.23130100000    
   3.8049000000      0.32433200000     -0.33164800000      0.38701400000     -0.63878100000    
   1.6176000000      0.37941200000     -0.18009400000     -0.22375200000       1.6189900000    
  0.63640000000      0.30711700000      0.53708800000     -0.81661700000      -1.2843060000    
  0.21640000000      0.15338700000      0.49544600000      0.99864100000      0.52675800000    
   Ce  G
   19.451800000      0.21990000000E-02  0.23197000000E-01  0.42351000000E-01
   8.6013000000      0.37428000000E-01  0.11102100000      0.52462000000E-01
   3.8049000000      0.30378000000E-01  0.26449500000      0.55166200000    
   1.6176000000      0.35566400000      0.71206000000     -0.15002100000    
  0.63640000000      0.66600900000     -0.54714600000     -0.55164700000    
  0.21640000000      0.11136900000     -0.33809400000      0.90511900000    
end
basis "Pr_Stuttgart_RSC_ANO/ECP" SPHERICAL
   Pr  S
   66920.681000      0.80000000000E-05 -0.40000000000E-05  0.20000000000E-05 -0.50000000000E-05 -0.70000000000E-05 -0.11000000000E-04
   10906.625000      0.50000000000E-04 -0.29000000000E-04  0.13000000000E-04 -0.34000000000E-04 -0.32000000000E-04 -0.10400000000E-03
   2635.4147000      0.24300000000E-03 -0.11400000000E-03  0.50000000000E-04 -0.15100000000E-03 -0.23000000000E-03 -0.26000000000E-03
   713.90510000      0.87600000000E-03 -0.52500000000E-03  0.23900000000E-03 -0.61800000000E-03 -0.52300000000E-03 -0.20340000000E-02
   140.01390000      0.41760000000E-02 -0.16200000000E-02  0.69100000000E-03 -0.22730000000E-02 -0.43140000000E-02 -0.15440000000E-02
   38.128000000     -0.20079500000      0.82436000000E-01 -0.35729000000E-01  0.10044600000      0.14256100000      0.13761500000    
   26.985500000      0.57321800000     -0.25167300000      0.11017700000     -0.30403000000     -0.39495200000     -0.53437800000    
   12.495900000      -1.0078740000      0.49930100000     -0.22188100000      0.62410900000      0.77555200000       1.4194490000    
   3.1878000000      0.97257900000     -0.70473200000      0.32533200000      -1.3130590000      -2.2929170000      -6.1337110000    
   1.6451000000      0.41690900000     -0.46525600000      0.23989100000      0.69000000000E-04   1.9601300000       8.8273580000    
  0.61850000000      0.23706000000E-01  0.78614200000     -0.48806800000       2.6698030000      0.94471800000      -6.9339450000    
  0.27310000000      0.10180000000E-02  0.52346100000     -0.46322400000      -2.1051860000      -2.1270060000       3.8811250000    
    0.50600000000E-01 -0.30900000000E-03  0.12278100000      0.79637000000     -0.56757500000       2.6531620000      -1.5899560000    
    0.21200000000E-01 -0.66100000000E-03  0.49022000000E-01  0.38741500000      0.98272300000      -2.0042490000      0.89994200000    
   Pr  P
   3932.0567000      0.11000000000E-04 -0.70000000000E-05  0.80000000000E-05  0.13000000000E-04  0.14000000000E-04  0.53000000000E-04
   1373.4397000      0.27000000000E-04 -0.50000000000E-05 -0.90000000000E-05 -0.17000000000E-04  0.41000000000E-04 -0.53800000000E-03
   647.67480000      0.16000000000E-03 -0.94000000000E-04  0.11000000000E-03  0.18800000000E-03  0.20300000000E-03  0.69500000000E-03
   186.89920000      0.11580000000E-02 -0.51300000000E-03  0.34900000000E-03  0.56800000000E-03  0.15780000000E-02 -0.55040000000E-02
   27.630600000      0.25210000000E-01 -0.20353000000E-01  0.23992000000E-01  0.42952000000E-01  0.66206000000E-01  0.50075000000E-01
   19.604000000      0.10113600000     -0.13541000000E-01 -0.11590000000E-01 -0.31905000000E-01 -0.22891000000E-01 -0.44127200000    
   13.922400000     -0.36439800000      0.13646300000     -0.92310000000E-01 -0.14170600000     -0.31972900000       1.0540060000    
   4.7240000000      0.46210800000     -0.25290100000      0.20501400000      0.39838100000       1.3103740000      -4.6517720000    
   2.4648000000      0.58456400000     -0.35834500000      0.39013700000      0.60729100000      0.75390000000E-02   7.7688550000    
   1.1588000000      0.14279300000      0.88638000000E-01 -0.38484400000      -1.1449620000      -3.2313190000      -7.1345620000    
  0.54600000000      0.39760000000E-02  0.63258800000     -0.65776800000     -0.62536300000       4.2926110000       4.6482660000    
  0.23590000000      0.43300000000E-02  0.42754200000      0.28477900000       1.9386750000      -2.6860470000      -1.9804840000    
    0.80000000000E-01 -0.17700000000E-03  0.38038000000E-01  0.86785800000      -1.2281410000      0.84880400000      0.49663600000    
   Pr  D
   355.96150000      0.19300000000E-03 -0.67000000000E-04  0.18300000000E-03 -0.33000000000E-04  0.70900000000E-03
   107.14140000      0.15450000000E-02 -0.45400000000E-03  0.10100000000E-03  0.20730000000E-02 -0.83070000000E-02
   37.556200000      0.90040000000E-02 -0.29970000000E-02  0.74510000000E-02  0.63700000000E-03  0.19992000000E-01
   15.085900000     -0.47296000000E-01  0.15840000000E-01 -0.39542000000E-01 -0.11187000000E-01 -0.61849000000E-01
   7.3832000000      0.20233700000     -0.78323000000E-01  0.16635100000      0.78574000000E-01  0.99119000000E-01
   3.9795000000      0.43537400000     -0.11956400000      0.68688000000E-01  0.54550200000      -2.2010460000    
   2.0469000000      0.38020500000     -0.15442200000      0.52219500000     -0.36730000000E-01   3.7955280000    
  0.97940000000      0.13107800000      0.21450600000     -0.96086300000      -1.2776010000      -2.5814470000    
  0.32960000000      0.81130000000E-02  0.58794800000     -0.25738900000       1.4477880000       1.0232820000    
  0.10260000000     -0.52300000000E-03  0.43962900000      0.83625000000     -0.82122600000     -0.38671400000    
   Pr  F
   124.50830000      0.18850000000E-02 -0.19220000000E-02  0.21980000000E-02 -0.38510000000E-02
   44.583700000      0.20949000000E-01 -0.20221000000E-01  0.12315000000E-01 -0.31829000000E-01
   19.873100000      0.85208000000E-01 -0.85611000000E-01  0.83726000000E-01 -0.15983000000    
   8.9102000000      0.20531200000     -0.19702800000      0.11855500000     -0.31106800000    
   3.9977000000      0.33340300000     -0.30839800000      0.37702300000     -0.46254400000    
   1.7285000000      0.37580200000     -0.14576100000     -0.24636100000       1.5459800000    
  0.69360000000      0.28698400000      0.51263000000     -0.81692100000      -1.3149830000    
  0.24180000000      0.12844400000      0.52803600000      0.99115500000      0.55208300000    
   Pr  G
   19.873100000      0.58380000000E-02  0.33063000000E-01  0.42886000000E-01
   8.9102000000      0.43248000000E-01  0.12187100000      0.58742000000E-01
   3.9977000000      0.72269000000E-01  0.34131400000      0.47041700000    
   1.7285000000      0.34783400000      0.54104600000     -0.28148700000    
  0.69360000000      0.56062300000     -0.54847100000     -0.37676700000    
  0.24180000000      0.11173600000     -0.25395300000      0.75271100000    
end
basis "Nd_Stuttgart_RSC_ANO/ECP" SPHERICAL
   Nd  S
   67945.590000      0.15000000000E-04 -0.80000000000E-05  0.40000000000E-05 -0.11000000000E-04 -0.14000000000E-04 -0.26000000000E-04
   9404.4083000      0.12500000000E-03 -0.72000000000E-04  0.33000000000E-04 -0.93000000000E-04 -0.10300000000E-03 -0.27800000000E-03
   2084.3177000      0.61000000000E-03 -0.31800000000E-03  0.14300000000E-03 -0.42700000000E-03 -0.57100000000E-03 -0.85500000000E-03
   586.98950000      0.17730000000E-02 -0.10970000000E-02  0.50600000000E-03 -0.13730000000E-02 -0.13830000000E-02 -0.48140000000E-02
   142.94060000      0.53920000000E-02 -0.22560000000E-02  0.98700000000E-03 -0.32350000000E-02 -0.54090000000E-02 -0.82600000000E-03
   39.672200000     -0.19496500000      0.78341000000E-01 -0.34225000000E-01  0.97718000000E-01  0.13532900000      0.72520000000E-01
   28.087800000      0.56178800000     -0.24372900000      0.10769800000     -0.30109700000     -0.38521000000     -0.41784000000    
   13.056900000     -0.99945000000      0.49290500000     -0.22122400000      0.63105000000      0.78300100000       1.3233250000    
   3.3514000000      0.97110500000     -0.70598700000      0.32891200000      -1.3646310000      -2.3732540000      -5.9550080000    
   1.7247000000      0.41891600000     -0.45164200000      0.23415300000      0.88324000000E-01   2.1035400000       8.5865440000    
  0.64270000000      0.22972000000E-01  0.78297100000     -0.48659700000       2.5927650000      0.77638800000      -6.8057790000    
  0.28280000000      0.84000000000E-03  0.51417800000     -0.45877300000      -2.0753390000      -2.0069210000       3.8581660000    
    0.51900000000E-01 -0.29300000000E-03  0.12732000000      0.78740500000     -0.55823000000       2.6062680000      -1.6132130000    
    0.21700000000E-01 -0.63500000000E-03  0.52575000000E-01  0.39152900000      0.96936100000      -1.9842140000      0.92233600000    
   Nd  P
   4017.4813000      0.16000000000E-04 -0.90000000000E-05  0.90000000000E-05  0.15000000000E-04  0.15000000000E-04  0.15000000000E-04
   1360.6192000      0.63000000000E-04 -0.26000000000E-04  0.12000000000E-04  0.20000000000E-04  0.12400000000E-03 -0.42200000000E-03
   507.15080000      0.36300000000E-03 -0.19400000000E-03  0.20000000000E-03  0.33100000000E-03  0.40600000000E-03  0.30000000000E-05
   159.69520000      0.19690000000E-02 -0.91800000000E-03  0.68800000000E-03  0.11380000000E-02  0.31590000000E-02 -0.74920000000E-02
   27.630600000      0.42440000000E-01 -0.28828000000E-01  0.31941000000E-01  0.55454000000E-01  0.80724000000E-01 -0.52552000000E-01
   19.604000000      0.45953000000E-01  0.14062000000E-01 -0.35941000000E-01 -0.72355000000E-01 -0.75180000000E-01 -0.74583000000E-01
   13.909600000     -0.31802500000      0.11235700000     -0.73343000000E-01 -0.10744600000     -0.27878900000      0.66610700000    
   4.9395000000      0.47318500000     -0.26080200000      0.22102000000      0.42835000000       1.4368670000      -4.2194780000    
   2.5449000000      0.58204900000     -0.35275100000      0.38418700000      0.55755800000     -0.34403200000       7.2318590000    
   1.1810000000      0.13529900000      0.11226300000     -0.42931200000      -1.2105020000      -2.8068740000      -6.8957140000    
  0.55520000000      0.27060000000E-02  0.63249100000     -0.63955400000     -0.44110400000       4.0441430000       4.6628570000    
  0.23950000000      0.41360000000E-02  0.41260500000      0.34610100000       1.8074160000      -2.6189560000      -2.0302480000    
    0.80000000000E-01 -0.22500000000E-03  0.34590000000E-01  0.82680700000      -1.2077810000      0.84499700000      0.51357000000    
   Nd  D
   350.96120000      0.28200000000E-03 -0.94000000000E-04  0.21500000000E-03 -0.22000000000E-04  0.44600000000E-03
   105.96210000      0.22220000000E-02 -0.69300000000E-03  0.49100000000E-03  0.29940000000E-02 -0.85820000000E-02
   38.470400000      0.11016000000E-01 -0.35860000000E-02  0.79780000000E-02  0.51300000000E-03  0.11960000000E-01
   15.482600000     -0.31804000000E-01  0.10321000000E-01 -0.29108000000E-01  0.56230000000E-02 -0.52749000000E-01
   7.4260000000      0.22399400000     -0.85364000000E-01  0.16983100000      0.84661000000E-01 -0.11899100000    
   3.9996000000      0.43687400000     -0.12210600000      0.89446000000E-01  0.61444600000      -1.7885400000    
   2.0642000000      0.36133900000     -0.13688400000      0.47515500000     -0.25028300000       3.5514480000    
  0.98980000000      0.11860500000      0.22447100000     -0.97927500000      -1.1158970000      -2.5817340000    
  0.33700000000      0.70800000000E-02  0.58288300000     -0.20693400000       1.4187420000       1.0863210000    
  0.10510000000     -0.37000000000E-03  0.43459400000      0.81753800000     -0.82728400000     -0.42145500000    
   Nd  F
   126.08450000      0.21720000000E-02 -0.22040000000E-02  0.26730000000E-02 -0.40110000000E-02
   45.167900000      0.23585000000E-01 -0.22888000000E-01  0.17867000000E-01 -0.42722000000E-01
   20.170000000      0.94142000000E-01 -0.94621000000E-01  0.10312800000     -0.17510900000    
   9.0999000000      0.21745600000     -0.20958500000      0.15637600000     -0.38378400000    
   4.1085000000      0.33961200000     -0.30484700000      0.35918700000     -0.23525200000    
   1.7914000000      0.36864000000     -0.99562000000E-01 -0.35352700000       1.3989430000    
  0.72580000000      0.27147000000      0.51717800000     -0.71098900000      -1.3429490000    
  0.25620000000      0.11773900000      0.51218600000      0.96878800000      0.61068300000    
   Nd  G
   20.170000000      0.10358000000E-01  0.46887000000E-01  0.64549000000E-01
   9.0999000000      0.58619000000E-01  0.15467800000      0.11259200000    
   4.1085000000      0.11443500000      0.43546600000      0.58775400000    
   1.7914000000      0.41148900000      0.48246200000     -0.52439900000    
  0.72580000000      0.57405800000     -0.63216600000     -0.30730300000    
  0.25620000000      0.11326100000     -0.24008500000      0.87440200000    
end
basis "Pm_Stuttgart_RSC_ANO/ECP" SPHERICAL
   Pm  S
   69642.715000      0.29000000000E-04 -0.17000000000E-04  0.80000000000E-05 -0.24000000000E-04 -0.31000000000E-04 -0.65000000000E-04
   10512.976000      0.21700000000E-03 -0.13700000000E-03  0.64000000000E-04 -0.18900000000E-03 -0.23100000000E-03 -0.58300000000E-03
   2302.5578000      0.11360000000E-02 -0.67700000000E-03  0.31700000000E-03 -0.95400000000E-03 -0.12260000000E-02 -0.23790000000E-02
   604.17620000      0.36880000000E-02 -0.24110000000E-02  0.11400000000E-02 -0.33250000000E-02 -0.39640000000E-02 -0.11148000000E-01
   155.76230000      0.77630000000E-02 -0.39500000000E-02  0.18170000000E-02 -0.57190000000E-02 -0.81160000000E-02 -0.63010000000E-02
   43.085200000     -0.13340700000      0.51869000000E-01 -0.23029000000E-01  0.65126000000E-01  0.86202000000E-01 -0.45160000000E-02
   27.874400000      0.52051000000     -0.22524800000      0.10156500000     -0.28176600000     -0.34732400000     -0.31113900000    
   13.739500000      -1.0131880000      0.49533800000     -0.22653800000      0.64485300000      0.79199800000       1.2305340000    
   3.4869000000      0.97697500000     -0.71166400000      0.33773500000      -1.4117290000      -2.4264720000      -5.7470400000    
   1.7860000000      0.41072200000     -0.43098700000      0.22677100000      0.17619000000       2.2275410000       8.3953400000    
  0.66590000000      0.21630000000E-01  0.77851100000     -0.48709500000       2.5138710000      0.62356900000      -6.7532320000    
  0.29190000000      0.78600000000E-03  0.50462800000     -0.45792000000      -2.0377200000      -1.9000400000       3.8488160000    
    0.53000000000E-01 -0.30900000000E-03  0.13464700000      0.77893400000     -0.55753400000       2.5582270000      -1.6301580000    
    0.22100000000E-01 -0.60100000000E-03  0.57464000000E-01  0.39471400000      0.96190600000      -1.9614470000      0.93931100000    
   Pm  P
   4008.9171000      0.21000000000E-04 -0.11000000000E-04  0.12000000000E-04  0.19000000000E-04  0.21000000000E-04 -0.16000000000E-04
   1250.0432000      0.10300000000E-03 -0.46000000000E-04  0.30000000000E-04  0.50000000000E-04  0.20900000000E-03 -0.45000000000E-03
   457.07660000      0.53500000000E-03 -0.28000000000E-03  0.28600000000E-03  0.46500000000E-03  0.58900000000E-03 -0.58800000000E-03
   151.27800000      0.25510000000E-02 -0.12130000000E-02  0.95700000000E-03  0.15730000000E-02  0.44340000000E-02 -0.84710000000E-02
   28.190600000      0.52730000000E-01 -0.33825000000E-01  0.37116000000E-01  0.63428000000E-01  0.90724000000E-01 -0.13420800000    
   20.012700000      0.14725000000E-01  0.29923000000E-01 -0.50868000000E-01 -0.97576000000E-01 -0.11087500000      0.21148100000    
   14.223300000     -0.29167700000      0.97947000000E-01 -0.62397000000E-01 -0.85530000000E-01 -0.24794700000      0.35443100000    
   5.1620000000      0.48167000000     -0.26569800000      0.23420900000      0.44835200000       1.5189780000      -3.8975210000    
   2.6424000000      0.57827400000     -0.34690600000      0.38064800000      0.52188900000     -0.58401300000       6.8542090000    
   1.2172000000      0.13035900000      0.12803000000     -0.46485500000      -1.2542400000      -2.4870040000      -6.6828010000    
  0.56910000000      0.20490000000E-02  0.63177600000     -0.62509900000     -0.29903600000       3.8179220000       4.6085350000    
  0.24440000000      0.39610000000E-02  0.40301200000      0.39717500000       1.6882440000      -2.5345370000      -2.0341200000    
    0.80000000000E-01 -0.24000000000E-03  0.32443000000E-01  0.79027800000      -1.1838290000      0.83091200000      0.51731300000    
   Pm  D
   341.80600000      0.43500000000E-03 -0.14700000000E-03  0.28400000000E-03  0.49000000000E-04  0.11400000000E-03
   102.94180000      0.34200000000E-02 -0.11130000000E-02  0.11430000000E-02  0.43740000000E-02 -0.97680000000E-02
   38.223400000      0.14991000000E-01 -0.50120000000E-02  0.98390000000E-02  0.17270000000E-02  0.39980000000E-02
   16.124600000     -0.11413000000E-01  0.36360000000E-02 -0.16784000000E-01  0.24414000000E-01 -0.60921000000E-01
   7.4243000000      0.24276300000     -0.94681000000E-01  0.17690700000      0.10578500000     -0.31527600000    
   4.0177000000      0.43130900000     -0.12136000000      0.10413500000      0.66235300000      -1.3670830000    
   2.0884000000      0.34400800000     -0.12896100000      0.42541300000     -0.46382600000       3.2730030000    
   1.0041000000      0.11020100000      0.24608100000     -0.99168800000     -0.93129600000      -2.5543840000    
  0.34370000000      0.64210000000E-02  0.58156800000     -0.14793200000       1.3695360000       1.1407240000    
  0.10720000000     -0.30500000000E-03  0.41889700000      0.80071900000     -0.82970200000     -0.45637800000    
   Pm  F
   126.65160000      0.26100000000E-02 -0.25940000000E-02  0.33360000000E-02 -0.45190000000E-02
   45.667200000      0.27331000000E-01 -0.26195000000E-01  0.25203000000E-01 -0.52391000000E-01
   20.494900000      0.10293400000     -0.10174100000      0.12285300000     -0.18716000000    
   9.3103000000      0.22727400000     -0.21590800000      0.19489800000     -0.42013100000    
   4.2351000000      0.34313100000     -0.29595900000      0.32923500000     -0.64311000000E-01
   1.8604000000      0.36202300000     -0.65093000000E-01 -0.43305200000       1.2681360000    
  0.75850000000      0.25942900000      0.51292700000     -0.61885100000      -1.3548790000    
  0.26920000000      0.10825400000      0.50967200000      0.93593900000      0.65927100000    
   Pm  G
   20.494900000      0.11951000000E-01 -0.35995000000E-01  0.70231000000E-01
   9.3103000000      0.56173000000E-01 -0.11068000000      0.14427100000    
   4.2351000000      0.11838000000     -0.29791900000      0.50541200000    
   1.8604000000      0.33906500000     -0.23698000000     -0.59248700000    
  0.75850000000      0.41617400000      0.40811900000     -0.13761400000    
  0.26920000000      0.81398000000E-01  0.13702800000      0.71797000000    
end
basis "Sm_Stuttgart_RSC_ANO/ECP" SPHERICAL
   Sm  S
   70078.171000      0.97000000000E-04 -0.11500000000E-03  0.63000000000E-04 -0.22800000000E-03 -0.34200000000E-03 -0.85100000000E-03
   10598.384000      0.73000000000E-03 -0.87100000000E-03  0.47600000000E-03 -0.17210000000E-02 -0.25720000000E-02 -0.65200000000E-02
   2413.8660000      0.35230000000E-02 -0.41620000000E-02  0.22740000000E-02 -0.82530000000E-02 -0.12373000000E-01 -0.30555000000E-01
   677.40310000      0.10873000000E-01 -0.13120000000E-01  0.71760000000E-02 -0.25918000000E-01 -0.38692000000E-01 -0.99457000000E-01
   208.50730000      0.17824000000E-01 -0.20723000000E-01  0.11324000000E-01 -0.41321000000E-01 -0.62243000000E-01 -0.14755500000    
   39.366300000     -0.15438400000      0.38324000000E-01 -0.14239000000E-01  0.23479000000E-01  0.90090000000E-02 -0.32584800000    
   27.987500000      0.57659000000     -0.22303800000      0.98869000000E-01 -0.25157000000     -0.27236100000      0.15091300000    
   14.342600000      -1.0353880000      0.49072700000     -0.22647300000      0.62882500000      0.74611400000      0.81512100000    
   3.6128000000      0.97560600000     -0.71191600000      0.34380700000      -1.4418060000      -2.4542720000      -4.9596580000    
   1.8452000000      0.40911800000     -0.41450700000      0.21934200000      0.26869000000       2.3668970000       7.5652160000    
  0.68750000000      0.21412000000E-01  0.77142100000     -0.48613400000       2.4047340000      0.41404600000      -6.3917400000    
  0.30010000000      0.82500000000E-03  0.49785100000     -0.45648500000      -1.9771040000      -1.7479090000       3.7421120000    
    0.53900000000E-01 -0.34500000000E-03  0.14102800000      0.77370800000     -0.56774700000       2.4827730000      -1.6489580000    
    0.22400000000E-01 -0.60500000000E-03  0.61263000000E-01  0.39497300000      0.96253300000      -1.9211200000      0.96627100000    
   Sm  P
   3990.1950000      0.33000000000E-04 -0.17000000000E-04  0.17000000000E-04  0.27000000000E-04  0.39000000000E-04 -0.71000000000E-04
   1108.0621000      0.20500000000E-03 -0.98000000000E-04  0.80000000000E-04  0.13400000000E-03  0.40500000000E-03 -0.58200000000E-03
   385.81320000      0.98300000000E-03 -0.51100000000E-03  0.51100000000E-03  0.80700000000E-03  0.12010000000E-02 -0.21920000000E-02
   134.97630000      0.38820000000E-02 -0.19030000000E-02  0.16140000000E-02  0.26790000000E-02  0.73420000000E-02 -0.10853000000E-01
   28.619900000      0.64056000000E-01 -0.39792000000E-01  0.43228000000E-01  0.70863000000E-01  0.10342300000     -0.24451000000    
   20.317500000     -0.22684000000E-01  0.49255000000E-01 -0.68613000000E-01 -0.12181700000     -0.16147600000      0.59697700000    
   14.389900000     -0.25147800000      0.76654000000E-01 -0.45923000000E-01 -0.58255000000E-01 -0.18131700000     -0.11313300000    
   5.3093000000      0.50148700000     -0.27974000000      0.26062800000      0.49332700000       1.6112130000      -3.3535930000    
   2.6908000000      0.56563400000     -0.33251900000      0.36027800000      0.42832600000     -0.94175600000       6.2559030000    
   1.2202000000      0.11881600000      0.15978400000     -0.52702500000      -1.2990140000      -2.0446890000      -6.4689170000    
  0.57260000000      0.71200000000E-03  0.62716900000     -0.57785800000     -0.10603400000       3.5801250000       4.7041250000    
  0.24670000000      0.39060000000E-02  0.38398700000      0.44642300000       1.5565490000      -2.4902470000      -2.1323970000    
    0.80000000000E-01 -0.27200000000E-03  0.29542000000E-01  0.75085200000      -1.1690390000      0.83658400000      0.54761600000    
   Sm  D
   398.01540000      0.43300000000E-03 -0.14200000000E-03  0.26100000000E-03  0.94000000000E-04 -0.16200000000E-03
   115.54660000      0.38520000000E-02 -0.12930000000E-02  0.16060000000E-02  0.48470000000E-02 -0.89490000000E-02
   41.893700000      0.17324000000E-01 -0.56530000000E-02  0.10629000000E-01  0.30290000000E-02 -0.48640000000E-02
   20.774300000      0.57430000000E-02 -0.24100000000E-02 -0.23970000000E-02  0.29876000000E-01 -0.49336000000E-01
   7.5304000000      0.25998300000     -0.10036600000      0.17671200000      0.16667600000     -0.54380500000    
   4.0454000000      0.43147800000     -0.12127900000      0.13248800000      0.65568900000     -0.86291400000    
   2.1012000000      0.32762200000     -0.11444700000      0.36114200000     -0.65027300000       2.8751850000    
   1.0105000000      0.10047000000      0.25736700000     -0.99655100000     -0.73597500000      -2.4669270000    
  0.34750000000      0.56940000000E-02  0.57610100000     -0.95060000000E-01   1.3080510000       1.1858710000    
  0.10830000000     -0.20500000000E-03  0.41347200000      0.77706100000     -0.82754400000     -0.49203300000    
   Sm  F
   127.18630000      0.30500000000E-02 -0.30740000000E-02  0.40690000000E-02  0.50310000000E-02
   45.939600000      0.31145000000E-01 -0.30397000000E-01  0.33151000000E-01  0.61722000000E-01
   20.623400000      0.11362400000     -0.11409600000      0.14539700000      0.20031200000    
   9.3855000000      0.24012800000     -0.23002900000      0.23142500000      0.44255900000    
   4.2790000000      0.34765200000     -0.28826000000      0.28194000000     -0.12547300000    
   1.8883000000      0.35302700000     -0.16805000000E-01 -0.53307200000      -1.0947370000    
  0.77480000000      0.24501200000      0.52172500000     -0.48030100000       1.3588920000    
  0.27760000000      0.98678000000E-01  0.48236300000      0.89830300000     -0.72260100000    
   Sm  G
   20.623400000      0.16405000000E-01  0.68555000000E-01  0.97777000000E-01
   9.3855000000      0.67551000000E-01  0.19805100000      0.22414000000    
   4.2790000000      0.14547200000      0.49617100000      0.51666200000    
   1.8883000000      0.35322300000      0.26163700000     -0.79612400000    
  0.77480000000      0.37782700000     -0.65284400000      0.28948000000E-01
  0.27760000000      0.69350000000E-01 -0.18823300000      0.71352200000    
end
basis "Eu_Stuttgart_RSC_ANO/ECP" SPHERICAL
   Eu  S
   70059.420000      0.97000000000E-04 -0.10700000000E-03  0.56000000000E-04 -0.19700000000E-03 -0.30100000000E-03 -0.76600000000E-03
   10776.235000      0.70700000000E-03 -0.79000000000E-03  0.41800000000E-03 -0.14530000000E-02 -0.22190000000E-02 -0.57640000000E-02
   2482.4901000      0.33620000000E-02 -0.37110000000E-02  0.19610000000E-02 -0.68500000000E-02 -0.10492000000E-01 -0.26374000000E-01
   702.15260000      0.10206000000E-01 -0.11557000000E-01  0.61140000000E-02 -0.21253000000E-01 -0.32443000000E-01 -0.85743000000E-01
   216.79260000      0.16597000000E-01 -0.17926000000E-01  0.94660000000E-02 -0.33248000000E-01 -0.51126000000E-01 -0.12187900000    
   41.495000000     -0.16051900000      0.45218000000E-01 -0.18036000000E-01  0.38325000000E-01  0.29115000000E-01 -0.28717800000    
   29.496900000      0.58178500000     -0.22980700000      0.10179700000     -0.26423500000     -0.29515200000      0.10152200000    
   15.030900000      -1.0356970000      0.49160500000     -0.22473100000      0.62534000000      0.76000800000      0.86794600000    
   3.7772000000      0.97851800000     -0.71065800000      0.33863300000      -1.4111100000      -2.4358430000      -5.0571290000    
   1.9219000000      0.40669500000     -0.41013400000      0.21490200000      0.25724300000       2.2939310000       7.6376060000    
  0.71310000000      0.20935000000E-01  0.77047300000     -0.47713600000       2.3446160000      0.51139400000      -6.3681600000    
  0.30970000000      0.90600000000E-03  0.49794200000     -0.45306300000      -1.9063990000      -1.7947000000       3.6901590000    
    0.54900000000E-01 -0.37800000000E-03  0.13973400000      0.77303400000     -0.62320500000       2.4550380000      -1.5983900000    
    0.22700000000E-01 -0.60200000000E-03  0.60462000000E-01  0.39342900000      0.99995800000      -1.8939630000      0.93284200000    
   Eu  P
   4058.0207000      0.48000000000E-04 -0.25000000000E-04  0.25000000000E-04 -0.38000000000E-04  0.65000000000E-04  0.12500000000E-03
   1023.3259000      0.35700000000E-03 -0.17800000000E-03  0.16000000000E-03 -0.26100000000E-03  0.68000000000E-03  0.82000000000E-03
   339.38520000      0.16870000000E-02 -0.88600000000E-03  0.87900000000E-03 -0.13640000000E-02  0.23030000000E-02  0.45310000000E-02
   122.34850000      0.56930000000E-02 -0.28710000000E-02  0.25700000000E-02 -0.42120000000E-02  0.11095000000E-01  0.13278000000E-01
   29.055800000      0.72398000000E-01 -0.44777000000E-01  0.48681000000E-01 -0.77406000000E-01  0.11656100000      0.33982600000    
   20.626900000     -0.46807000000E-01  0.63481000000E-01 -0.82734000000E-01  0.14118700000     -0.20879100000     -0.91643500000    
   14.617900000     -0.22020700000      0.58583000000E-01 -0.31237000000E-01  0.32636000000E-01 -0.10985000000      0.51249700000    
   5.4444000000      0.51595700000     -0.29115300000      0.28557900000     -0.53028900000       1.6658950000       2.8789290000    
   2.7414000000      0.55340200000     -0.31782800000      0.33767500000     -0.34105300000      -1.2256980000      -5.7444710000    
   1.2283000000      0.11037100000      0.18539300000     -0.57899300000       1.3238110000      -1.6529090000       6.2602570000    
  0.57690000000     -0.36000000000E-04  0.62250200000     -0.53515700000     -0.58953000000E-01   3.3371070000      -4.7533060000    
  0.24890000000      0.38730000000E-02  0.36805200000      0.49002200000      -1.4332060000      -2.4319520000       2.2090570000    
    0.80000000000E-01 -0.28800000000E-03  0.27205000000E-01  0.71318000000       1.1546460000      0.83926600000     -0.57432200000    
   Eu  D
   389.08410000      0.53400000000E-03 -0.17100000000E-03  0.30700000000E-03  0.12500000000E-03 -0.34600000000E-03
   117.76020000      0.42580000000E-02 -0.14150000000E-02  0.19490000000E-02  0.57790000000E-02 -0.92380000000E-02
   44.986900000      0.17160000000E-01 -0.54530000000E-02  0.10039000000E-01  0.19200000000E-02 -0.77480000000E-02
   22.859900000      0.12427000000E-01 -0.46340000000E-02  0.34720000000E-02  0.37394000000E-01 -0.49811000000E-01
   7.8331000000      0.27041600000     -0.10147700000      0.17755800000      0.20065900000     -0.65255700000    
   4.1134000000      0.44527200000     -0.12378500000      0.16075300000      0.64780300000     -0.50836000000    
   2.0999000000      0.31440800000     -0.99681000000E-01  0.29830700000     -0.80972900000       2.4993450000    
   1.0043000000      0.88458000000E-01  0.27019200000      -1.0030120000     -0.52668800000      -2.3310900000    
  0.34220000000      0.47190000000E-02  0.57453700000     -0.28588000000E-01   1.2183080000       1.1973200000    
  0.10510000000     -0.14400000000E-03  0.40538100000      0.74273600000     -0.81821500000     -0.52037700000    
   Eu  F
   128.23410000      0.34240000000E-02 -0.35040000000E-02  0.47210000000E-02  0.53350000000E-02
   46.268500000      0.34313000000E-01 -0.34115000000E-01  0.40242000000E-01  0.67585000000E-01
   20.736600000      0.12319400000     -0.12590700000      0.16660700000      0.20923100000    
   9.4479000000      0.25182400000     -0.24294200000      0.26160200000      0.44914300000    
   4.3149000000      0.35129200000     -0.27784800000      0.22633700000     -0.27638900000    
   1.9121000000      0.34431900000      0.26634000000E-01 -0.60813500000     -0.93490300000    
  0.78970000000      0.23175500000      0.52812500000     -0.35269400000       1.3524210000    
  0.28590000000      0.90108000000E-01  0.45578100000      0.85925200000     -0.77940600000    
   Eu  G
   20.736600000      0.26516000000E-01 -0.80260000000E-01  0.12157400000    
   9.4479000000      0.99066000000E-01 -0.22066100000      0.29088100000    
   4.3149000000      0.21337800000     -0.50804700000      0.44907400000    
   1.9121000000      0.45371300000     -0.16149700000     -0.89864000000    
  0.78970000000      0.43129900000      0.65157800000      0.19166000000    
  0.28590000000      0.74512000000E-01  0.16631100000      0.63679900000    
end
basis "Gd_Stuttgart_RSC_ANO/ECP" SPHERICAL
   Gd  S
   70672.982000      0.13500000000E-03 -0.22500000000E-03  0.15000000000E-03 -0.52100000000E-03 -0.10450000000E-02  0.19580000000E-02
   10580.420000      0.10060000000E-02 -0.16830000000E-02  0.11230000000E-02 -0.39030000000E-02 -0.78270000000E-02  0.14777000000E-01
   2467.2196000      0.46050000000E-02 -0.76630000000E-02  0.51170000000E-02 -0.17797000000E-01 -0.35676000000E-01  0.66585000000E-01
   710.30550000      0.13577000000E-01 -0.22922000000E-01  0.15306000000E-01 -0.53179000000E-01 -0.10673000000      0.20293500000    
   223.69340000      0.20915000000E-01 -0.34459000000E-01  0.23032000000E-01 -0.80226000000E-01 -0.16071400000      0.29409900000    
   42.884500000     -0.15475600000      0.19545000000E-01  0.31500000000E-03 -0.38853000000E-01 -0.16626200000      0.64763100000    
   30.595200000      0.58564700000     -0.20267800000      0.87951000000E-01 -0.17366100000     -0.47287000000E-01 -0.73828800000    
   15.792300000      -1.0422710000      0.47445400000     -0.22862800000      0.56940400000      0.59744700000     -0.20721000000E-01
   3.9598000000      0.97789200000     -0.70315100000      0.36045200000      -1.4033410000      -2.3824700000       2.7381560000    
   2.0077000000      0.40798600000     -0.39345200000      0.21670000000      0.34429400000       2.4757660000      -4.9766870000    
  0.74940000000      0.19227000000E-01  0.75155200000     -0.49940700000       2.1701380000      0.10374900000       5.1236180000    
  0.32410000000      0.29400000000E-03  0.48796800000     -0.45670800000      -1.7781690000      -1.4932050000      -3.3435370000    
    0.57800000000E-01 -0.34800000000E-03  0.15762100000      0.75836900000     -0.68406600000       2.2671750000       1.6941090000    
    0.23700000000E-01 -0.54800000000E-03  0.72092000000E-01  0.40088900000       1.0385540000      -1.7594190000      -1.0387190000    
   Gd  P
   4319.8879000      0.58000000000E-04 -0.31000000000E-04  0.31000000000E-04 -0.49000000000E-04  0.89000000000E-04  0.17200000000E-03
   1015.3970000      0.49300000000E-03 -0.25100000000E-03  0.24300000000E-03 -0.39200000000E-03  0.94700000000E-03  0.10710000000E-02
   323.72580000      0.23880000000E-02 -0.12580000000E-02  0.12950000000E-02 -0.20360000000E-02  0.36950000000E-02  0.73110000000E-02
   116.23940000      0.75040000000E-02 -0.38450000000E-02  0.36990000000E-02 -0.60210000000E-02  0.15110000000E-01  0.15850000000E-01
   29.201800000      0.81145000000E-01 -0.49855000000E-01  0.56046000000E-01 -0.90735000000E-01  0.14237700000      0.46952400000    
   20.835300000     -0.66154000000E-01  0.75607000000E-01 -0.98966000000E-01  0.17511200000     -0.28667200000      -1.3283280000    
   14.856800000     -0.19733900000      0.44010000000E-01 -0.17859000000E-01 -0.22400000000E-03 -0.16687000000E-01  0.97763700000    
   5.5541000000      0.52250600000     -0.29497600000      0.30720500000     -0.56771300000       1.7067370000       2.4301090000    
   2.7918000000      0.54476400000     -0.30708700000      0.32998300000     -0.27725000000      -1.4763420000      -5.3156330000    
   1.2482000000      0.10689700000      0.19562600000     -0.61993300000       1.3794900000      -1.2743860000       6.0648290000    
  0.58430000000     -0.74400000000E-03  0.61971800000     -0.52898500000     -0.25877600000       3.0624930000      -4.7379640000    
  0.25120000000      0.33980000000E-02  0.36203900000      0.55478100000      -1.2718350000      -2.3573070000       2.2566210000    
    0.80000000000E-01 -0.31000000000E-03  0.26657000000E-01  0.66158900000       1.1314870000      0.85482600000     -0.60183100000    
   Gd  D
   406.09940000      0.65500000000E-03 -0.20600000000E-03  0.36400000000E-03  0.26400000000E-03  0.64400000000E-03
   122.42050000      0.53410000000E-02 -0.17320000000E-02  0.27420000000E-02  0.69150000000E-02  0.92960000000E-02
   46.367900000      0.22180000000E-01 -0.69870000000E-02  0.12318000000E-01  0.83570000000E-02  0.19973000000E-01
   20.728900000      0.29630000000E-01 -0.10262000000E-01  0.14545000000E-01  0.57759000000E-01  0.63455000000E-01
   7.9773000000      0.28827000000     -0.10430000000      0.18879000000      0.24925300000      0.76090200000    
   4.1175000000      0.44967800000     -0.12174400000      0.18887800000      0.62994200000      0.57257000000E-01
   2.0783000000      0.29515700000     -0.78068000000E-01  0.19929100000      -1.0421770000      -2.0185230000    
  0.98880000000      0.75425000000E-01  0.27773500000     -0.98502100000     -0.23406900000       2.1914580000    
  0.33890000000      0.37300000000E-02  0.56060900000      0.26354000000E-01   1.0962500000      -1.2621710000    
  0.10370000000     -0.68000000000E-04  0.41020000000      0.70788400000     -0.79256300000      0.57667100000    
   Gd  F
   128.70520000      0.39700000000E-02 -0.37030000000E-02  0.58960000000E-02  0.61710000000E-02
   46.564700000      0.38735000000E-01 -0.35298000000E-01  0.52538000000E-01  0.75113000000E-01
   20.888200000      0.13395800000     -0.12461400000      0.19619700000      0.22111600000    
   9.5233000000      0.26283500000     -0.23550100000      0.30383800000      0.45209300000    
   4.3476000000      0.35391100000     -0.26068300000      0.15887300000     -0.43161900000    
   1.9241000000      0.33605200000      0.41293000000E-01 -0.63510400000     -0.74174500000    
  0.79260000000      0.21998600000      0.50400800000     -0.28490300000       1.2911500000    
  0.28550000000      0.83785000000E-01  0.48809500000      0.79498700000     -0.80010300000    
   Gd  G
   20.888200000      0.27073000000E-01 -0.88053000000E-01  0.13649800000    
   9.5233000000      0.94174000000E-01 -0.23523500000      0.34163000000    
   4.3476000000      0.20520100000     -0.49227300000      0.30419200000    
   1.9241000000      0.40397900000     -0.71527000000E-01 -0.86118300000    
  0.79260000000      0.35162900000      0.60587800000      0.30305000000    
  0.28550000000      0.59426000000E-01  0.14483100000      0.51551200000    
end
basis "Tb_Stuttgart_RSC_ANO/ECP" SPHERICAL
   Tb  S
   72672.982000      0.14500000000E-03 -0.32100000000E-03  0.36600000000E-03  0.21270000000E-02  0.20050000000E-02  0.12280000000E-02
   10989.467000      0.10810000000E-02 -0.24070000000E-02  0.27420000000E-02  0.15935000000E-01  0.15030000000E-01  0.92480000000E-02
   2527.1175000      0.50610000000E-02 -0.11188000000E-01  0.12746000000E-01  0.74063000000E-01  0.69840000000E-01  0.42692000000E-01
   721.01020000      0.14727000000E-01 -0.33132000000E-01  0.37751000000E-01  0.21961800000      0.20730000000      0.12824400000    
   226.91820000      0.22029000000E-01 -0.47852000000E-01  0.54540000000E-01  0.31657800000      0.29829200000      0.17978300000    
   46.084600000     -0.11532200000     -0.71600000000E-03  0.29203000000E-01  0.29833400000      0.36025300000      0.32929700000    
   30.515700000      0.54259600000     -0.17332900000      0.71133000000E-01 -0.12952600000     -0.47121700000     -0.63869900000    
   15.763200000      -1.0490510000      0.44659400000     -0.24748100000     -0.37253400000      0.39691200000      0.85105200000    
   4.0394000000      0.95843100000     -0.64019900000      0.39939700000       1.5719700000      0.72327000000E-01  -1.4259770000    
   2.0660000000      0.43282900000     -0.39383500000      0.24189200000      -1.0345120000      -1.1069250000      0.41015100000    
  0.74960000000      0.22655000000E-01  0.69401200000     -0.54107300000      -1.3427930000       1.7413630000       2.2143740000    
  0.32390000000     -0.44900000000E-03  0.45581800000     -0.48381300000       1.5409770000     -0.69374800000      -2.5938200000    
    0.56100000000E-01 -0.56000000000E-04  0.22154400000      0.74752200000      0.66006000000E-01  -1.3284410000       2.3694160000    
    0.23100000000E-01 -0.52700000000E-03  0.10111700000      0.37925600000     -0.46314000000       1.3420150000      -1.7285440000    
   Tb  P
   4392.6675000      0.70000000000E-04 -0.38000000000E-04  0.40000000000E-04 -0.63000000000E-04  0.12000000000E-03  0.24400000000E-03
   1041.2891000      0.58600000000E-03 -0.29900000000E-03  0.30600000000E-03 -0.49900000000E-03  0.11250000000E-02  0.11850000000E-02
   334.50070000      0.27880000000E-02 -0.15010000000E-02  0.16090000000E-02 -0.25440000000E-02  0.48470000000E-02  0.10210000000E-01
   120.98110000      0.87100000000E-02 -0.44460000000E-02  0.45440000000E-02 -0.74720000000E-02  0.17315000000E-01  0.15888000000E-01
   32.270700000      0.65942000000E-01 -0.44146000000E-01  0.51365000000E-01 -0.82944000000E-01  0.14696400000      0.54004300000    
   22.837800000     -0.22287000000E-01  0.56836000000E-01 -0.81130000000E-01  0.14534300000     -0.28684700000      -1.4963370000    
   16.218300000     -0.21290800000      0.51172000000E-01 -0.26062000000E-01  0.14108000000E-01  0.16772000000E-01   1.1918330000    
   5.7987000000      0.53446500000     -0.30807400000      0.33604300000     -0.62349700000       1.7186420000       2.0202460000    
   2.8898000000      0.53670400000     -0.28952700000      0.28517600000     -0.14348600000      -1.6993080000      -4.7113310000    
   1.2536000000      0.97046000000E-01  0.22882600000     -0.67399000000       1.3677950000     -0.89518000000       5.7587900000    
  0.59140000000     -0.27170000000E-02  0.61165500000     -0.44420800000     -0.42614500000       2.8110240000      -4.8021560000    
  0.25600000000      0.35980000000E-02  0.34011300000      0.57184400000      -1.1275610000      -2.2935510000       2.3422940000    
    0.80000000000E-01 -0.37200000000E-03  0.22829000000E-01  0.63538800000       1.0986440000      0.84958800000     -0.62338500000    
   Tb  D
   410.83070000      0.84900000000E-03 -0.27600000000E-03 -0.47700000000E-03  0.49100000000E-03  0.92600000000E-03
   123.83550000      0.69370000000E-02 -0.23150000000E-02 -0.39060000000E-02  0.87320000000E-02  0.10705000000E-01
   47.013100000      0.28533000000E-01 -0.93090000000E-02 -0.15998000000E-01  0.15802000000E-01  0.28550000000E-01
   20.298900000      0.50342000000E-01 -0.17534000000E-01 -0.28974000000E-01  0.81001000000E-01  0.88234000000E-01
   8.0138000000      0.30163300000     -0.11146600000     -0.20294300000      0.32218900000      0.83801300000    
   4.0855000000      0.44817800000     -0.12350100000     -0.21029500000      0.54492700000     -0.35974600000    
   2.0516000000      0.27683400000     -0.60313000000E-01 -0.11033700000      -1.2156760000      -1.5603170000    
  0.98380000000      0.68519000000E-01  0.28924600000      0.97310400000      0.46340000000E-01   2.0648180000    
  0.34200000000      0.37560000000E-02  0.55511600000     -0.96156000000E-01  0.97359700000      -1.3374740000    
  0.10580000000     -0.62000000000E-04  0.39773400000     -0.67487600000     -0.77401300000      0.64597300000    
   Tb  F
   128.96660000      0.45880000000E-02 -0.45660000000E-02  0.70080000000E-02  0.79170000000E-02
   46.786100000      0.43563000000E-01 -0.42221000000E-01  0.62073000000E-01  0.87631000000E-01
   21.002100000      0.14488000000     -0.14130500000      0.21522100000      0.24369500000    
   9.5773000000      0.27243000000     -0.25061600000      0.31728000000      0.43071700000    
   4.3716000000      0.35365200000     -0.24548200000      0.86022000000E-01 -0.57982900000    
   1.9343000000      0.32658400000      0.85350000000E-01 -0.66817600000     -0.52978700000    
  0.79600000000      0.21170000000      0.50340500000     -0.17359900000       1.2115380000    
  0.28660000000      0.81111000000E-01  0.46156500000      0.75819700000     -0.81384700000    
   Tb  G
   21.002100000      0.33082000000E-01 -0.95763000000E-01 -0.15267400000    
   9.5773000000      0.10747500000     -0.24511000000     -0.37118200000    
   4.3716000000      0.23227800000     -0.45833200000     -0.14953200000    
   1.9343000000      0.42389700000      0.22668000000E-01  0.78869200000    
  0.79600000000      0.33335800000      0.54223200000     -0.39907800000    
  0.28660000000      0.52095000000E-01  0.11165700000     -0.39477300000    
end
basis "Dy_Stuttgart_RSC_ANO/ECP" SPHERICAL
   Dy  S
   78529.743000      0.13800000000E-03 -0.29300000000E-03  0.26000000000E-03  0.94400000000E-03  0.22080000000E-02 -0.17700000000E-02
   11854.699000      0.10330000000E-02 -0.22010000000E-02  0.19520000000E-02  0.70960000000E-02  0.16598000000E-01 -0.13360000000E-01
   2719.9807000      0.48610000000E-02 -0.10300000000E-01  0.91400000000E-02  0.33204000000E-01  0.77629000000E-01 -0.62100000000E-01
   772.40360000      0.14340000000E-01 -0.30862000000E-01  0.27386000000E-01  0.99613000000E-01  0.23325200000     -0.18859500000    
   242.03200000      0.21620000000E-01 -0.45168000000E-01  0.40105000000E-01  0.14550900000      0.33977600000     -0.26853200000    
   48.356200000     -0.11345300000      0.10780000000E-02  0.17733000000E-01  0.10927000000      0.38309600000     -0.45679500000    
   31.880600000      0.55935400000     -0.18609500000      0.78587000000E-01  0.10248300000     -0.33372300000      0.75715400000    
   16.860900000      -1.0607550000      0.46279500000     -0.23633100000     -0.53929400000     -0.88635000000E-01 -0.73657400000    
   4.2155000000      0.97806700000     -0.67576700000      0.37780700000       1.5009140000       1.4927100000      0.47508500000    
   2.1287000000      0.40927500000     -0.38255500000      0.21946400000     -0.59740400000      -2.0839800000      0.91230600000    
  0.78890000000      0.19625000000E-01  0.72217800000     -0.50754900000      -1.8843170000      0.82228000000      -3.0074910000    
  0.33830000000      0.21600000000E-03  0.47304100000     -0.46822000000       1.6503090000      0.46357800000       2.7962170000    
    0.58100000000E-01 -0.31600000000E-03  0.18880100000      0.75077900000      0.63372700000      -1.6245810000      -2.1146910000    
    0.23800000000E-01 -0.53500000000E-03  0.86755000000E-01  0.38937900000     -0.98164700000       1.3647780000       1.4792350000    
   Dy  P
   4069.1626000      0.11900000000E-03 -0.66000000000E-04  0.70000000000E-04 -0.11300000000E-03  0.21800000000E-03  0.38100000000E-03
   962.25980000      0.98700000000E-03 -0.52900000000E-03  0.55500000000E-03 -0.91100000000E-03  0.18970000000E-02  0.19340000000E-02
   308.60090000      0.46080000000E-02 -0.25700000000E-02  0.27470000000E-02 -0.44410000000E-02  0.85830000000E-02  0.15650000000E-01
   112.40990000      0.13362000000E-01 -0.71710000000E-02  0.74990000000E-02 -0.12409000000E-01  0.26441000000E-01  0.21589000000E-01
   32.270700000      0.76444000000E-01 -0.52234000000E-01  0.59903000000E-01 -0.99729000000E-01  0.18949900000      0.65632200000    
   22.837800000     -0.39861000000E-01  0.72167000000E-01 -0.97032000000E-01  0.18185200000     -0.40328700000      -1.8561500000    
   16.308800000     -0.18209200000      0.29682000000E-01 -0.51780000000E-02 -0.31726000000E-01  0.17381900000       1.6373770000    
   5.8807000000      0.53961700000     -0.31808400000      0.35966000000     -0.67146100000       1.6888080000       1.4637240000    
   2.9213000000      0.52470300000     -0.27247700000      0.24928600000     -0.27352000000E-01  -1.9341770000      -4.1230500000    
   1.2585000000      0.92732000000E-01  0.25097800000     -0.70981700000       1.3702330000     -0.43724600000       5.4789680000    
  0.59260000000     -0.28500000000E-02  0.60480100000     -0.39415100000     -0.60173000000       2.4554100000      -4.8077480000    
  0.25690000000      0.35490000000E-02  0.32557100000      0.59369600000     -0.97314500000      -2.1939330000       2.4372700000    
    0.80000000000E-01 -0.37500000000E-03  0.21429000000E-01  0.60627700000       1.0661770000      0.85996000000     -0.66796500000    
   Dy  D
   409.80320000      0.10460000000E-02 -0.34600000000E-03 -0.61300000000E-03 -0.66900000000E-03  0.11230000000E-02
   123.71040000      0.84480000000E-02 -0.27760000000E-02 -0.48760000000E-02 -0.10682000000E-01  0.12187000000E-01
   47.097600000      0.33945000000E-01 -0.11269000000E-01 -0.19840000000E-01 -0.20311000000E-01  0.32990000000E-01
   20.120200000      0.63313000000E-01 -0.21329000000E-01 -0.37422000000E-01 -0.10296200000      0.10875900000    
   8.1571000000      0.31054200000     -0.11653800000     -0.22063800000     -0.34946300000      0.83036300000    
   4.1474000000      0.44327600000     -0.11306100000     -0.19479200000     -0.49278400000     -0.52917500000    
   2.0825000000      0.26593400000     -0.63645000000E-01 -0.87374000000E-01   1.3253790000      -1.2650980000    
  0.99980000000      0.64947000000E-01  0.31901600000      0.98697300000     -0.29633600000       1.8016960000    
  0.32020000000      0.34080000000E-02  0.58930100000     -0.20627100000     -0.77988400000      -1.2015690000    
    0.91300000000E-01 -0.12900000000E-03  0.35440500000     -0.60861100000      0.73505700000      0.65035300000    
   Dy  F
   129.62740000      0.52520000000E-02 -0.52430000000E-02  0.78490000000E-02  0.85760000000E-02
   47.172700000      0.48490000000E-01 -0.47431000000E-01  0.68946000000E-01  0.91827000000E-01
   21.158600000      0.15475200000     -0.15310400000      0.22865900000      0.25647300000    
   9.6381000000      0.28117000000     -0.26139900000      0.32440600000      0.41447400000    
   4.3953000000      0.35382800000     -0.23149100000      0.22636000000E-01 -0.68358300000    
   1.9426000000      0.31851600000      0.12294200000     -0.68407700000     -0.36388500000    
  0.79800000000      0.20321700000      0.50791800000     -0.82886000000E-01   1.1369300000    
  0.28660000000      0.76476000000E-01  0.43365800000      0.72758900000     -0.82350400000    
   Dy  G
   21.158600000      0.40920000000E-01 -0.12573900000     -0.20711200000    
   9.6381000000      0.12549700000     -0.30811500000     -0.46539300000    
   4.3953000000      0.26839700000     -0.51586000000     -0.35941000000E-01
   1.9426000000      0.45159500000      0.10852900000      0.85988000000    
  0.79800000000      0.32504800000      0.60048100000     -0.53849400000    
  0.28660000000      0.48238000000E-01  0.11376400000     -0.38968300000    
end
basis "Ho_Stuttgart_RSC_ANO/ECP" SPHERICAL
   Ho  S
   86373.955000      0.78000000000E-04 -0.72000000000E-04  0.37000000000E-04 -0.10900000000E-03 -0.20000000000E-03 -0.44900000000E-03
   13014.200000      0.58800000000E-03 -0.54300000000E-03  0.27900000000E-03 -0.82500000000E-03 -0.15220000000E-02 -0.35620000000E-02
   2974.2417000      0.28010000000E-02 -0.25410000000E-02  0.13070000000E-02 -0.38540000000E-02 -0.70970000000E-02 -0.15571000000E-01
   840.77100000      0.83640000000E-02 -0.78400000000E-02  0.40400000000E-02 -0.11939000000E-01 -0.22083000000E-01 -0.53443000000E-01
   258.12230000      0.13419000000E-01 -0.11777000000E-01  0.60450000000E-02 -0.17789000000E-01 -0.32592000000E-01 -0.63194000000E-01
   49.764800000     -0.17932200000      0.60386000000E-01 -0.26996000000E-01  0.53951000000E-01  0.54250000000E-01 -0.28958500000    
   35.546300000      0.61079100000     -0.24708000000      0.11425000000     -0.25694300000     -0.33546300000      0.16102400000    
   18.129000000      -1.0436500000      0.48813800000     -0.22971200000      0.55730500000      0.81220000000      0.81302200000    
   4.4456000000      0.99798500000     -0.70923700000      0.34479200000      -1.2258220000      -2.4912690000      -4.9362970000    
   2.2170000000      0.38610600000     -0.38186700000      0.20547000000      0.20533800000       2.2152310000       7.5958110000    
  0.83290000000      0.16821000000E-01  0.75659700000     -0.46677900000       1.9883250000      0.77714200000      -6.3484560000    
  0.35440000000      0.67800000000E-03  0.49234600000     -0.45346200000      -1.4841040000      -1.9380860000       3.5580540000    
    0.59700000000E-01 -0.47100000000E-03  0.15316000000      0.75888200000     -0.98003200000       2.2663590000      -1.4696870000    
    0.24400000000E-01 -0.52000000000E-03  0.68629000000E-01  0.39323500000       1.2494160000      -1.7085280000      0.84821100000    
   Ho  P
   4325.3814000      0.14100000000E-03 -0.79000000000E-04  0.83000000000E-04 -0.13400000000E-03  0.24400000000E-03  0.36800000000E-03
   1002.3283000      0.12200000000E-02 -0.68600000000E-03  0.72200000000E-03 -0.11860000000E-02  0.23810000000E-02  0.25610000000E-02
   312.03850000      0.60510000000E-02 -0.33980000000E-02  0.35980000000E-02 -0.57730000000E-02  0.10546000000E-01  0.16168000000E-01
   110.73810000      0.17343000000E-01 -0.99090000000E-02  0.10444000000E-01 -0.17332000000E-01  0.35829000000E-01  0.34835000000E-01
   32.142300000      0.89498000000E-01 -0.51438000000E-01  0.56365000000E-01 -0.89385000000E-01  0.14367000000      0.39869200000    
   20.434500000     -0.13826300000      0.10726000000     -0.13038000000      0.22775400000     -0.41866200000      -1.5821520000    
   14.441600000     -0.85052000000E-01 -0.19322000000E-01  0.48020000000E-01 -0.12230000000      0.31153900000       1.8788880000    
   6.0350000000      0.54451100000     -0.31483100000      0.35589700000     -0.65810200000       1.6014670000      0.95538600000    
   3.0020000000      0.51265600000     -0.27120200000      0.25551500000     -0.14875000000E-01  -1.9873250000      -3.8486010000    
   1.3324000000      0.93904000000E-01  0.25154200000     -0.71623600000       1.3565120000     -0.25454900000       5.2614640000    
  0.61270000000     -0.56100000000E-03  0.61104900000     -0.40596100000     -0.63669600000       2.2613570000      -4.5352400000    
  0.26270000000      0.29280000000E-02  0.32357000000      0.62401100000     -0.89137800000      -2.0904380000       2.3335100000    
    0.80000000000E-01 -0.27500000000E-03  0.20494000000E-01  0.58131900000       1.0402160000      0.84587000000     -0.64989800000    
   Ho  D
   454.44040000      0.10650000000E-02 -0.33300000000E-03 -0.60100000000E-03 -0.81700000000E-03 -0.12810000000E-02
   137.41230000      0.87540000000E-02 -0.28310000000E-02 -0.55850000000E-02 -0.10945000000E-01 -0.10188000000E-01
   52.693600000      0.35896000000E-01 -0.11296000000E-01 -0.20281000000E-01 -0.26869000000E-01 -0.40628000000E-01
   22.603700000      0.76848000000E-01 -0.25468000000E-01 -0.51449000000E-01 -0.10827800000     -0.90225000000E-01
   8.7808000000      0.29227300000     -0.10205500000     -0.19779100000     -0.40736300000     -0.86448900000    
   4.3752000000      0.45709200000     -0.12666600000     -0.27119600000     -0.38901900000      0.79377600000    
   2.1022000000      0.28128800000     -0.20509000000E-01  0.10734500000       1.3205110000      0.70061700000    
  0.90730000000      0.54469000000E-01  0.30799100000      0.89032200000     -0.44720800000      -1.5385210000    
  0.31720000000      0.64600000000E-03  0.53280200000     -0.22664300000     -0.67241000000       1.3662150000    
    0.97500000000E-01  0.41700000000E-03  0.39037800000     -0.58677600000      0.69575100000     -0.75785600000    
   Ho  F
   136.46780000      0.52300000000E-02 -0.51060000000E-02  0.75800000000E-02  0.79500000000E-02
   49.569200000      0.48449000000E-01 -0.46691000000E-01  0.67941000000E-01  0.86944000000E-01
   22.247100000      0.15620800000     -0.15321000000      0.23019100000      0.25931100000    
   10.135900000      0.28238400000     -0.26303400000      0.33349700000      0.41621800000    
   4.6186000000      0.35388100000     -0.22802900000      0.71460000000E-02 -0.70596200000    
   2.0375000000      0.31745800000      0.12560900000     -0.68125000000     -0.32951000000    
  0.83430000000      0.20272500000      0.50385700000     -0.74202000000E-01   1.1161580000    
  0.29790000000      0.77009000000E-01  0.43793200000      0.71855400000     -0.81825800000    
   Ho  G
   22.247100000      0.46114000000E-01 -0.12867100000     -0.21496100000    
   10.135900000      0.14079400000     -0.31701600000     -0.46998100000    
   4.6186000000      0.30152100000     -0.50148500000      0.22943000000E-01
   2.0375000000      0.47987000000      0.13482000000      0.80914300000    
  0.83430000000      0.33754700000      0.58842700000     -0.54667400000    
  0.29790000000      0.50925000000E-01  0.11294700000     -0.35019300000    
end
basis "Er_Stuttgart_RSC_ANO/ECP" SPHERICAL
   Er  S
   89904.835000      0.63000000000E-04 -0.49000000000E-04  0.24000000000E-04 -0.64000000000E-04 -0.12300000000E-03 -0.26700000000E-03
   13532.874000      0.47300000000E-03 -0.37100000000E-03  0.18500000000E-03 -0.48800000000E-03 -0.94500000000E-03 -0.21980000000E-02
   3087.3042000      0.22540000000E-02 -0.17290000000E-02  0.86300000000E-03 -0.22630000000E-02 -0.43710000000E-02 -0.90860000000E-02
   870.18760000      0.67060000000E-02 -0.53660000000E-02  0.26880000000E-02 -0.70850000000E-02 -0.13784000000E-01 -0.33876000000E-01
   263.42620000      0.10882000000E-01 -0.79480000000E-02  0.39540000000E-02 -0.10293000000E-01 -0.19684000000E-01 -0.31799000000E-01
   52.414100000     -0.18751800000      0.68328000000E-01 -0.31215000000E-01  0.62009000000E-01  0.81163000000E-01 -0.23963700000    
   37.438700000      0.61528300000     -0.25347900000      0.11788200000     -0.25052500000     -0.37101300000      0.97058000000E-01
   18.930000000      -1.0414360000      0.48744800000     -0.22975800000      0.52096500000      0.84172400000      0.86322500000    
   4.6293000000       1.0000080000     -0.70622600000      0.34293100000      -1.1167050000      -2.5025630000      -5.0034130000    
   2.3028000000      0.38401600000     -0.37977400000      0.20450600000      0.13629800000       2.1354590000       7.6505120000    
  0.86460000000      0.16599000000E-01  0.75375900000     -0.46174600000       1.8784800000      0.94532700000      -6.3248300000    
  0.36610000000      0.55100000000E-03  0.49256100000     -0.45329800000      -1.3334690000      -2.0261910000       3.4980650000    
    0.60500000000E-01 -0.47100000000E-03  0.15610400000      0.76136800000      -1.1168140000       2.1954930000      -1.4119900000    
    0.24700000000E-01 -0.51100000000E-03  0.68741000000E-01  0.38706400000       1.3494800000      -1.6350940000      0.81156600000    
   Er  P
   3801.9737000      0.20100000000E-03 -0.11300000000E-03  0.12100000000E-03 -0.19200000000E-03 -0.34800000000E-03  0.50500000000E-03
   896.72170000      0.16420000000E-02 -0.93200000000E-03  0.10040000000E-02 -0.16340000000E-02 -0.31550000000E-02  0.32490000000E-02
   286.42470000      0.74820000000E-02 -0.42120000000E-02  0.45100000000E-02 -0.71530000000E-02 -0.12927000000E-01  0.19489000000E-01
   104.49430000      0.19303000000E-01 -0.11192000000E-01  0.12128000000E-01 -0.20032000000E-01 -0.39831000000E-01  0.35055000000E-01
   31.156500000      0.10827500000     -0.59898000000E-01  0.64710000000E-01 -0.99773000000E-01 -0.16320400000      0.47725600000    
   20.332300000     -0.20837000000      0.14071200000     -0.16379100000      0.27740900000      0.53646600000      -1.9131970000    
   14.451700000     -0.15538000000E-01 -0.56331000000E-01  0.84823000000E-01 -0.18589000000     -0.49122200000       2.3289230000    
   6.0524000000      0.56947400000     -0.32846100000      0.38542800000     -0.69601900000      -1.5219990000      0.40840000000    
   3.0043000000      0.48293300000     -0.24542700000      0.20273300000      0.12997900000       2.1723220000      -3.2802900000    
   1.3278000000      0.81546000000E-01  0.28704000000     -0.76681000000       1.3110240000     -0.15311700000       4.9669740000    
  0.60930000000     -0.63100000000E-03  0.60211900000     -0.32725800000     -0.78532400000      -1.9494470000      -4.5281460000    
  0.26290000000      0.25690000000E-02  0.30019800000      0.64165200000     -0.74506200000       2.0086180000       2.4272970000    
    0.80000000000E-01 -0.24900000000E-03  0.18226000000E-01  0.54753600000       1.0148970000     -0.85733800000     -0.69223900000    
   Er  D
   456.00080000      0.14180000000E-02 -0.44700000000E-03 -0.85400000000E-03 -0.12200000000E-02 -0.16160000000E-02
   138.15230000      0.11586000000E-01 -0.36970000000E-02 -0.75740000000E-02 -0.13548000000E-01 -0.11933000000E-01
   53.204400000      0.46849000000E-01 -0.14891000000E-01 -0.28263000000E-01 -0.39241000000E-01 -0.50551000000E-01
   22.681500000      0.10408300000     -0.33613000000E-01 -0.70250000000E-01 -0.13251900000     -0.10785700000    
   8.9971000000      0.28843400000     -0.10064800000     -0.20861100000     -0.44311100000     -0.84140100000    
   4.4298000000      0.44983300000     -0.12091400000     -0.27008300000     -0.27360400000      0.98378700000    
   2.1154000000      0.27522100000     -0.97320000000E-02  0.17086400000       1.3320550000      0.37505900000    
  0.90920000000      0.53426000000E-01  0.30763500000      0.85309300000     -0.61272000000      -1.3302090000    
  0.31100000000      0.64500000000E-03  0.53159100000     -0.25293600000     -0.53355600000       1.3169050000    
    0.93300000000E-01  0.37300000000E-03  0.39458100000     -0.55261700000      0.64338600000     -0.77610800000    
   Er  F
   137.95750000      0.52180000000E-02 -0.50550000000E-02  0.74810000000E-02  0.79440000000E-02
   49.673200000      0.48047000000E-01 -0.46152000000E-01  0.67732000000E-01  0.85888000000E-01
   22.275400000      0.16363400000     -0.15989200000      0.24097600000      0.27812900000    
   10.212300000      0.28948300000     -0.26794700000      0.33765700000      0.40127700000    
   4.6589000000      0.35374200000     -0.21586200000     -0.33585000000E-01 -0.77699500000    
   2.0551000000      0.31094900000      0.14761800000     -0.68176300000     -0.21223000000    
  0.84060000000      0.19614200000      0.50055800000     -0.31066000000E-01   1.0538070000    
  0.29960000000      0.73926000000E-01  0.42943000000      0.70027500000     -0.81196500000    
   Er  G
   22.275400000      0.51564000000E-01 -0.13775800000     -0.23860100000    
   10.212300000      0.15094900000     -0.32730000000     -0.47696400000    
   4.6589000000      0.31750400000     -0.46950400000      0.12644500000    
   2.0551000000      0.46684400000      0.19684100000      0.74073000000    
  0.84060000000      0.30407900000      0.55111800000     -0.58244800000    
  0.29960000000      0.44077000000E-01  0.98915000000E-01 -0.30451300000    
end
basis "Tm_Stuttgart_RSC_ANO/ECP" SPHERICAL
   Tm  S
   91965.741000      0.56000000000E-04 -0.40000000000E-04  0.20000000000E-04 -0.52000000000E-04 -0.98000000000E-04 -0.20800000000E-03
   13821.718000      0.42000000000E-03 -0.30400000000E-03  0.15100000000E-03 -0.39700000000E-03 -0.75900000000E-03 -0.17680000000E-02
   3143.9393000      0.20100000000E-02 -0.14130000000E-02  0.70000000000E-03 -0.18310000000E-02 -0.34720000000E-02 -0.69470000000E-02
   882.03480000      0.59310000000E-02 -0.43900000000E-02  0.21830000000E-02 -0.57630000000E-02 -0.11092000000E-01 -0.27767000000E-01
   261.83820000      0.96710000000E-02 -0.63510000000E-02  0.31290000000E-02 -0.80610000000E-02 -0.14935000000E-01 -0.19280000000E-01
   55.310800000     -0.19366400000      0.72807000000E-01 -0.33707000000E-01  0.68356000000E-01  0.89266000000E-01 -0.23251000000    
   39.507700000      0.60963300000     -0.25235100000      0.11826800000     -0.25373500000     -0.37058500000      0.10123200000    
   19.625100000      -1.0317750000      0.48175900000     -0.22842300000      0.52351400000      0.83922600000      0.85580500000    
   4.8195000000      0.99726900000     -0.69868000000      0.34069400000      -1.1300690000      -2.5093850000      -4.9748750000    
   2.3954000000      0.38733800000     -0.37955600000      0.20453800000      0.15592400000       2.1459460000       7.5597760000    
  0.89260000000      0.16853000000E-01  0.74871900000     -0.45679200000       1.8583920000      0.91047400000      -6.2238110000    
  0.37650000000      0.47000000000E-03  0.49128400000     -0.45437100000      -1.3258220000      -1.9848430000       3.4488850000    
    0.61500000000E-01 -0.46300000000E-03  0.15899200000      0.75608600000      -1.1059440000       2.1709510000      -1.3946660000    
    0.25000000000E-01 -0.52500000000E-03  0.71074000000E-01  0.38926000000       1.3371540000      -1.6246400000      0.80465300000    
   Tm  P
   3687.3299000      0.28200000000E-03 -0.16500000000E-03  0.18400000000E-03 -0.29200000000E-03 -0.51300000000E-03  0.69200000000E-03
   875.10930000      0.22560000000E-02 -0.13330000000E-02  0.15030000000E-02 -0.24360000000E-02 -0.44350000000E-02  0.46210000000E-02
   282.40680000      0.99620000000E-02 -0.58350000000E-02  0.65120000000E-02 -0.10338000000E-01 -0.18130000000E-01  0.25348000000E-01
   104.31900000      0.24776000000E-01 -0.14973000000E-01  0.17012000000E-01 -0.27950000000E-01 -0.52012000000E-01  0.47531000000E-01
   32.947400000      0.98164000000E-01 -0.55284000000E-01  0.61107000000E-01 -0.93435000000E-01 -0.15168000000      0.38355500000    
   20.053600000     -0.19527800000      0.13536400000     -0.16315000000      0.27956400000      0.54858700000      -1.7849590000    
   14.324000000      0.37870000000E-02 -0.72744000000E-01  0.10908100000     -0.24067800000     -0.63314900000       2.4975600000    
   6.1425000000      0.57120500000     -0.33252000000      0.40951500000     -0.71508100000      -1.3567690000     -0.18343400000    
   3.0429000000      0.47158300000     -0.22911500000      0.15897100000      0.26571100000       2.2510280000      -2.6241710000    
   1.3438000000      0.78428000000E-01  0.30345300000     -0.80203700000       1.2355040000     -0.51105700000       4.5705870000    
  0.61400000000     -0.43900000000E-03  0.59603500000     -0.26936800000     -0.90075700000      -1.6199370000      -4.4067190000    
  0.26490000000      0.24580000000E-02  0.28864300000      0.66003800000     -0.59519500000       1.8922240000       2.4540510000    
    0.80000000000E-01 -0.23500000000E-03  0.16983000000E-01  0.51073400000      0.98139900000     -0.86322200000     -0.72011900000    
   Tm  D
   462.75630000      0.15900000000E-02 -0.51000000000E-03 -0.98900000000E-03 -0.14450000000E-02 -0.17300000000E-02
   140.26880000      0.12892000000E-01 -0.41830000000E-02 -0.87190000000E-02 -0.15245000000E-01 -0.13301000000E-01
   54.038900000      0.51416000000E-01 -0.16639000000E-01 -0.31928000000E-01 -0.45055000000E-01 -0.52389000000E-01
   22.993700000      0.11270300000     -0.36972000000E-01 -0.79401000000E-01 -0.14825800000     -0.12625800000    
   9.1744000000      0.29479100000     -0.10462800000     -0.22267500000     -0.48623500000     -0.83631700000    
   4.4985000000      0.44636800000     -0.12012800000     -0.26288800000     -0.15506300000       1.1510570000    
   2.1434000000      0.26708600000     -0.45600000000E-03  0.22174600000       1.3070800000      0.97739000000E-01
  0.91950000000      0.50824000000E-01  0.31800300000      0.82296100000     -0.72030300000      -1.1565600000    
  0.31310000000      0.65600000000E-03  0.53506300000     -0.29121300000     -0.43240100000       1.2819860000    
    0.93400000000E-01  0.37900000000E-03  0.37774600000     -0.52919600000      0.61252800000     -0.79730500000    
   Tm  F
   139.45920000      0.59800000000E-02 -0.59210000000E-02  0.85840000000E-02  0.94240000000E-02
   50.468800000      0.53736000000E-01 -0.52808000000E-01  0.76208000000E-01  0.95356000000E-01
   22.646900000      0.17238700000     -0.17211400000      0.25411600000      0.29958500000    
   10.346700000      0.29555200000     -0.27564000000      0.33307500000      0.35858600000    
   4.7136000000      0.35243800000     -0.19827100000     -0.90021000000E-01 -0.83867900000    
   2.0773000000      0.30401800000      0.17582200000     -0.67135100000     -0.75502000000E-01
  0.84900000000      0.19000700000      0.49765000000      0.25021000000E-01  0.97725000000    
  0.30230000000      0.71323000000E-01  0.41027600000      0.68081000000     -0.80646300000    
   Tm  G
   22.646900000      0.59965000000E-01 -0.15809300000     -0.28204000000    
   10.346700000      0.16824400000     -0.35796100000     -0.49969100000    
   4.7136000000      0.34294700000     -0.45962600000      0.23284800000    
   2.0773000000      0.46899100000      0.25932300000      0.70387400000    
  0.84900000000      0.28696600000      0.54922100000     -0.63892400000    
  0.30230000000      0.40144000000E-01  0.93030000000E-01 -0.27852200000    
end
basis "Yb_Stuttgart_RSC_ANO/ECP" SPHERICAL
   Yb  S
   91972.903000      0.51000000000E-04 -0.35000000000E-04  0.15000000000E-04 -0.50000000000E-04 -0.84000000000E-04 -0.16400000000E-03
   13787.371000      0.38600000000E-03 -0.26900000000E-03  0.11900000000E-03 -0.39300000000E-03 -0.66100000000E-03 -0.14590000000E-02
   3123.6135000      0.18440000000E-02 -0.12420000000E-02  0.54700000000E-03 -0.17800000000E-02 -0.29830000000E-02 -0.53570000000E-02
   871.47540000      0.53560000000E-02 -0.38320000000E-02  0.17000000000E-02 -0.56850000000E-02 -0.96030000000E-02 -0.23291000000E-01
   250.46300000      0.88590000000E-02 -0.54050000000E-02  0.23540000000E-02 -0.72710000000E-02 -0.11950000000E-01 -0.82520000000E-02
   58.282700000     -0.20075500000      0.78573000000E-01 -0.32475000000E-01  0.75272000000E-01  0.96736000000E-01 -0.23279300000    
   41.630500000      0.60238000000     -0.25489000000      0.10664700000     -0.26855600000     -0.37058700000      0.11919700000    
   20.216400000      -1.0209690000      0.48538700000     -0.20576800000      0.56783300000      0.84883800000      0.82194900000    
   4.9972000000      0.99542400000     -0.70899400000      0.30858600000      -1.2660080000      -2.6614010000      -4.8460210000    
   2.4822000000      0.39158000000     -0.38472000000      0.19037300000      0.23289900000       2.5065500000       7.3561470000    
  0.91790000000      0.16476000000E-01  0.76405900000     -0.42907800000       2.0072980000      0.40354000000      -6.1000450000    
  0.38530000000     -0.44600000000E-03  0.50843600000     -0.42424100000      -1.5424580000      -1.6374300000       3.4370240000    
    0.61400000000E-01 -0.11500000000E-03  0.13093300000      0.77369200000     -0.87912000000       2.1599190000      -1.4927780000    
    0.25000000000E-01 -0.34500000000E-03  0.52982000000E-01  0.37487900000       1.1733630000      -1.6917830000      0.90347100000    
   Yb  P
   3731.9621000      0.33200000000E-03 -0.19900000000E-03  0.22200000000E-03 -0.37200000000E-03 -0.59600000000E-03 -0.78900000000E-03
   888.02240000      0.26300000000E-02 -0.15990000000E-02  0.18150000000E-02 -0.30870000000E-02 -0.51200000000E-02 -0.55050000000E-02
   287.93510000      0.11444000000E-01 -0.68610000000E-02  0.76480000000E-02 -0.12855000000E-01 -0.20486000000E-01 -0.28096000000E-01
   107.14710000      0.27785000000E-01 -0.17342000000E-01  0.19922000000E-01 -0.34238000000E-01 -0.58125000000E-01 -0.56335000000E-01
   35.325200000      0.88928000000E-01 -0.49681000000E-01  0.53154000000E-01 -0.86873000000E-01 -0.12467000000     -0.28465400000    
   19.802800000     -0.20249200000      0.13571600000     -0.15866400000      0.29274200000      0.51724800000       1.5714560000    
   14.144900000      0.40453000000E-01 -0.95832000000E-01  0.13740100000     -0.31116100000     -0.71446600000      -2.5444630000    
   6.2844000000      0.57788100000     -0.33617200000      0.40809600000     -0.72571400000      -1.2391930000      0.65442900000    
   3.1145000000      0.45532300000     -0.21012200000      0.87045000000E-01  0.34543800000       2.3787970000       2.1123820000    
   1.3827000000      0.73305000000E-01  0.32287500000     -0.74083700000       1.2380250000     -0.89446400000      -4.2292420000    
  0.62730000000     -0.12820000000E-02  0.58965200000     -0.24005500000      -1.0050220000      -1.2849220000       4.2672360000    
  0.27030000000      0.15940000000E-02  0.27626600000      0.60390300000     -0.47858000000       1.7578060000      -2.4577910000    
    0.80000000000E-01 -0.23600000000E-03  0.14981000000E-01  0.55429300000      0.90778500000     -0.83699800000      0.74118900000    
   Yb  D
   469.76060000      0.19840000000E-02 -0.69900000000E-03 -0.12760000000E-02 -0.18670000000E-02 -0.20740000000E-02
   142.61280000      0.16013000000E-01 -0.56480000000E-02 -0.10934000000E-01 -0.17707000000E-01 -0.15250000000E-01
   55.126700000      0.63153000000E-01 -0.22452000000E-01 -0.40554000000E-01 -0.57673000000E-01 -0.62717000000E-01
   23.441500000      0.13780000000     -0.48810000000E-01 -0.97016000000E-01 -0.16565800000     -0.14079900000    
   9.4951000000      0.28549800000     -0.11116300000     -0.22389500000     -0.48671000000     -0.77396800000    
   4.5792000000      0.43830900000     -0.12646600000     -0.26392400000     -0.53535000000E-01   1.2138360000    
   2.1646000000      0.26625600000      0.19718000000E-01  0.29117400000       1.2606610000     -0.96779000000E-01
  0.92380000000      0.52153000000E-01  0.34463100000      0.76805800000     -0.81812700000      -1.0006420000    
  0.31070000000      0.71300000000E-03  0.52454500000     -0.34419700000     -0.33910100000       1.2367770000    
    0.91400000000E-01  0.38400000000E-03  0.35746500000     -0.50296700000      0.58705000000     -0.81236700000    
   Yb  F
   142.02930000      0.59570000000E-02 -0.69190000000E-02  0.77610000000E-02  0.92170000000E-02
   51.086200000      0.53180000000E-01 -0.61411000000E-01  0.69674000000E-01  0.92048000000E-01
   22.874100000      0.17807600000     -0.20955100000      0.24210600000      0.30677800000    
   10.502500000      0.30060000000     -0.31770600000      0.30436700000      0.32325700000    
   4.7872000000      0.35034200000     -0.17604600000     -0.15966900000     -0.84526400000    
   2.1088000000      0.29776400000      0.26715800000     -0.66257600000     -0.15000000000E-02
  0.86090000000      0.18815300000      0.50050300000      0.17381100000      0.93653200000    
  0.30600000000      0.73278000000E-01  0.29871700000      0.67447700000     -0.83825000000    
   Yb  G
   22.874100000      0.64283000000E-01 -0.15866400000      0.26800000000    
   10.502500000      0.17400600000     -0.34546600000      0.43980700000    
   4.7872000000      0.34347800000     -0.40264000000     -0.24472800000    
   2.1088000000      0.43080100000      0.30405400000     -0.60242400000    
  0.86090000000      0.23475600000      0.49146000000      0.56532300000    
  0.30600000000      0.29240000000E-01  0.84812000000E-01  0.32178700000    
end
basis "Lu_Stuttgart_RSC_ANO/ECP" SPHERICAL
   Lu  S
   95169.767000      0.22000000000E-04 -0.12000000000E-04  0.50000000000E-05 -0.20000000000E-04 -0.27000000000E-04  0.34000000000E-04
   15488.403000      0.14500000000E-03 -0.83000000000E-04  0.36000000000E-04 -0.15400000000E-03 -0.22000000000E-03  0.46900000000E-03
   3776.2335000      0.65100000000E-03 -0.34300000000E-03  0.14500000000E-03 -0.56300000000E-03 -0.72300000000E-03  0.46600000000E-03
   1079.0501000      0.20380000000E-02 -0.12210000000E-02  0.52400000000E-03 -0.23400000000E-02 -0.34630000000E-02  0.86190000000E-02
   268.95380000      0.51270000000E-02 -0.23600000000E-02  0.98300000000E-03 -0.31250000000E-02 -0.30000000000E-02 -0.10799000000E-01
   63.467900000     -0.20237900000      0.82199000000E-01 -0.33849000000E-01  0.97762000000E-01  0.78996000000E-01  0.27109400000    
   45.133200000      0.59261600000     -0.25629600000      0.10638100000     -0.34205700000     -0.34311000000     -0.22676500000    
   21.456800000      -1.0164530000      0.49187900000     -0.20658200000      0.75176000000      0.90075900000     -0.67892100000    
   5.3483000000      0.98971200000     -0.71231600000      0.30888600000      -1.8115000000      -3.3498530000       4.5897430000    
   2.6778000000      0.40008200000     -0.41317900000      0.20029300000      0.59995200000       4.0394770000      -7.3338310000    
   1.0287000000      0.17243000000E-01  0.73952300000     -0.40991900000       2.3942640000      -1.4089910000       6.5458220000    
  0.44080000000     -0.14190000000E-02  0.55368800000     -0.46843800000      -2.0955530000     -0.61643300000      -3.9721640000    
    0.79100000000E-01  0.36200000000E-03  0.11097700000      0.67655400000     -0.25882400000       2.0421420000       2.0603670000    
    0.31300000000E-01 -0.15800000000E-03  0.61685000000E-01  0.49462300000      0.66865300000      -1.6706830000      -1.2781250000    
   Lu  P
   4043.9748000      0.29400000000E-03 -0.17400000000E-03  0.18200000000E-03 -0.34900000000E-03 -0.52500000000E-03 -0.71100000000E-03
   958.87710000      0.23530000000E-02 -0.14230000000E-02  0.15270000000E-02 -0.29240000000E-02 -0.45980000000E-02 -0.49320000000E-02
   309.12200000      0.10441000000E-01 -0.62040000000E-02  0.64810000000E-02 -0.12424000000E-01 -0.18571000000E-01 -0.26054000000E-01
   114.22030000      0.25828000000E-01 -0.16026000000E-01  0.17478000000E-01 -0.33602000000E-01 -0.54212000000E-01 -0.52265000000E-01
   37.109100000      0.85047000000E-01 -0.47096000000E-01  0.46349000000E-01 -0.89736000000E-01 -0.11917700000     -0.27995800000    
   20.457900000     -0.20037100000      0.13307100000     -0.14142700000      0.32245800000      0.53446000000       1.6609340000    
   14.593200000      0.32348000000E-01 -0.88332000000E-01  0.11375600000     -0.33951200000     -0.73302900000      -2.7103770000    
   6.5275000000      0.57554500000     -0.33589900000      0.39372900000     -0.76349700000      -1.2692520000      0.76074800000    
   3.2448000000      0.46185900000     -0.22193700000      0.84106000000E-01  0.32714700000       2.4542750000       2.0737360000    
   1.4504000000      0.76264000000E-01  0.31430400000     -0.64297400000       1.3621070000     -0.98991400000      -4.2412040000    
  0.66350000000     -0.21650000000E-02  0.59649100000     -0.34691700000      -1.1165130000      -1.2012580000       4.2509680000    
  0.28580000000      0.12160000000E-02  0.28124600000      0.63243900000     -0.38848200000       1.6888800000      -2.3963250000    
    0.80000000000E-01 -0.24300000000E-03  0.14848000000E-01  0.57845900000      0.82587600000     -0.81423600000      0.71602200000    
   Lu  D
   484.52750000      0.22860000000E-02 -0.68500000000E-03 -0.14610000000E-02 -0.22500000000E-02 -0.22160000000E-02
   146.66550000      0.18629000000E-01 -0.56760000000E-02 -0.13098000000E-01 -0.18976000000E-01 -0.16787000000E-01
   56.377900000      0.74088000000E-01 -0.22428000000E-01 -0.47374000000E-01 -0.71159000000E-01 -0.68264000000E-01
   23.671100000      0.16155400000     -0.49609000000E-01 -0.11863900000     -0.17746500000     -0.16630900000    
   9.4401000000      0.30809100000     -0.98129000000E-01 -0.22737000000     -0.53953100000     -0.71704100000    
   4.3712000000      0.44833400000     -0.11131800000     -0.28569300000      0.24204100000       1.4574170000    
   1.9580000000      0.23578300000      0.73033000000E-01  0.53825100000      0.99236100000     -0.77002100000    
  0.72720000000      0.29100000000E-01  0.35248200000      0.61614800000      -1.0002540000     -0.36701000000    
  0.24600000000     -0.14820000000E-02  0.49712300000     -0.43636200000      0.54330000000E-02   1.0438410000    
    0.74400000000E-01  0.54400000000E-03  0.35641500000     -0.37975000000      0.45097700000     -0.86249400000    
   Lu  F
   175.15590000      0.41020000000E-02 -0.50560000000E-02  0.54790000000E-02  0.64400000000E-02
   62.890900000      0.39086000000E-01 -0.48117000000E-01  0.51376000000E-01  0.70027000000E-01
   28.362400000      0.14704400000     -0.18388100000      0.20482600000      0.25962200000    
   13.247800000      0.27109200000     -0.31974500000      0.31829800000      0.40748900000    
   6.1440000000      0.34566500000     -0.23798400000     -0.26625000000E-01 -0.65429000000    
   2.7623000000      0.32048100000      0.18959900000     -0.69747600000     -0.40849400000    
   1.1574000000      0.21588300000      0.52159900000      0.30472000000E-01   1.2035240000    
  0.42440000000      0.90492000000E-01  0.31957400000      0.75316400000     -0.88170800000    
   Lu  G
   28.362400000      0.47905000000E-01 -0.11603500000      0.19579500000    
   13.247800000      0.15012800000     -0.30027700000      0.43089500000    
   6.1440000000      0.32291100000     -0.45460700000      0.48337000000E-01
   2.7623000000      0.44449400000      0.10924100000     -0.76209600000    
   1.1574000000      0.30803900000      0.58670500000      0.33312200000    
  0.42440000000      0.54563000000E-01  0.17335700000      0.53410000000    
end
ecp "La_Stuttgart_RSC_ANO/ECP"
  La nelec 28 # core electrons
  La S
  2       19.44141800    585.20195300
  La P
  2       16.01635300    330.10951000
  La D
  2       15.12825900    186.05823200
  La F
  2       23.10387500    -49.43335200
  La G
  2       15.63902000    -20.12302000
end
ecp "Ce_Stuttgart_RSC_ANO/ECP"
  Ce nelec 28 # core electrons
  Ce S
  2       20.13782900    580.08345700
  Ce P
  2       15.99848200    310.30283300
  Ce D
  2       14.97418700    167.81394400
  Ce F
  2       23.40245500    -49.39022900
  Ce G
  2       16.57055300    -21.33187900
end
ecp "Pr_Stuttgart_RSC_ANO/ECP"
  Pr nelec 28 # core electrons
  Pr S
  2       20.76627800    577.57312200
  Pr P
  2       16.07844800    295.78584600
  Pr D
  2       14.70508900    150.86705500
  Pr F
  2       23.37896900    -48.73676600
  Pr G
  2       17.44713800    -22.32948800
end
ecp "Nd_Stuttgart_RSC_ANO/ECP"
  Nd nelec 28 # core electrons
  Nd S
  2       21.35226700    574.37098000
  Nd P
  2       16.11926500    280.94644000
  Nd D
  2       14.49410300    138.67062700
  Nd F
  2       23.18386000    -47.52266800
  Nd G
  2       18.34417400    -23.34458700
end
ecp "Pm_Stuttgart_RSC_ANO/ECP"
  Pm nelec 28 # core electrons
  Pm S
  2       21.94286500    575.39574900
  Pm P
  2       16.55516100    281.70451400
  Pm D
  2       13.96030800    123.52473700
  Pm F
  2       24.03354600    -50.74151100
  Pm G
  2       19.26024500    -24.37251000
end
ecp "Sm_Stuttgart_RSC_ANO/ECP"
  Sm nelec 28 # core electrons
  Sm S
  2       22.34447100    572.98533200
  Sm P
  2       16.69459000    272.35914500
  Sm D
  2       13.72770500    115.29390000
  Sm F
  2       24.05909200    -51.10839200
  Sm G
  2       20.19724900    -25.42188500
end
ecp "Eu_Stuttgart_RSC_ANO/ECP"
  Eu nelec 28 # core electrons
  Eu S
  2       23.47138400    607.65933100
  Eu P
  2       16.77247900    264.38547600
  Eu D
  2       13.98134300    115.38137500
  Eu F
  2       23.96288800    -49.40079400
  Eu G
  2       21.23245800    -26.74827300
end
ecp "Gd_Stuttgart_RSC_ANO/ECP"
  Gd nelec 28 # core electrons
  Gd S
  2       24.60215100    637.20086900
  Gd P
  2       16.88925000    261.68960100
  Gd D
  2       13.64335800    106.85653300
  Gd F
  2       24.12691700    -50.68359000
  Gd G
  2       22.13188700    -27.57963000
end
ecp "Tb_Stuttgart_RSC_ANO/ECP"
  Tb nelec 28 # core electrons
  Tb S
  2       24.95295600    668.59715500
  Tb P
  2       17.61089900    266.98047500
  Tb D
  2       12.97600900     97.50659600
  Tb F
  2       24.24886900    -52.17575700
  Tb G
  2       23.13067200    -28.69426800
end
ecp "Dy_Stuttgart_RSC_ANO/ECP"
  Dy nelec 28 # core electrons
  Dy S
  2       26.42958600    705.67122100
  Dy P
  2       17.31703400    254.86698900
  Dy D
  2       12.91359900     95.04518700
  Dy F
  2       24.90787800    -54.57409300
  Dy G
  2       24.14875300    -29.82827700
end
ecp "Ho_Stuttgart_RSC_ANO/ECP"
  Ho nelec 28 # core electrons
  Ho S
  2       28.39725700    755.70313600
  Ho P
  2       17.43863300    253.55199800
  Ho D
  2       12.43421200     89.63567700
  Ho F
  2       25.38701000    -55.48203600
  Ho G
  2       25.18850100    -30.99112500
end
ecp "Er_Stuttgart_RSC_ANO/ECP"
  Er nelec 28 # core electrons
  Er S
  2       29.79859200    800.95287600
  Er P
  2       18.11423700    262.01986900
  Er D
  2       11.36958700     80.17055200
  Er F
  2       21.82123300    -42.33628500
  Er G
  2       26.25073500    -32.18527800
end
ecp "Tm_Stuttgart_RSC_ANO/ECP"
  Tm nelec 28 # core electrons
  Tm S
  2       31.14412200    845.51074300
  Tm P
  2       18.09235300    258.58523900
  Tm D
  2       11.46915900     80.72905900
  Tm F
  2       23.60554400    -48.70126600
  Tm G
  2       27.32978100    -33.39549600
end
ecp "Yb_Stuttgart_RSC_ANO/ECP"
  Yb nelec 28 # core electrons
  Yb S
  2       32.42448400    891.01377700
  Yb P
  2       18.65623200    264.03695300
  Yb D
  2       10.49022200     73.92391900
  Yb F
  2       20.77418300    -39.59217300
  Yb G
  2       28.43102800    -34.63863800
end
ecp "Lu_Stuttgart_RSC_ANO/ECP"
  Lu nelec 28 # core electrons
  Lu S
  2       35.16209700    989.99558400
  Lu P
  2       19.46440200    278.86565200
  Lu D
  2       10.00686500     71.00917800
  Lu F
  2       23.51793200    -47.40589000
  Lu G
  2       29.41223800    -35.55714600
end
