# $Id$
basis "H_Z3Pol" SPHERICAL
  H    S
    33.685014     0.006080
     5.094788     0.045370
     1.158786     0.202082
     0.325840     0.506839
  H    S
     0.102741     1.000000
  H    S
     0.032400     1.000000
  H    P
     0.325840     0.239137
     0.102741     1.000000
     0.032400     0.126556
end
basis "C_Z3Pol" SPHERICAL
  C    S
  5240.635300     0.000937    0.000198
   782.204800     0.007228    0.001563
   178.350830     0.036341    0.007743
    50.815942     0.130612    0.030183
    16.823562     0.318884    0.076805
     6.175776     0.438880    0.161098
     2.418049     0.214741    0.094445
     0.511900     0.009533    0.564557
  C    S
     0.156590     1.000000
  C    S
     0.047900     1.000000
  C    P
    18.841800     0.013867
     4.159240     0.086418
     1.206710     0.287837
     0.385540     0.502672
  C    P
     0.121940     1.000000
  C    P
     0.038568     1.000000
  C    D
     0.385540     0.266358
     0.121940     1.000000
     0.038568     0.264027
end
basis "N_Z3Pol" SPHERICAL
  N    S
  8104.071600     0.000810    0.000177
  1216.021500     0.006076    0.001360
   277.234280     0.032094    0.007057
    76.904023     0.117485    0.028033
    25.874419     0.293743    0.072286
     9.346767     0.451055    0.164640
     3.579794     0.242833    0.106340
     0.739610     0.013448    0.562200
  N    S
     0.222617     1.000000
  N    S
     0.067006     1.000000
  N    P
    26.868987     0.014453
     5.991227     0.091322
     1.750842     0.296367
     0.560511     0.497563
  N    P
     0.175948     1.000000
  N    P
     0.055231     1.000000
  N    D
     0.560511     0.265391
     0.175948     1.000000
     0.055231     0.317136
end
basis "O_Z3Pol" SPHERICAL
  O    S
 10662.285000     0.000799    0.000180
  1599.709700     0.006153    0.001418
   364.725260     0.031154    0.007047
   103.651790     0.115612    0.028402
    33.905805     0.301488    0.076857
    12.287469     0.445060    0.169290
     4.756805     0.242843    0.103803
     1.004271     0.013905    0.568796
  O    S
     0.300686     1.000000
  O    S
     0.090030     1.000000
  O    P
    34.856463     0.015619
     7.843131     0.098436
     2.306249     0.307052
     0.723164     0.495290
  O    P
     0.214802     1.000000
  O    P
     0.063850     1.000000
  O    D
     0.723164     0.244421
     0.214802     1.000000
     0.063850     0.330696
end
basis "F_Z3Pol" SPHERICAL
  F    S
 13521.523000     0.000801    0.000184
  2028.691600     0.006164    0.001449
   462.373920     0.031242    0.007214
   131.373660     0.116096    0.029125
    42.974531     0.303529    0.079337
    15.571440     0.446083    0.174381
     6.032232     0.238803    0.100197
     1.307215     0.013806    0.572726
  F    S
     0.388869     1.000000
  F    S
     0.115680     1.000000
  F    P
    44.147303     0.016489
     9.993426     0.103628
     2.953246     0.314605
     0.918597     0.492411
  F    P
     0.266824     1.000000
  F    P
     0.077500     1.000000
  F    D
     0.918597     0.237911
     0.266824     1.000000
     0.077500     0.365642
end
basis "Si_Z3Pol" SPHERICAL
  Si    S
 69379.230000     0.000317    0.000085    0.000022
 10354.940000     0.002486    0.000659    0.000169
  2333.880000     0.013030    0.003522    0.000903
   657.140000     0.052261    0.014193    0.003649
   214.300000     0.161208    0.047545    0.012260
    77.629000     0.348121    0.114970    0.030109
    30.631000     0.404496    0.202628    0.054404
    12.801000     0.162380    0.066390    0.019178
     3.926900     0.008998    0.544101    0.185203
     1.452300     0.000634    0.571662    0.342320
     0.256200     0.000294    0.034889    0.616964
  Si    S
     0.094300     1.000000   0.000000
  Si    S
     0.034700     1.000000
  Si    P
   335.480000     0.003551    0.000762
    78.900000     0.027357    0.005888
    24.988000     0.116496    0.025666
     9.219700     0.293034    0.065958
     3.621100     0.432689    0.102436
     1.451300     0.306454    0.072101
     0.505000     0.045433    0.200405
     0.186300     0.004020    0.568762
  Si    P
     0.065400     1.000000   0.000000
  Si    P
     0.023000     1.000000
  Si    D
     0.186300     0.316014
     0.065400     1.000000
     0.023000     0.161710
end
basis "P_Z3Pol" SPHERICAL
  P    S
 77492.430000     0.000329    0.000090    0.000025
 11605.790000     0.002554    0.000691    0.000190
  2645.960000     0.013110    0.003615    0.000992
   754.980000     0.051844    0.014373    0.003969
   248.750000     0.158075    0.047553    0.013126
    91.157000     0.340635    0.114619    0.032325
    36.226000     0.404938    0.204294    0.058617
    15.211000     0.171359    0.077157    0.024761
     4.713800     0.010416    0.536246    0.201483
     1.782700     0.000982    0.580512    0.367265
     0.342500     0.000382    0.038229    0.622781
  P    S
     0.124600     1.000000   0.000000
  P    S
     0.045300     1.000000
  P    P
   384.840000     0.003713    0.000889
    90.552000     0.028586    0.006829
    28.806000     0.121145    0.029924
    10.688000     0.301470    0.075476
     4.252100     0.433954    0.117921
     1.740500     0.291317    0.064296
     0.597900     0.039496    0.265444
     0.229200     0.004771    0.566476
  P    S
     0.083800     1.000000
  P    S
     0.030600     1.000000
  P    D
     0.229200     0.400297
     0.083800     1.000000
     0.030600     0.120137
end
basis "S_Z3Pol" SPHERICAL
  S    S
 99413.400000     0.000294    0.000081    0.000024
 13961.700000     0.002417    0.000666    0.000194
  3169.900000     0.012332    0.003459    0.001002
   902.460000     0.049069    0.013819    0.004038
   297.160000     0.150900    0.046052    0.013402
   108.702000     0.331860    0.112669    0.033685
    43.155000     0.408519    0.205721    0.062085
    18.108000     0.185651    0.090691    0.031422
     5.570500     0.012330    0.530528    0.216386
     2.142700     0.001481    0.587508    0.386679
     0.434000     0.000514    0.041010    0.642121
  S    S
     0.157000     1.000000
  S    S
     0.056800     1.000000
  S    P
   495.040000     0.003118    0.000800
   117.220000     0.024212    0.006189
    37.507000     0.105935    0.028040
    13.910000     0.282684    0.075905
     5.504500     0.438640    0.128172
     2.243300     0.314727    0.074455
     0.776200     0.046080    0.276762
     0.291900     0.004792    0.562764
S    P
     0.102900     1.000000
S    P
     0.036300     1.000000
S    D
     0.291900     0.373946
     0.102900     1.000000
     0.036300     0.154240
end
basis "Cl_Z3Pol" SPHERICAL
  Cl    S
105818.800000     0.000305    0.000086    0.000026
 15872.000000     0.002365    0.000661    0.000201
  3619.700000     0.012189    0.003469    0.001047
  1030.800000     0.048413    0.013839    0.004219
   339.910000     0.148953    0.046106    0.013969
   124.538000     0.328811    0.113272    0.035392
    49.514000     0.409014    0.207875    0.065281
    20.806000     0.190119    0.096301    0.035370
     6.464800     0.013099    0.528548    0.229766
     2.525400     0.001692    0.589885    0.401263
     0.537800     0.000553    0.043110    0.649467
  Cl    S
     0.193500     1.000000
  Cl    S
     0.069600     1.000000
  Cl    P
   589.780000     0.002933    0.000797
   139.850000     0.022933    0.006195
    44.795000     0.101990    0.028594
    16.612000     0.278442    0.079205
     6.599500     0.439284    0.136951
     2.714100     0.318225    0.076423
     0.952800     0.047791    0.292903
     0.358000     0.004318    0.559302
  Cl    P
     0.125000     1.000000
  Cl    P
     0.043600     1.000000
  Cl    D
     0.358000     0.376530
     0.125000     1.000000
     0.043600     0.165623
end