[lmax] -1
[locp] -1
[rlocal] 1.0
[psp_type] 1
<HGH>
Bi 5 0.605000 6.679437
0.678858 1.377634 -0.513697 -0.471028
0.798673 0.655578 -0.402932
0.305314 -0.023134
0.934683 0.378476
0.029217
<end>

<atom>
Bi
83.0 208.98 13 3
1 0   2.0
2 0   2.0
2 1   6.0
3 0   2.0
3 1   6.0
3 2  10.0
4 0   2.0
4 1   6.0
4 2   10.0
4 3   14.0
5 0   2.0
5 1   6.0
5 2   10.0
6 0   2.00
6 1   2.00
6 2   1.00
<end>
<solver> pauli                     <end>
<pseudopotential>    troullier-martins <end>
<rcut>
   0    1.8333467
   1    2.2959493
   2    3.5560522
<end>
<semicore> 2.00 <end>
<semicore_type> quadratic <end>

