[lmax] -1
[locp] -1
[rlocal] 1.0
[psp_type] 1
<HGH>
Ir 9 0.641000 10.720016
0.509960 2.445999 2.811037
0.684971 0.461792 1.304726
-0.565347 0.859620
0.471745 -4.545484 -1.635428
0.127199 -0.151950
<end>


<atom>
Ir
77.0 192.22 12 3
1 0   2.0
2 0   2.0
2 1   6.0
3 0   2.0
3 1   6.0
3 2  10.0
4 0   2.0
4 1   6.0
4 2   10.0
4 3   14.0
5 0   2.0
5 1   6.0
5 2   4.98
6 0   2.00
6 1   0.02
<end>
<solver> pauli                     <end>
<pseudopotential>    troullier-martins <end>
<rcut>
   0  2.1301224
   1  2.8753758
   2  2.0262336
<end>
<semicore> 1.38 <end>
<semicore_type> quadratic <end>

