[lmax] -1
[locp] -1
[rlocal] 1.0
[psp_type] 1
<HGH>
Os 8 0.667000 9.440459
0.510307 2.402367 3.046706
0.717553 0.499523 1.053284
-0.430746 0.701752
0.487586 -4.142035 -1.666100
0.116941 -0.139761
<end>


<atom>
Os
76.0 190.2  12 3
1 0   2.0
2 0   2.0
2 1   6.0
3 0   2.0
3 1   6.0
3 2  10.0
4 0   2.0
4 1   6.0
4 2   10.0
4 3   14.0
5 0   2.0
5 1   6.0
5 2   3.98
6 0   2.00
6 1   0.02
<end>
<solver> pauli                     <end>
<pseudopotential>    troullier-martins <end>
<rcut>
   0  2.2406189
   1  2.9869588
   2  2.0787172
<end>
<semicore> 1.50 <end>
<semicore_type> quadratic <end>


