[lmax] -1
[locp] -1
[rlocal] 1.0
[psp_type] 1
<HGH>
Tl 3 0.630000 -1.235846 
0.754005 1.875766 -0.303680 -0.781337
0.903742 0.759668 -0.586721
0.168641 0.004459
1.063512 0.247614
0.022941
<end>

<atom>
Tl
81.0 204.37 13 3
1 0   2.0
2 0   2.0
2 1   6.0
3 0   2.0
3 1   6.0
3 2  10.0
4 0   2.0
4 1   6.0
4 2   10.0
4 3   14.0
5 0   2.0
5 1   6.0
5 2   10.0
6 0   0.99
6 1   1.00
6 2   0.01
<end>
<solver> pauli                     <end>
<pseudopotential>    troullier-martins <end>
<rcut>
   0    1.8786145
   1    2.4732633
   2    4.1290338
<end>
<semicore> 2.92 <end>
<semicore_type> quadratic <end>

