966
 0                    1                    0 
 1    421.1100746779847   -2.788255929550731 
 2    931.6540592912909     -538.65650530997 
 3    164.6997765250665    108.2265978807336 
 4    114.5375175316258   -88.41301164547426 
 5    161.4438142479962    65.24179467911233 
 6    66.99303628921099   -52.95558735014005 
 7    125.1218806198515    44.26634508275318 
 8    72.52350529072227   -49.16904230869796 
 9    61.53453603506959   -25.59521633318838 
 10    54.07125699579135    30.24774072997882 
 11    66.07681541165782   -25.45832842660247 
 12    77.41484366577312   -33.66317748347416 
 13    49.38031371802977   -28.59020549386006 
 14    58.93868978960779    27.74410582617471 
 15    33.03025705004411   -19.43731919266367 
 16    41.85860133016303    20.26862064329093 
 17    39.67259193659656    21.98484750980354 
 18    46.40364295059927    26.09345336085149 
 19    41.48863070108829    16.32110050269426 
 20    37.20215013743679    19.77631376995937 
 21    57.64406513684788   -21.76772784965454 
 22    31.31209607380969    18.97274800877264 
 23     46.1652702384254    17.49316116533758 
 24    54.94380057216202    -26.3514455329242 
 25    40.93379712124086     23.0034611558893 
 26    40.70508461401261    19.12965969085256 
 27    45.00479215277595   -18.63431870894512 
 28    46.48343980815024      26.395061433109 
 29    34.11057477936684   -17.60301037459698 
 30    41.89756775474805    17.62351937862402 
 31    29.16508398191718    17.84242847255206 
 32    61.33698937222307    21.15655630136089 
 33    26.76148269074351   -22.33948528516307 
 34    32.24172876421503    9.987133334913384 
 35    36.28295358925885    23.60114167248872 
 36    20.24750746869431   -9.433827020074839 
 37    42.59104071730102    17.74825580837616 
 38    20.85927721619718     15.1926984695599 
 39    24.85374278251986   -8.426459722766637 
 40    41.01033480321736   -22.39303117021222 
 41    12.98874514397159   -8.733732926583734 
 42    16.09206751693183   -7.201857282318703 
 43     21.3725753670941   -9.272028974367494 
 44    44.76891918699535   -15.92220084150478 
 45    17.28617996054874    15.27006105639401 
 46     10.7300358045163   -6.029563088358629 
 47    13.08260077004038   -5.088914493582147 
 48    15.65589238923943    8.409524284431603 
 49     9.89350153576528   -5.600000110970452 
 50    14.88658807935095    5.541061643064413 
 51     9.49769011546652     -6.6286869360495 
 52    10.26163023140549    4.582490662052273 
 53    12.43118194609572    4.730247929832882 
 54    13.23189472103666   -7.735079674738762 
 55    11.68048725045712    5.396213352720546 
 56    9.508225505751396    5.618942358439857 
 57    7.921691409925398   -4.169545866482073 
 58    8.370786638817748    3.980629529257147 
 59    6.046648877787424   -3.906633951852215 
 60    7.544931217590418   -2.737625307258016 
 61    7.651741809615207   -4.327808810607762 
 62    7.753386965188136   -3.768599522191822 
 63    6.188996606317293     3.63281972752613 
 64    7.121641851481147   -3.168684139292548 
 65    4.863840445905827    2.950644301415947 
 66    8.126616456406497    3.051883363493741 
 67    5.570979951912706    3.550867135318675 
 68    5.164454236668942    2.775494314995178 
 69    5.237157269903278   -2.293312093894833 
 70    7.171908364974855   -3.279296169617868 
 71    5.185234471815583    3.307876674291325 
 72    5.919260016790425    2.219152706565011 
 73    6.608577126540938   -3.782457582581141 
 74    5.625757393533219    2.612282132369399 
 75     5.23344029244589   -2.878972622674265 
 76    7.378971197442252   -2.924509437928755 
 77    4.402973745480431    2.976147520373032 
 78    5.823284272401242   -2.356952081701295 
 79    4.870271856111874    2.588279605589006 
 80    7.126459460597231   -2.782760489253556 
 81    4.621325583139611   -3.156951782932867 
 82    4.785397570530646   -2.209368447221619 
 83    4.317062253663073   -2.448849146544722 
 84    3.924866245197675   -1.959800159280702 
 85     3.91466422993616    1.903548151313336 
 86    3.980547157211728   -1.989492091650001 
 87    4.208085828484198   -2.020366400044444 
 88    4.046656739308006    2.209411343058874 
 89    3.967275184443789    1.849982004791582 
 90    4.592607779636642   -2.345511653134497 
 91    3.561661631585133    1.892772046500036 
 92    3.856966650140982   -1.747426778688909 
 93    3.952995390568348    2.030207111915464 
 94    3.577556658268875   -1.923499453678995 
 95    3.171574541067776    1.609501366100845 
 96    3.629261622136554    1.720259353293443 
 97    2.786411871091052    1.633549352588891 
 98    2.922727472023493    1.383488741915227 
 99     3.64043473137436    1.499481247799223 
 100    4.552484944020058    2.352050119121262 
 101    2.680900040276168   -1.707520990209746 
 102    2.682322756132786   -1.252426325609614 
 103    2.808654106476857     1.37351305932899 
 104    2.622116996588744    1.328963746040093 
 105    2.695389210563357    1.358750522597869 
 106    2.549853388648057   -1.295300502560408 
 107    2.341028151045633   -1.248918586722121 
 108    2.330391487418804   -1.132135885049717 
 109     2.51317825569613   -1.217872451406315 
 110     2.76146682410634   -1.290428896750641 
 111     2.34295476034977   -1.335749744823369 
 112    1.878729878952983   -1.001491780576773 
 113    1.890704999925637  -0.9079605774773655 
 114    2.117373715515198   0.9794533745241985 
 115    1.854322798108738    1.046675287634878 
 116    1.800831652089701    0.904835927105603 
 117    1.883166350921021  -0.9266048485460997 
 118     1.86842248609657    -0.90226744887388 
 119    1.814803536417959   0.9581249678674532 
 120    1.802218984248052   0.8958713763038949 
 121    1.724202397014341  -0.8942214276761213 
 122    1.725215204384091   0.8517189622201499 
 123    2.142801084035649   0.9252939807815043 
 124     2.01913155117795   -1.066123353072794 
 125    1.981982197611677   -1.035754114295095 
 126    1.625540650333283   0.9027950293571007 
 127    1.667720815255241   0.8258347648178808 
 128    1.990272926162655   0.8991818896825858 
 129    1.944095991282142  -0.9948340529865112 
 130    1.692407598385137  -0.8833281993316523 
 131    1.568986363305103  -0.7815085433382508 
 132    1.653432395178719  -0.8294517832760021 
 133    1.650721781080952   0.8235690080180113 
 134    1.753741149580617   0.8171993892334953 
 135    1.530944550517274   0.8511069174919145 
 136    1.545956728355378    0.737133049025776 
 137    1.567180743377581   0.7972796642183918 
 138    1.440132009337612  -0.7569399054127044 
 139    1.494936662115078  -0.7212000472375777 
 140    1.554821175660775   0.7887975478341851 
 141    1.454203799103071  -0.7557896658223119 
 142     1.59340041981704  -0.7326151004901904 
 143    1.809035132917461   0.8519748198486097 
 144    1.708530153662732    0.867563515826746 
 145      1.6879697437787   0.8798001957071049 
 146      1.4951702097572  -0.7942882678462113 
 147    1.544006945459426  -0.7642665560627286 
 148    1.500045563436287  -0.7469711974827288 
 149    1.475029825468036    0.714763342216942 
 150    1.448266535428456  -0.7473487974226563 
 151    1.507887952708758  -0.7626631935719381 
 152    1.565400216315129  -0.7855582155668173 
 153    1.538572278363696   0.7277366649318305 
 154    1.516818619054509   0.7755390473453054 
 155    1.456679574925032   0.7505858973984535 
 156    1.561218662443099  -0.7651188486771472 
 157    1.518983765601477  -0.7433204318243738 
 158    1.434446422039403   0.7430698833449406 
 159    1.511645336695384   0.7540630385184993 
 160    1.525823694170719   0.7411364333076981 
 161    1.409208250957652  -0.7298457415641465 
 162    1.431604951489404  -0.7395136707293798 
 163    1.482018684645354  -0.6983316881254454 
 164    1.426598908315185   0.7507634515441706 
 165    1.324146832319163    0.688852205956238 
 166    1.345445568088046   0.6702158872988651 
 167    1.496254042617447  -0.7169911579982921 
 168    1.331125600139023  -0.6776621329190852 
 169    1.371135081281981  -0.6806799982558476 
 170    1.440027409076622   0.7037105832916084 
 171    1.274127399266453  -0.6719755476868904 
 172    1.399474032943723   0.6549406864769775 
 173    1.440569534968801  -0.7325413776979183 
 174     1.33350199144034   -0.675601849545209 
 175    1.378449847423881  -0.6644208985847847 
 176    1.430777750926955  -0.7228748430349358 
 177    1.292743602652379   0.6860556070279291 
 178     1.36432553746587  -0.6597715480201354 
 179    1.352299862775376   0.6986947640722228 
 180    1.409021092369223   0.6920797980789918 
 181    1.329167321485929  -0.6473379909293367 
 182    1.379667493633042  -0.6976721962989388 
 183    1.391742657789675  -0.6848543214077722 
 184    1.346528297251096   0.6780938276966025 
 185    1.322301665883251   0.6539749062275327 
 186    1.414276167252548  -0.6891219078465176 
 187    1.412485044221655   0.7372675229355019 
 188    1.362401424643858   0.6706413712859313 
 189    1.490189562961734  -0.6997390698997694 
 190    1.322244573592759  -0.7306971251714495 
 191    1.297619714637259   0.6213128300324505 
 192    1.366827563360666  -0.6717732332185248 
 193    1.335493653125194  -0.7197126213187566 
 194     1.42275020347155  -0.6719926933002234 
 195      1.4668760315564    0.721326581002933 
 196    1.351609217159449   0.7024172381291413 
 197    1.292785787609952  -0.6408858452813597 
 198    1.340661359158798   0.7066765822638801 
 199    1.436621935351672   0.6664648414244714 
 200    1.370947813467371  -0.6530029124595103 
 201    1.356098961490707   0.6968175596650515 
 202    1.285667967644266  -0.6871465875094032 
 203    1.316829639459358   0.6751976692410397 
 204    1.433214371554039   0.6579364385179681 
 205    1.373868006308543   0.6930477180890228 
 206    1.388338039993679    0.672446886362689 
 207    1.263986832031424  -0.6623552445065513 
 208    1.334378467515406   0.6356924449861762 
 209    1.375188430183687   0.7072748889637002 
 210    1.327512985435888   0.6877915069806246 
 211    1.377230855950695  -0.6635774905335408 
 212     1.26912158785341   0.6430116755195371 
 213    1.292072757585724  -0.6386765209384918 
 214    1.389625914167165  -0.6977394316847527 
 215    1.287053678172512  -0.6552778907701244 
 216    1.369740039304362  -0.6264816233271471 
 217    1.326419301205354  -0.7262663595934391 
 218    1.307026378259269   0.6357655297391166 
 219    1.427019028627227   0.6805469848206285 
 220    1.386589043236869   0.7219406759591794 
 221    1.322496235881504  -0.6872262404180853 
 222    1.375533157940691   0.6505724908242794 
 223    1.405550716945415  -0.6984011627651248 
 224    1.266416153559639  -0.6788083358845304 
 225     1.30408180051927  -0.6170709924796899 
 226    1.349024114088847   0.6756890392083353 
 227    1.324859889299046   0.6538958054206098 
 228    1.293039952091521   0.6657983117309474 
 229    1.327322497446417  -0.6757013371781154 
 230    1.350350727684761   0.6306137953347969 
 231    1.326514532471695  -0.6888717998242022 
 232    1.430452380142913  -0.6875298235405973 
 233    1.381710868818143    0.730057249902227 
 234    1.271793417213998   0.6613930289518605 
 235    1.307341605105012   0.6314767046280484 
 236    1.371420521529974   0.6506757623871358 
 237    1.491397134172679    0.738477614102086 
 238    1.226442476185568  -0.6631537959184769 
 239     1.18591664367274   0.6059086050065581 
 240    1.298835543007155  -0.6238834366692413 
 241    1.294331549401444   0.6549120557774341 
 242    1.318851016660734   0.6322006702314065 
 243    1.291262502579708  -0.6219773199868717 
 244    1.282595560400298   0.6640248829519799 
 245    1.265182081438952   0.6626777327774565 
 246    1.321060013234206   0.6577584235530169 
 247    1.333511005034219  -0.6450231452939144 
 248    1.334014152119429  -0.6623273539462765 
 249    1.300172116023669   0.6538541845738088 
 250    1.158493276611671  -0.6329519578843262 
 251    1.225220750140328   0.5915517508256755 
 252    1.400089529659065   -0.632430773245523 
 253    1.343495961167313  -0.6993280216001331 
 254    1.207909739843456   0.6237331652307959 
 255      1.2980216244848  -0.6104275302290035 
 256    1.280346450971175   0.6540592870645721 
 257    1.285369355174907   0.6752321093807572 
 258     1.34824717075268  -0.6419256827895107 
 259    1.353532603461937   0.6463560506797006 
 260    1.390036883770712   0.6933665094946261 
 261     1.21933980378447   0.6385277809774176 
 262    1.208509983562521    0.630265358270315 
 263     1.26819589935251  -0.6159884253200336 
 264    1.396937599369107   -0.675879929276622 
 265    1.229907355733458  -0.6422182403818925 
 266    1.203997495934291   0.6178650683571418 
 267    1.285820618084955  -0.6248558436561987 
 268    1.217791974631882   0.6281688696928138 
 269    1.312704840542622   0.6528144815252114 
 270    1.371804360836032    0.614710222109052 
 271    1.287193566489167  -0.6633008800339671 
 272     1.35553688848144   0.6880738871935972 
 273    1.238389253794928   0.6060760370240721 
 274    1.194567063614737  -0.6287449322424666 
 275    1.171873055803236   0.5954327765734881 
 276    1.261741535090382   0.6379728334075073 
 277    1.340271969110735  -0.6255494745482925 
 278    1.307066839870677   -0.615902510959848 
 279    1.386433006331129  -0.7039759282378546 
 280    1.201229497842734  -0.6470781804134897 
 281    1.270052262121054  -0.6403682671173672 
 282    1.331404073937599  -0.6260613900099314 
 283    1.230481596137214  -0.6849117123496536 
 284    1.205594603585692  -0.5899534770983345 
 285    1.144871745573141   0.5505379201793079 
 286     1.19130322765341   0.6054284668793415 
 287    1.324456249711669   -0.620806089620352 
 288    1.202574932314064  -0.6246717488518706 
 289    1.194771444205307  -0.6080526751336573 
 290    1.135397689276136   0.5652413958681243 
 291    1.073482171938311  -0.5569614634871591 
 292     1.23326837701593  -0.5924259345751143 
 293    1.151426383566584  -0.6092269394052465 
 294    1.251759894867375  -0.5804108561530807 
 295    1.145318118861284   0.5925047491782388 
 296    1.029558277944079   0.5615775284658004 
 297    1.013099938076369   0.5388533407208731 
 298    1.046302441288574   0.4799477740555965 
 299     1.02180299519842  -0.4970914942436245 
 300   0.9525937280891729  -0.4820001638514154 
 301   0.9850728215597961  -0.4900757409143492 
 302   0.9707073184546304   0.5208784060714972 
 303   0.9895332872088557   0.4666661200074701 
 304   0.9707385165372777  -0.4838914716384795 
 305    1.030076685022865    0.488021727230235 
 306   0.9587057389994937  -0.5146939168600366 
 307   0.9862191133248635  -0.4972686794904569 
 308   0.9804584384546521  -0.4775255297230687 
 309   0.9613721659607761   -0.493636190132305 
 310   0.9516935648439309   0.4775488181338344 
 311    1.016000979823084   0.4889655206117255 
 312   0.9507259720829619   0.4717601064387722 
 313     1.01485893722597   0.4906344214219898 
 314   0.9078810874270133   0.4563741666906565 
 315    1.006417104334503  -0.5230694173383965 
 316   0.9855148776579639   0.5065059664128777 
 317    1.073037611839146  -0.5076813041692189 
 318    1.062049332230569  -0.4899583599974929 
 319    0.952107691946626  -0.5197881370562002 
 320   0.9146891248439996  -0.4764431832132788 
 321   0.9486422887059038   0.4712565288802874 
 322    1.009196630968348   0.4919190532426254 
 323    1.024611524969277   -0.489212775385337 
 324   0.9268582472152748  -0.4695596771487514 
 325   0.9240118590434299  -0.4841469387522271 
 326   0.9989094292053373   0.4992311293250305 
 327   0.9571254263205013  -0.4808471775579264 
 328   0.9408510783564104   0.4801178265738226 
 329   0.9626074543594572   0.4514746744629303 
 330   0.9423677942129445   0.4693363974172485 
 331    0.989657625054216   0.5085119331844897 
 332   0.9618339274290426  -0.4849147531140193 
 333   0.9541402798235945    0.456093074022201 
 334   0.9061396733379674  -0.4622160113479232 
 335   0.9754465483616326  -0.4849629123922225 
 336   0.9247891528601746  -0.4893195511476496 
 337   0.9296740458083055  -0.4722279242510795 
 338   0.9268640570741605  -0.4339571649117476 
 339   0.9734023643215354   0.4768123409921604 
 340   0.9803903864780963  -0.4733061870833532 
 341    0.919454928625891  -0.4978486439783967 
 342   0.9630622204406559   0.4733820801525824 
 343   0.9826226115794898  -0.4793635795526938 
 344   0.9455096610961333   -0.490161127722952 
 345   0.9367583306747487  -0.4500109796512104 
 346    1.021588658455684   0.5119197496286654 
 347    0.923345920329316  -0.4685964484892773 
 348   0.9942184295209884   0.4973594113240777 
 349   0.9493887101935287  -0.4423119634175633 
 350   0.9582581839200122    0.487426799206325 
 351     0.91551037311421   0.4915528914108724 
 352   0.9865212587456362  -0.4811874114446519 
 353   0.9294091017547901  -0.4834254925266683 
 354    0.931914565655797  -0.4678766638994291 
 355    0.934703774099181  -0.4548205648228271 
 356   0.9954085833917692  -0.4682180451388537 
 357   0.9732981071863303  -0.4723624845177626 
 358   0.8856318904075531  -0.4636567243433458 
 359   0.9210814783813976  -0.4713684618780447 
 360   0.9481170840653658   0.4886345976749297 
 361   0.9793017180608249   0.4542737869109442 
 362   0.9742418504715373   -0.474661716663602 
 363   0.8829889030173901  -0.4477637144864602 
 364   0.9160688805822694   0.4776250313251516 
 365    1.014577416669882  -0.4989562616459466 
 366   0.9663523555024596   0.4613503987176545 
 367   0.8515605780203821  -0.4338383441876535 
 368   0.8821275238685122  -0.4767151055297056 
 369   0.9688795162518297  -0.4564589155554811 
 370   0.9625619790095807  -0.4734854277743971 
 371   0.8747384604138464   0.4691364777359285 
 372   0.9160816462924914   0.4255370339018479 
 373   0.9399724630410231   0.4902429083579202 
 374   0.9841597894966649  -0.4553086104936173 
 375   0.9724051516399976   0.4762327460964176 
 376     0.90304696282801   -0.485882266738009 
 377   0.8959995133420716  -0.4673125679444539 
 378   0.9368819025592872   0.4508870247394715 
 379   0.9751801595645804   0.4750410729134582 
 380   0.9257804015359259  -0.4662761255000837 
 381   0.9411251814749106   0.4586911870379933 
 382   0.9030634711194729  -0.4788370092147566 
 383   0.9168760806902581  -0.4644250160945443 
 384   0.9258153995275398   0.4625288121562755 
 385    1.024596639904326  -0.4648719520206983 
 386   0.9283697385033992   0.4525443973589609 
 387   0.8494730790748224  -0.4698060766894672 
 388   0.9418525576546973  -0.4953753642795973 
 389    1.009749567138716  -0.4486076837989557 
 390   0.9356677062760685  -0.4495610552972836 
 391   0.9976052374951661   -0.453302175830635 
 392   0.8764554492916401    0.482099184802925 
 393   0.9179169930352534  -0.4916471761211566 
 394   0.9306311603771832   0.4513682639342004 
 395      1.0025711051307   0.4540495446522697 
 396   0.9305509435038178    0.473183701502377 
 397    0.882197478559794  -0.4836164967927556 
 398   0.8814371508594094  -0.4608221136852469 
 399     1.00603391894804   0.4590066233663221 
 400    1.018308064049805    0.481714614337908 
 401   0.9166369678427415  -0.4667106501172142 
 402     0.86583243201549   0.4446479901553387 
 403   0.9563139202499109  -0.4820725456950989 
 404   0.9612823911671848   0.4681252537362206 
 405   0.9656258956253447  -0.4702012700456393 
 406    0.862150987062253  -0.4491016915727574 
 407   0.8974572521093422   0.4559432773220077 
 408   0.9981971258151207    0.461845717545653 
 409   0.9037926017047134   0.4870488205237862 
 410   0.8995940406946595   0.4672931933813831 
 411   0.9505932328362561  -0.4282896232615891 
 412   0.9067604917222727  -0.4757649481303866 
 413   0.9008713914535756  -0.4460167447714383 
 414   0.9590216117965984  -0.4656483247418744 
 415   0.9106421447737663   0.4718661206889044 
 416   0.9375098228799021  -0.4810339829283706 
 417   0.9691706590947905   0.4536191263961241 
 418   0.9325773045914372   0.4575294596306223 
 419   0.8777544312051017  -0.4656230110392705 
 420   0.9532016868261453  -0.4833783401205132 
 421   0.9077394952026581   0.4699011264042862 
 422   0.9129051507282095   0.4242429562129284 
 423   0.9496646716819013   0.4488780460345831 
 424   0.9706122174318786   0.4974164407409942 
 425   0.8563511920192585  -0.4696303504524416 
 426    0.900035689569868   0.4383664279435619 
 427    1.001025196231959   0.4576696323563454 
 428   0.9172484983588971   0.4881184849604049 
 429   0.9319231343155208  -0.4828986879683425 
 430   0.9146738544456254  -0.4639557719785284 
 431   0.9268749234242619  -0.4001245427216277 
 432   0.8846854948001189   0.4830379216316921 
 433   0.9816977214937425  -0.4813297281580977 
 434   0.9534712485470374   0.4567432450487849 
 435   0.8533849217426694   0.4272304867961907 
 436   0.9427740164800066   0.4596858774054944 
 437   0.9303873866415325  -0.4782294593923308 
 438   0.9110298780944158  -0.5102528107058047 
 439   0.9112622580963751  -0.4160476709791355 
 440    1.003509253596059   -0.469922242975043 
 441   0.9097755310967439  -0.4749074229388543 
 442   0.9556796653246162   0.4843433513924871 
 443   0.8869438560026468   0.4340412814731552 
 444   0.9005615771573162  -0.4585495903086805 
 445   0.9791887978565768   0.4479632147053272 
 446   0.9270588514968505  -0.4546872055124748 
 447   0.8431652433084664  -0.4518901746038204 
 448    0.901590166447557   0.4912346533936701 
 449    1.028751099270509  -0.4642813428191853 
 450   0.9354021877691416   0.4471756535820551 
 451   0.9051695959167392  -0.4792591663152365 
 452   0.8649741503373067   0.4533131240734253 
 453   0.9764078235013511  -0.4518709443589374 
 454   0.9714992942257901    0.441557906972849 
 455   0.9411005414640841  -0.4779330911946424 
 456   0.7892006538256967  -0.4705244518027282 
 457   0.9284126887219207   0.4707140646624814 
 458    0.953828926491925   0.4173963575159644 
 459    0.973369709393432  -0.4292942352434827 
 460   0.9036404296797469  -0.4713952726056335 
 461   0.8818955654765395   0.4959686503009776 
 462   0.8950893755295393    0.444721751228914 
 463   0.9838627365212997   0.4249227480525807 
 464   0.8487395434969076   0.3993756585622015 
 465   0.8613022960839301   0.4650236952631158 
 466   0.9219102585949384   0.5142610504192282 
 467    1.000311564820615   0.4704208916804279 
 468   0.9356250627857299   0.4000544345747848 
 469   0.9303198223979674   0.4257354109061562 
 470   0.8891679964796784   -0.465212470139118 
 471   0.9240803708841787  -0.5117472676014495 
 472   0.9344784181685362   0.4682489205306275 
 473   0.8862035188497273    0.390761962237318 
 474   0.7762639578807217  -0.4242564944301164 
 475   0.9585326960808793    0.496785383704315 
 476   0.9955210837464965  -0.4507790858267152 
 477   0.9330479281612494  -0.4284253124103292 
 478   0.8003088386702542  -0.4136590984718703 
 479   0.8757817642513845   0.4384196772164584 
 480   0.9124145024431271  -0.5063061860837131 
 481   0.9927168000497784   0.4489901651960561 
 482   0.8763777177205242  -0.4055964770678232 
 483   0.8155450002624934  -0.3937350135066104 
 484   0.8545797982835653   0.4708302040546837 
 485    0.986482763875295   0.5024026634409516 
 486   0.9710672815331658   0.4561301699570048 
 487   0.8345325467633443  -0.3817914924982323 
 488    0.826302135790404  -0.4230756211102074 
 489   0.7923996299241634   0.4263614333769596 
 490   0.9739033832825278  -0.4893430053477851 
 491   0.9513008323991845  -0.4730731758149122 
 492   0.9244125019777796   0.3992264229756482 
 493   0.8120091291099658   -0.353580060380764 
 494   0.7345378908759619   0.4163156285072891 
 495   0.8066761249221299  -0.4450208876578759 
 496    1.023199039932017  -0.4720178470407065 
 497    1.038178651433304   0.4480715899551747 
 498   0.9270813838765006   0.4057641669161322 
 499   0.7298520385863949     0.39863543693777 
 500   0.7396254698116189  -0.4379526865948626 
 501   0.8984320179966612   0.4032811815681757 
 502    1.102827113013063   0.4440113431036682 
 503   0.9333842525168543   0.4572274153021678 
 504   0.7308463827740842     0.45187786075312 
 505   0.7307866380328454   -0.440241136301737 
 506   0.9072538897558063   -0.349695964841034 
 507    1.005489339961551  -0.3838081409100186 
 508   0.9758693500895652   0.4394981276423084 
 509   0.8448076596402979   0.5239644373032885 
 510     0.81997945530244  -0.4757556293513385 
 511   0.8625670157934693   0.3678058416139296 
 512   0.8256365925377622   0.3658185350040112 
 513   0.8283857428091006   0.3694079673724694 
 514   0.7578433617594232  -0.4606573564249355 
 515    1.026374409181178   0.4896472900490029 
 516    1.034250858637075   0.4693846980071587 
 517   0.8727242435541118   0.3670204105537936 
 518   0.7424028750386686  -0.4188455239100809 
 519   0.7328077289878077   0.4107413870132838 
 520   0.8043279566843923   0.4155728189507591 
 521    1.068688358418689  -0.4256518611918301 
 522    1.101932003859291   0.4163729446836747 
 523   0.7498768913068286  -0.4551314701064333 
 524   0.7593167301237813   0.4595024278707347 
 525   0.8552955718108701  -0.4126989294979996 
 526   0.8314840313919922   0.3300793487840014 
 527   0.8039623763994215  -0.3893609556242634 
 528   0.8236540213478865  -0.4339964608482101 
 529   0.9314444125107659  -0.4800031375079999 
 530    1.057800428194831  -0.5041501569809261 
 531   0.9004586010478985  -0.3775831949845078 
 532   0.7272990676086307   0.3459170448751799 
 533   0.6544004258611696  -0.4283245639973646 
 534   0.8483701862847246   0.4080975109094251 
 535   0.8781670081498671  -0.3580106840887934 
 536   0.8616979949438062   0.3762363072359332 
 537   0.9878091672778475   0.4801880001795663 
 538   0.8668015749550628   0.5269376184848779 
 539   0.8842990660213127  -0.4542274485275247 
 540   0.8607010543957512   0.3947809410871694 
 541    0.890611325638649  -0.3067478437696502 
 542   0.7392745938826406   -0.395717245443044 
 543   0.7988931861621392   0.4782881610711881 
 544    1.007235546391349   0.4637552901377119 
 545    1.015116929401824   0.4629797012108127 
 546    0.859063184260632  -0.4069371972364688 
 547    0.767399650437619   0.3675054205203351 
 548   0.6715300924478722  -0.4280090690594002 
 549   0.8674221031402294   0.3978188756676742 
 550    0.848501567591643   0.3426741976239115 
 551   0.7440494699777507  -0.3412686120781085 
 552   0.6208522971903293  -0.4283905967090088 
 553   0.7719300237715244  -0.3753702325680511 
 554   0.8689094410680461    0.326944332982876 
 555   0.8049772635236334   0.3376310261766447 
 556    0.716175307790152   -0.390118469574986 
 557   0.6770134049357704  -0.4271849256520704 
 558   0.8759609635554098  -0.3691016545312031 
 559    0.880838188222865  -0.3274806764599818 
 560   0.7566087906831507   0.3667926260150217 
 561    0.701082549061935   0.4508024974501041 
 562    0.715271445416426   0.3760810282248269 
 563   0.8520320008002555  -0.3573850228598677 
 564   0.8024139894569553  -0.3188559584529458 
 565   0.6769261763024078   0.3258195301756229 
 566   0.7262336320596638  -0.4669806778655192 
 567   0.8146990445889675   0.3454657468241092 
 568    0.845027097482336   0.3923337542897447 
 569   0.8230510232499987   -0.360357951397889 
 570   0.6884149881523595   0.3780393507972534 
 571   0.7367974545859564     0.44790099625779 
 572   0.7970217316583142  -0.3331756012728808 
 573   0.8882602588957145  -0.3029086017398706 
 574    0.650008649035718  -0.4000771799782544 
 575   0.7028223114525922  -0.4122369839525886 
 576   0.8334528400892701   0.3743762646032696 
 577   0.8022532733200045   0.3302256087216101 
 578   0.8528436246088246  -0.3615159840712459 
 579   0.6984168702308932  -0.4399959542120876 
 580   0.7300777372719031   0.4115894991674299 
 581   0.8871706294011432  -0.3492631234847445 
 582   0.7152217541020023  -0.2866529967134656 
 583    0.619105602297318   0.3627518372663944 
 584   0.7355343473498099  -0.4393939990850836 
 585   0.8773061884597793  -0.3266243161586849 
 586   0.8862429851011822  -0.3754089214629252 
 587   0.7924857479052381   0.3401037912386161 
 588   0.6785307505767437   0.4186345136993883 
 589   0.7153098285308308   -0.412373003396211 
 590   0.9160920290777224   0.3584670415413785 
 591   0.7522303189064345   0.3031996733685973 
 592   0.6722011955024321   0.4203792230131821 
 593   0.8219321215154947   0.4220420990855109 
 594   0.7803132477884224  -0.3581664763029001 
 595   0.8765202361254244  -0.3600359338234914 
 596   0.7510206058639549  -0.3502202826083372 
 597   0.6561337690372453  -0.4169287763710655 
 598   0.7962762537531465  -0.4156035752241291 
 599   0.8520281537326022  -0.3271101094968143 
 600   0.8487273518849706  -0.3589329420415721 
 601   0.8250618880228927  -0.3400218229485877 
 602   0.6217871226696293   -0.417150397714558 
 603   0.7116618901601541   0.4140783873460046 
 604   0.8606757400756132  -0.2985308722729333 
 605   0.8011014013143545  -0.3326619046252564 
 606   0.7025523989424289  -0.4208862643453148 
 607   0.8211038063883076  -0.4177639287403806 
 608    0.780453718674833   0.4174853460498297 
 609    0.861674587701145   0.3093348352111859 
 610   0.6639896501047986   0.3069414350070244 
 611   0.5930858571042016  -0.4320957205759191 
 612    0.779448543902427   0.3422080263821834 
 613   0.8177752679774684  -0.2687025500208202 
 614   0.8430726828607871   0.3475737834805834 
 615   0.7094355899401699   0.4446014790898262 
 616   0.7819545646050139   0.4199304658472493 
 617    0.773699264285825  -0.3757464201897089 
 618   0.7793369753892394  -0.3372074386570939 
 619   0.7293783634569975  -0.3423618317816128 
 620   0.5672821864119765   0.4114514262102029 
 621   0.8128400133212914   0.3150504087418831 
 622   0.9178271428720945   -0.306067881332223 
 623   0.7743891015880502   0.3455973948045242 
 624   0.7626154688290705  -0.4380611759329754 
 625   0.7313344536717112  -0.4255228289332887 
 626   0.7319778406566869   0.4142949640373322 
 627   0.8940523110922718   0.2963064405872967 
 628   0.7426762624394486  -0.2645032427528474 
 629   0.5669278271793103   0.3725482670507875 
 630   0.7187204335537166   0.3963569152264282 
 631   0.8769522250518671  -0.3234363845221168 
 632   0.8568503325325085   0.3949010710694434 
 633   0.7974119120304728   0.3952847569873746 
 634   0.6027780556261095  -0.3918590555709288 
 635   0.8107359853694202   0.4114835000119649 
 636    0.822490597175021  -0.2738391265175341 
 637   0.7247123786331131    0.278395988493165 
 638   0.5448591793627191  -0.4134341001212447 
 639   0.8286103449826446   0.3628815944684014 
 640    0.829553437799277  -0.3249416279267344 
 641    0.905400866329376  -0.3849558643264859 
 642   0.6424696638746822    0.434912241484642 
 643   0.7585259234229724  -0.3827950416435481 
 644   0.7545623272179944  -0.3553184711982741 
 645   0.7714286213010916   0.2654051337836905 
 646    0.671479988120092   0.3551170945140898 
 647   0.5844720056741075    0.427047076811038 
 648   0.9104390760268526  -0.3262813730620189 
 649    1.012349398411189   0.3622014825897598 
 650   0.6966824873184763   0.3522726631549635 
 651    0.776769364359723  -0.3576174008823824 
 652   0.5365337210221189  -0.3849029235141797 
 653   0.7581596219645178   0.3617548586847663 
 654   0.8087855875645711   0.2908438670838769 
 655   0.6565385825618116   0.3019349800268338 
 656    0.671112624041619   0.4070683443880199 
 657    0.768302810771621    0.366782842457785 
 658   0.9297620107800902  -0.3748557078397375 
 659   0.8422936640419358    -0.41160897610144 
 660   0.5829245797606366  -0.3311992937910187 
 661   0.6723330818619793   0.4202171072637809 
 662   0.8275162077000764   0.3401471764627917 
 663   0.8781295464509153   0.2655666140140165 
 664   0.7080716744904074  -0.3261004994945137 
 665   0.6774623405187629  -0.3974145954263895 
 666   0.9118663003090773   0.4488254887757404 
 667    0.800881393773399   0.3595059656627522 
 668   0.7278884235303951   0.3468214730090498 
 669    0.685078230539352  -0.3767989284400203 
 670   0.5560920916732743  -0.3954877798544707 
 671    0.874183965294883  -0.2882513890796943 
 672   0.8531427776335595  -0.2742032392860347 
 673   0.6063751406137822  -0.2629662475512986 
 674   0.6652322067743464  -0.4240025440425582 
 675   0.6546184113541084  -0.3619304797073017 
 676   0.7679910518779934   0.3224484407644299 
 677   0.9805593274787423  -0.3607848797568944 
 678    0.838544290406056  -0.3067426518138625 
 679   0.7025968947987697  -0.4766590217417817 
 680   0.6118719028550901  -0.3977895578322613 
 681   0.8089133719632045  -0.2744321749193717 
 682   0.7451690040742533  -0.3480318747249793 
 683   0.5866692463457294   0.2977841875806976 
 684   0.7147881407232188  -0.3968806415926021 
 685    0.665838279828429   0.3491611072683826 
 686   0.7270425057952864  -0.2494556820696131 
 687   0.7785734293462041  -0.2981372278577513 
 688   0.4844197271472898  -0.4440141751341248 
 689   0.7985873952577341   -0.289214016288479 
 690   0.8670010071292328   0.2949489490106367 
 691   0.7939734963127264   0.3282043454410793 
 692   0.9243572832393262   0.4320748201023882 
 693    0.485944934134897  -0.3875862153668534 
 694   0.9188415194657186    0.409421160868119 
 695   0.7524562475742615  -0.2751957348868403 
 696   0.7170538004412885   0.2419241825309177 
 697   0.6190312355020663  -0.4960598083046207 
 698   0.6428674629259786   0.2581607068564715 
 699   0.7660068082877787  -0.2908592386432978 
 700   0.6383103041129375  -0.3571757743748931 
 701   0.5484319745068387  -0.3592454823337259 
 702   0.8148922340313414  -0.3271927590450361 
 703   0.7308613206126855   0.3078283604931612 
 704   0.6936523509910194   0.2173991977422056 
 705   0.6479370478290963   0.4081614368169323 
 706   0.5707529538172916   0.3933890903077083 
 707   0.7405272110208794  -0.2179040114745953 
 708   0.7733440307841003  -0.3986814942124449 
 709   0.6439795144481167  -0.2800402131936508 
 710   0.6031925498253049   0.3671170432592733 
 711   0.7902397294935899  -0.4134020870900081 
 712   0.7162073356456954  -0.1843544351694972 
 713   0.5659152198644837  -0.3685052813666058 
 714   0.6825753017069973   0.4116581674218157 
 715   0.6420701383707871   0.2369561925336867 
 716   0.8915929198184794   0.3419372556268556 
 717   0.6966655406990555    0.244815105393237 
 718   0.4839625603179939   -0.319448062332346 
 719   0.8203123949967931  -0.4694373098782285 
 720   0.7417706378273683    -0.17989900960253 
 721    0.812004046692553   0.2978786402561686 
 722      0.6655224637585  -0.3618402593864856 
 723   0.4911927569485366  -0.2881141340945206 
 724   0.7964105898907301   0.4208601604521823 
 725   0.7532244338156454   0.2801562264777133 
 726   0.5331084870778569  -0.2245649386399902 
 727   0.7549533408635734  -0.4551484470485034 
 728    0.586407223663258   0.2782903994446732 
 729   0.7809639204983917  -0.3160038956369429 
 730    0.828524230045089  -0.3573456951720048 
 731   0.3108863754706317  -0.2779169363512194 
 732   0.8566021992256212  -0.3310420782342408 
 733   0.7751950339679736    0.271118759499368 
 734   0.5907059402590101  -0.2127571678365348 
 735   0.8031996183693193   0.3245516056072515 
 736   0.4282217417060694   0.3713769942746763 
 737   0.6492330155790002   0.3246372575302371 
 738   0.9958352310949473  -0.1901489322884161 
 739   0.6506074245495174  -0.2729559168736787 
 740   0.4874052067793886  -0.3189414580093387 
 741   0.8529852113026822   0.3932559606023636 
 742   0.5448427792932514  -0.3294896880517999 
 743   0.7915402166065758   -0.227164474778939 
 744    0.553039536593989  -0.3973021906811594 
 745   0.6090719943812309  -0.3641001072663516 
 746    1.001464598314283  -0.1997954669674472 
 747   0.5381625264180477   0.2819600846863579 
 748    0.619008590499872   -0.322948682079125 
 749    0.697886733863997  -0.3959474161393488 
 750   0.6163852388914272  -0.3772184134114427 
 751   0.7586919430855738  -0.1808714909293455 
 752   0.8620916450072132   0.2475903112993876 
 753   0.4998802865250304  -0.3894466934510348 
 754   0.5087905402411453   0.2848648299640892 
 755   0.8711340138211314  -0.3860104156240788 
 756   0.7111347611976035  -0.2920425091101266 
 757    0.766974096361683   0.1608390303127877 
 758   0.5640832266726779   0.5329399180291734 
 759   0.6756889983970811   0.2251651253938991 
 760   0.7251269519073449   0.2177008954821155 
 761   0.5631377789303238    -0.45292290964146 
 762    0.543247284772543  -0.2834598188586274 
 763   0.7398118221318107  -0.2719590023834203 
 764   0.8761563178746327  -0.3055450234785964 
 765   0.4591554450756964   0.1666025959066449 
 766   0.4111707861595188  -0.3274202473736725 
 767   0.9134805346654086  -0.3067891123353414 
 768   0.5348660883152364   0.3358565135610697 
 769   0.7985825982179435  -0.1594791890445333 
 770   0.7838377179756886  -0.3105768270801755 
 771   0.3493450462080867  -0.3995626180749094 
 772   0.7848757858950419   0.2020027212799953 
 773   0.6911630475235715  -0.4149165103762269 
 774   0.5272432579692513     0.17180663613736 
 775   0.3574662128392523   0.2646062402567042 
 776    0.994340428139711   0.3267379106669253 
 777   0.5259457213190466   0.1960310002499286 
 778    0.433129865587397   0.2772558615931224 
 779   0.7666564843384035   0.3504711957785409 
 780   0.5684872460884526  -0.3677275060206178 
 781   0.6542462533599823 -0.09283637499995037 
 782   0.6580441491888638  -0.2443658700985134 
 783   0.5763313873243803  -0.5200715103189527 
 784   0.5034405581335774  -0.1639076038336505 
 785   0.7870545921893378   0.2721201531360928 
 786   0.7862089098024719   0.3119642942371362 
 787   0.2129910433752946   0.2134551451135488 
 788   0.7556604889641916   0.2478836353817833 
 789    0.799362045202235   0.3580719463536304 
 790   0.4436346415775225   0.2568843773677532 
 791   0.3919252525397973   0.2036583203655268 
 792   0.9027647498283681   0.3885716490735773 
 793   0.6389071275339848  -0.1540805452424679 
 794   0.1556295098099664  -0.2026987343358651 
 795   0.7596199062721682   0.2044410917624962 
 796   0.8736660169430915  -0.3376242324599465 
 797   0.5104384280841671   0.2454765440527354 
 798   0.2016521943957508  -0.1261339804334104 
 799   0.9109538062317571   -0.341616182963969 
 800   0.6323921472145748  -0.2516974927992257 
 801   0.3556986328683231   0.1914973839048652 
 802   0.4203223416050311   -0.160725318205741 
 803   0.8424214390027628  -0.4105475091719802 
 804   0.7109304764112385  -0.2850968700123011 
 805   0.1876707707010161   -0.169813155350053 
 806   0.4375422912304137   0.2028568608337329 
 807   0.4596210236454655  -0.1658027766824545 
 808   0.3822611992207309   0.0580462355487009 
 809   0.3290305236263094   0.3287695837267137 
 810   0.5220580051557213  0.06975482597713685 
 811   0.3592351351371014  -0.1635339515004629 
 812   0.2073446513941488  -0.1912910864228344 
 813   0.5805924329517974  -0.1714448987084397 
 814   0.2059176843033879  -0.1293504581305548 
 815   0.4893251056298303  -0.2018736497991972 
 816   0.3556348068061402   0.1647288963077171 
 817   0.3569786029478647 -0.07734251805618771 
 818    0.343042308699901  -0.3196033678404888 
 819   0.4923986761693164   0.0853809024017291 
 820   0.5026209681544284  -0.1675717368957856 
 821  0.09345930264773729  -0.1329821091680909 
 822   0.6129067588742009  -0.1453369205100374 
 823   0.2860236220066388  0.07064868227018244 
 824   0.3757305370397427   0.2233487305987991 
 825   0.3907862255326846  -0.2007103200759671 
 826   0.2610581563737892   0.1053992028697719 
 827   0.4712850951725513   0.2831799329983302 
 828   0.3377771665807365  -0.1014305718415844 
 829   0.5219063708563884   0.1197612055186558 
 830   0.1421556811863154  -0.2302698175493088 
 831   0.5789020159501124  0.08437084926010778 
 832   0.4133879001584319   0.1466166166743579 
 833   0.2237337208350486  -0.1464254921716203 
 834   0.5043105391113522  -0.2683874890717847 
 835   0.3605725856161145  0.05151079787400996 
 836   0.3791041748516288  -0.2633794600615104 
 837   0.3340268749856257  -0.1502620900240015 
 838   0.5044132509388736  -0.1407417372908487 
 839   0.2123625749823573  -0.2551757742968273 
 840   0.3388637005937454   -0.113406466668584 
 841   0.5712212531604366  0.09839218298857316 
 842  0.05513540324524802   0.1198340927530025 
 843   0.5949154667401648 -0.08814298852758724 
 844   0.3721347885424264  -0.1139851349638016 
 845   0.2942164782475742  -0.1624619144670036 
 846    0.441196214114197  -0.2900254843623413 
 847   0.3097764041476031  0.06603257825062879 
 848   0.4101288593007434  -0.2069053061321964 
 849   0.3009879643427191   0.2034793524198956 
 850   0.4333832273729026   0.0655512353709867 
 851     0.30288478854315   0.3186611364069964 
 852   0.3751218486675233   0.1125740296097543 
 853   0.5924484816460336  0.09561512115512158 
 854  0.04344723430149165  -0.1231695885690394 
 855   0.5690280160870302 -0.04711043056048371 
 856   0.2852462409350656  -0.1431710962393385 
 857   0.1695450866605869     0.17451802908227 
 858   0.4260299020750832  -0.0659617046421514 
 859   0.2707450540238031  -0.2723265380909253 
 860   0.2896601941985161 -0.06175185117661273 
 861   0.2659088746312607 -0.05760159862546172 
 862   0.3769667103351928   0.2870514976980368 
 863   0.3598545186636499 -0.09371487559353453 
 864   0.1350314650702328  0.04450536495258432 
 865   0.5262494868529145    0.239588266888625 
 866   0.1510876763701105  0.04833362176545834 
 867   0.2608017920554063   0.1333633443227154 
 868  0.04929976665374129   -0.043467401394877 
 869   0.2703708576162876 -0.08375992346240629 
 870   0.2374867862163788 -0.01842114994945098 
 871   0.1238821955910796   0.1634925471939107 
 872   0.1483403614959035 0.006367578489901455 
 873   0.2193172027571739   0.1691978239078629 
 874  0.08269387986175895  0.02401676220585914 
 875   0.2787104356294502 -0.06765101547200414 
 876   0.0898504810467629 -0.08588101930536439 
 877   0.2836494562017912  -0.1070831893239337 
 878  0.00991623769104269  0.01740647206609079 
 879   0.1308860106986175 -0.00723685941086248 
 880   0.2393770031773495   0.1643487098061566 
 881  0.06626903721354442 -0.01700810223265723 
 882   0.2297224133830947  0.03570303133286807 
 883    0.148073388050014     0.16225415652548 
 884 0.007601236952348702 -0.007483591684151285 
 885 0.006926210186532421 0.004472167685460849 
 886 0.007776663113868308 -0.002620243006686556 
 887 0.005768274849167699 -0.00376563435946871 
 888 0.008591301813032651 0.003267732082984746 
 889 0.006367663628225511 0.004059795916489404 
 890 0.007783919953028126  0.00387680761787935 
 891 0.007139332135419581 -0.003037215196373574 
 892 0.005468412767650078  0.00381034559103548 
 893 0.008620730030605504 -0.00171190199063694 
 894  0.00332595163896462 -0.003297437311957684 
 895 0.007093672993882459 0.002299729327133355 
 896 0.005776819478952459 0.004136788743991068 
 897 0.006090417822520606 0.001567698387817798 
 898 0.004540438784160263 -0.00331160637483976 
 899 0.008196460030530428 -0.003151861205782161 
 900  0.00364946946814193 -0.002531912381045601 
 901 0.007228504840786548 -0.001917710796204246 
 902 0.003381072138986398 -0.003518433602441056 
 903 0.004239047935664979 -0.001300698559522002 
 904 0.007775497412259792 0.003718251026421966 
 905 0.002234913717880487 -0.001417643707956808 
 906 0.002395146767015978 0.0008498194883045599 
 907 0.008947427396016384 0.003823251013722855 
 908 0.001870113716178646 -0.0006402613270499095 
 909 0.001746601405778125 0.001308680605986912 
 910 0.001485041021991457 -0.000686500472325157 
 911 0.0005469228582918634 -0.000493062285204423 
 912 0.0005037678945975508 -0.0002192468322009357 
 913 0.0004058188019248451 0.0002466378339823152 
 914 0.0002843009914045908 0.0001397019567113535 
 915 0.0006074560197376313 -0.0002277160087480709 
 916 0.0003536878614614007 0.0002547837578109204 
 917 0.0001195239049617614 -9.3216361073362e-05 
 918 0.0002035335192390874 -7.148940492743587e-05 
 919 0.0001012878952818426 7.006770964890632e-05 
 920 0.0001036989820820528 -4.927268933001267e-05 
 921 0.0001505333132412092 6.854737004989758e-05 
 922 0.0001067127678948273 6.645322490909193e-05 
 923 7.131661775150961e-05 -3.755068401617284e-05 
 924 7.828728839145171e-05 -3.921599793043514e-05 
 925 0.0001000760632002733 -5.039428097215349e-05 
 926 3.337942710194697e-05 2.600814592587844e-05 
 927 4.173939408294615e-05 -1.641581918936783e-05 
 928 4.769810551766229e-05 -1.998173064874202e-05 
 929 5.927520473752761e-05 -3.038632962454796e-05 
 930 5.879909607134584e-05 2.616300980462529e-05 
 931 3.593398588732636e-05 2.957516484943702e-05 
 932 2.884284083169713e-05 -1.239213763655959e-05 
 933 2.492198673009641e-05 -1.19206263113732e-05 
 934 3.817192181107245e-05 1.760905967775466e-05 
 935 3.245501575800743e-05 1.283927490790512e-05 
 936 2.316969633389752e-05 1.979310775186008e-05 
 937 1.37232812535864e-05 -6.044644809802762e-06 
 938 1.771732980975132e-05 -8.026228485424668e-06 
 939 1.06162883379467e-05 -6.987852574981587e-06 
 940 2.389522557531907e-05 -5.868809317725921e-06 
 941 1.627797896347735e-05 -1.379021491458331e-05 
 942 1.157545736685886e-05 -4.602377237542871e-06 
 943 1.675697904165592e-05 8.184067301275135e-06 
 944 1.002533057074338e-05 -6.757341031334123e-06 
 945 1.02328759192697e-05 -4.521930215373994e-06 
 946 4.678065141846438e-06 3.700486132298731e-06 
 947 3.729794972043011e-06 -2.159787903400002e-06 
 948 5.014854221756198e-06 1.585260866465558e-06 
 949 7.954910340433578e-06 -3.444685302738075e-06 
 950 3.741987102475432e-06 -2.575932561525918e-06 
 951 3.640292920935729e-06 -2.104900643935903e-06 
 952 3.395802640840581e-06 1.430703037851573e-06 
 953 3.473608051104638e-06 -2.0262870448937e-06 
 954 2.760139518106664e-06 1.385014087213558e-06 
 955 1.054496166790229e-06 8.17538041408295e-07 
 956 1.224724040064472e-06 6.778384698663387e-07 
 957 1.397280995180286e-06 5.672716295092186e-07 
 958 1.267458304036393e-06 3.507640696794118e-07 
 959 5.296037361242709e-07 -3.82768726306132e-07 
 960 8.132353545150462e-07 2.074078969063998e-07 
 961 4.096801936441481e-07 -3.985492552555029e-07 
 962 1.058562486399491e-06 -2.974355604522618e-07 
 963 4.47020370094236e-07 2.746847019511331e-07 
 964 8.713428235255303e-07 2.636918258332883e-07 
 965 4.353675382566046e-08 1.011680217119428e-08 
