1687 
 0                   1.                   0. 
 1    5.789139366998171  -0.3820937853804691 
 2    6.033657439944088   -4.828214143680003 
 3    8.692176950975115    -3.21943052883584 
 4    7.018450414330555   -2.050308568171713 
 5     8.23250249979637    3.447740020950082 
 6    4.441617531230839     3.26056843656696 
 7    7.391862847887443    3.353873989699511 
 8    7.118563503367834    3.920912817699297 
 9    5.308560753650429   -2.297937671781427 
 10    6.714519966046113   -3.214518806436303 
 11    6.894010801238568   -3.119198925483398 
 12    5.732455582445422   -3.803623197708867 
 13    7.142578792602611   -2.227131843419577 
 14    6.396700855996277    -4.23384387933196 
 15    6.087497862279615    2.905913235198986 
 16    7.074949795429237   -3.395469502269373 
 17    6.695686022223263   -3.705876220196592 
 18    6.633594124465974     2.43446186413669 
 19    7.127959864151054   -3.769543984587808 
 20    5.492030756355184    3.189364223026479 
 21    6.530343907980679   -3.012683211472464 
 22    7.359924748444413      3.0640259320283 
 23    6.000101365226969    3.829931582795331 
 24    4.417832123576216    2.142158745113712 
 25    8.632470280270658    3.347607243429596 
 26    5.082857326593222   -3.171373569199989 
 27    6.909022104390967    3.020425951929445 
 28    7.348104804565564   -3.389264997458385 
 29    6.169028315778544    3.456485776300086 
 30    4.541954287647099    2.621713740161116 
 31    8.875417768077433    2.971718972103219 
 32    6.093624966634501    4.430357884079343 
 33    5.028685815323144   -2.162629022039131 
 34    7.631359777033389   -3.378843552460975 
 35    6.300489607175592    3.241963103722896 
 36    5.982486463632028    3.393340752765652 
 37    5.800319393682089   -2.508311739195514 
 38    7.047754529594225   -3.726519496339754 
 39    4.182455741034539    2.524888309437116 
 40    7.446239030693667    2.493031193772409 
 41    6.575011078723839   -4.284775656074863 
 42    5.034343630920197   -2.515429789918014 
 43    5.390462421248533     2.51373339412673 
 44    5.537791122665284    2.708021815514425 
 45     7.18276883617551    -3.40642977877291 
 46    5.084774402202836    -3.10644077831935 
 47    7.105531525384816   -2.501368894690265 
 48    5.303830310019439   -3.715916815346357 
 49    4.132919188968124    1.901566026988174 
 50    6.990654924257619    2.803582727416065 
 51    7.508207816040118     3.53895982827764 
 52    6.071895848257801    3.888766099369273 
 53    3.911604848418869     2.10343378150187 
 54     7.27761871988639   -2.692899741536457 
 55    6.198616324175601   -3.363208993253981 
 56    6.271714894216781    3.149604596443103 
 57    8.034992602899992   -3.291470052209116 
 58    4.291242653933788   -3.470716931994699 
 59    4.701666596529223    -1.62709249135583 
 60    7.644394643070679    3.649643070467674 
 61    6.162984901669749    2.837013868236048 
 62    5.096601799556762    3.184327352830807 
 63    5.455924781214748   -2.369264170812243 
 64    8.277212804677628    3.995939643474987 
 65    4.032017335880598     2.41921608951387 
 66     7.52907719867441    2.732824754998119 
 67    5.394707352952429   -3.374859132464953 
 68    5.533482797220168   -2.662281618959459 
 69    6.331800230719793    2.934896989057654 
 70    6.813329841007264   -3.412034825242227 
 71    5.715823866977614   -3.052065401298756 
 72    6.092192243498404    3.006688946576094 
 73    7.632573905757348   -3.198343740506415 
 74    3.906676967832135    3.048171594739463 
 75    6.423672808833339    -1.96088912196336 
 76    6.792942293503176    4.283744355989169 
 77     5.70344866338164    2.320816226054653 
 78    5.268721490801498    3.192551581992891 
 79    6.442486427685851   -2.335734354522105 
 80    5.853406787770144   -3.893654414452485 
 81    4.024097934082485    1.891006329935842 
 82     6.02350032171583   -2.606741878862653 
 83     6.99086098190408   -3.447402301198316 
 84    4.842152464712925     2.76201068160404 
 85    5.482021406685875    2.684375236174166 
 86    4.462833611375958   -2.107628342234937 
 87    8.310639434387578    -3.45982723100019 
 88    4.967841784174027   -3.077050847117534 
 89    4.260487338962964    2.406557151235333 
 90    4.429389835886117    1.903270833145591 
 91    4.638940459284687     2.58068926943179 
 92    2.671200428115248   -1.672065602000561 
 93    4.018885433134839    1.514380260634587 
 94    5.186053228425133    2.475160881695345 
 95    3.361089919798919    2.123744259818085 
 96    3.434287331753149   -1.591420635753208 
 97    3.875560191721111   -1.749894874370484 
 98    4.827417231607917     2.14929721512353 
 99    4.044617404958474    2.376968914567855 
 100    3.844106441139198   -1.866692948532581 
 101    2.977997254602774   -1.748888241943735 
 102    4.941207067047131    1.654869866830043 
 103    4.199201090336426    -2.83314080323776 
 104    3.030501387373057    1.516032340083932 
 105    3.543201616479026   -1.608342261099648 
 106    4.728910512130874    2.016424736084514 
 107    4.363335771010581    2.534959207067752 
 108    2.948809625901726   -1.686603228817539 
 109    3.125076594058923    1.353178550560018 
 110    5.664683560231732    2.384515990598223 
 111    3.282682316315028    -2.22246619534069 
 112    2.790011262281348   -1.397184142315818 
 113     3.35496013160478    1.417156102700133 
 114    5.439521373538298     2.21971134460958 
 115    3.867020777929973    2.481208019378757 
 116    2.711657931307761    -1.47492381034058 
 117    4.129029322290447   -1.389064592614605 
 118    5.168341363419362   -2.995085387945967 
 119     2.65356904600826    1.569537334423458 
 120    3.366679876519835    1.300560342829054 
 121    5.729133144112063    2.533994134979464 
 122    2.850213711074778    2.104384510339241 
 123    3.044099533837161   -1.268282238223135 
 124    5.009082055797951   -2.014336638984043 
 125    4.431268839375766   -2.625066532865853 
 126    2.728516540283824   -1.613777811283983 
 127    2.936310507532977   -1.277051645366053 
 128    5.615559386853707   -2.144726819619159 
 129    3.465384834244107   -2.434577437299668 
 130    2.787126630059173   -1.363734040003475 
 131    3.190123837606972   -1.480631358813613 
 132    5.687291349340398   -2.081598384148401 
 133    3.142943952747891   -2.505491400813701 
 134    2.490176322860058    1.090861240241328 
 135     6.14873268815766   -1.970296766869647 
 136    2.985107768971701   -2.577730705066916 
 137    2.474224618018724   -1.021470083024931 
 138    5.309311632624089   -1.757518545846241 
 139    3.939798319037744   -2.844169502262414 
 140    2.182201189436326   -1.310995858515442 
 141    2.559570256257793  -0.9971179693772136 
 142    6.038990161776511   -2.128438418461891 
 143    2.986489022819393    2.311743218867305 
 144    2.384431395918118     1.19592191431411 
 145    2.864932273568991   -1.202734760727275 
 146    5.691782967688771   -2.132337832521825 
 147    3.346649339609651    2.394375643379365 
 148    2.192427323888851   -1.237737272561449 
 149    3.854362167663363   -1.192450302604295 
 150    5.501084072784067     2.98049361463178 
 151    2.043325658825498     -1.5211027432648 
 152    3.489633089786763    1.063038802664158 
 153    5.602679985984348    2.825052243120263 
 154    2.670052546283729   -1.668999912823086 
 155      2.5292338943794   -1.300013767013865 
 156    4.705463213978835   -1.458078901015194 
 157    4.627846000583514   -3.057816743907543 
 158    2.064769877917212   -1.256928808393246 
 159    4.598995302340413   -1.187148355070722 
 160    4.596099378744671   -3.167563206216081 
 161    1.937743623703046    1.186556775238769 
 162    3.295754433464154   -1.081219148526917 
 163    5.695766901158881    2.521098830478507 
 164    3.173455832942415    -2.11889899488155 
 165    2.058345050128459   -1.256894462820442 
 166    3.930042152568314   -1.094782620057074 
 167    5.238510684619009    3.104649861952383 
 168    1.731774452862795    1.243355021483046 
 169    2.177260445054706  -0.8353411143477845 
 170    6.203150434005318    2.023453980727824 
 171    2.709477029363594   -2.282917383917844 
 172    2.124413996560876   -1.049629412165281 
 173    4.422632438082113   -1.334469208175271 
 174    5.040421628683546    2.874718877076634 
 175    2.103859238449397    1.547597270617385 
 176    1.813090371804497   0.8886325599422863 
 177    5.108548077643953    1.279132944325358 
 178    4.207196128289966   -3.038794922073972 
 179    2.513499963206889    1.333688817334636 
 180    1.957839020490941    1.159503142886273 
 181    2.750632215307056   0.9832185391744693 
 182    6.160063222587994    2.399128549149403 
 183    2.400993487129613    1.986196331928907 
 184    1.966496567824809  -0.9509952186902454 
 185    2.057289355267124  -0.9543865856131315 
 186    5.287073598292321   -1.484007253155965 
 187    3.953724295371837   -2.953841577993995 
 188    1.721659541279227   -1.069389724500109 
 189    1.758662594802799   0.8677387006683892 
 190    2.616097233757191   0.9956744845587627 
 191    5.869100462428116   -1.966375487425096 
 192    3.100882550679928    2.524942543548799 
 193    2.028817579671347   -1.091106739600899 
 194     1.91126009234007  -0.9884682198703318 
 195    1.921828509129297   0.9607893043625385 
 196    1.827954255368396  -0.9330916555591123 
 197    1.633218002802135  -0.8406145242058812 
 198    1.589608039311007  -0.8174186578519477 
 199    1.552500206115357   -0.786196469926473 
 200    1.708804211665302   0.7901974273370425 
 201    1.805785081751383  -0.8718174020857158 
 202    1.655253940474039  -0.8900583331406088 
 203    1.602279134548363  -0.8053420314147827 
 204    1.842587953655642  -0.8712720153117927 
 205      1.5905932623453   0.8571776898835282 
 206     1.57326947694629   -0.802049645976331 
 207    1.546005299747053  -0.7793478089138058 
 208    1.573680844345263   0.7603031649624555 
 209    1.530799847647085   0.7937121780959899 
 210      1.5307567457138   0.7435650374498233 
 211    1.598684660797196  -0.7924822457156199 
 212    1.570837035931995  -0.7747593856112389 
 213    1.689870162955728  -0.8095746487998561 
 214    1.635727087440149  -0.8162628056399821 
 215    1.587700207691076  -0.8061524663091166 
 216     1.61958140564423  -0.8143103586369111 
 217     1.68078768644966  -0.8508665497210189 
 218    1.568004882949105  -0.8212046629576043 
 219    1.644264953497514    0.754531106938175 
 220    1.547757145000733   0.8080187325398063 
 221    1.586724522800784  -0.7778184283750724 
 222    1.492254823383311   0.7513390719046916 
 223    1.477132580344681  -0.7604401486829386 
 224      1.6010141311121  -0.7674696690577805 
 225    1.489094775926047  -0.7717733241090962 
 226    1.587801261291828  -0.7704538096518774 
 227     1.53936366681511  -0.7677974373609598 
 228    1.608690400169182  -0.7866346694765727 
 229    1.565301172624511   0.8213181163131501 
 230     1.60886760124392  -0.7578978861457014 
 231    1.569797867237652  -0.8033596987062194 
 232    1.487328657579457   0.7433830820835401 
 233    1.678372746555427  -0.8080409340709911 
 234    1.547890203309878  -0.7949702172165005 
 235    1.564895754289715  -0.7442365264700533 
 236    1.514723044427311   0.7833298350552073 
 237    1.545500925191017   0.7741806320924117 
 238     1.49734943474271  -0.7611466397354508 
 239    1.631752912537163   0.7875954959575657 
 240     1.48773697925923   0.7946322945454238 
 241    1.563653121479877   0.7656008070044759 
 242    1.502603732901208  -0.7370346056320383 
 243    1.538794107421857   0.7870364155677219 
 244    1.500412086950403  -0.7346101430343894 
 245    1.506824534829839   0.7601482059435742 
 246    1.487908648531892   0.7505958452904162 
 247    1.549574619345515  -0.7381553869065677 
 248    1.608503832697104   0.8362125260898481 
 249    1.544001268083627   0.7624166879090526 
 250     1.51629914882551  -0.7761596172643042 
 251    1.555893481991153  -0.7583726338814231 
 252    1.598885257972928   0.7893519110537134 
 253    1.525106664249819  -0.7618351739474509 
 254    1.489308057564791   0.7646729984048898 
 255    1.520755253087666   0.7297176002574594 
 256    1.570461746787708   0.8082187553807146 
 257    1.467487873659242   0.7402291356799121 
 258     1.55049252158749   0.7570826548354307 
 259    1.456090267169363   0.7899379172631725 
 260    1.559425323473765  -0.7417127799694687 
 261    1.466068076308634   -0.730722120656174 
 262    1.477348415526078   0.7351076008403326 
 263    1.522595045404784  -0.7205610542773543 
 264    1.474658244211417  -0.7354664004144369 
 265    1.465158643852121  -0.7413126575148118 
 266    1.450893909543039  -0.7336806134905843 
 267    1.519163220356226   0.7339026710360103 
 268    1.541148085308654   0.7974007833279494 
 269    1.505422054238456   0.7302222965106281 
 270    1.416043728334949  -0.7589361169488368 
 271    1.629996637172447   0.7448016934923977 
 272    1.490472525669216   0.7846292208874264 
 273     1.50282414768865   0.7108929895008141 
 274     1.49013304675082   0.7373601878940098 
 275    1.483083502866172  -0.7601980003690659 
 276    1.594559942791011  -0.7677483751926845 
 277    1.405179006640574  -0.7611172972247742 
 278    1.430705469341521   0.6867028553050221 
 279    1.496978510478328  -0.7525956581035521 
 280     1.57219814622337   0.7725761618018208 
 281    1.486127565527651   0.7480062385595876 
 282    1.475014599926761   0.7557022403872402 
 283    1.469261462153334  -0.7336981918923522 
 284    1.545844496786499   0.7464475203971049 
 285     1.41369407006426   0.7185348176442531 
 286    1.518917719358486  -0.7460268457731989 
 287    1.469361838519033  -0.7614332257582386 
 288    1.547993557323992  -0.7422461717393365 
 289    1.533389231062109   0.7780055265410895 
 290    1.519274704779521   -0.733411257419524 
 291    1.537405526147162  -0.7822375743724956 
 292    1.470315454870598  -0.7237654445294133 
 293    1.463089967408421  -0.7434744801525822 
 294    1.539791435640785  -0.7532315388543489 
 295    1.507192213373169   0.7693409782463418 
 296    1.459776516613933    0.735388602617728 
 297    1.451643905883676    0.730608993365424 
 298    1.530173935221427   0.7690399806400398 
 299    1.455826079857673  -0.7266489455353868 
 300    1.459556708941127   0.7401313380502923 
 301    1.567405413281372   0.7334194920081221 
 302    1.420093269530043   0.7615426317652252 
 303    1.432752097710695   0.6763177185067589 
 304    1.469803849424192   0.7212561853946763 
 305    1.441671238346493  -0.7835400697925188 
 306    1.439740867135962   0.6823983763980425 
 307    1.475722568460255   0.7402775197988399 
 308    1.533080613730855   0.7394216916725354 
 309    1.546853427177333   -0.777481313637523 
 310    1.464733769348661   0.7469211817897895 
 311    1.422031906859105   -0.710168004166069 
 312    1.422866318293724  -0.7127490146921982 
 313    1.566312392087241   0.7275483362777952 
 314    1.425854791871928  -0.7398797261101888 
 315     1.38436687534375  -0.6902108275519063 
 316    1.359065299967826  -0.7174324742480516 
 317    1.451411213068817   0.7141205924951198 
 318    1.469836800919072   0.7408273388149964 
 319    1.475165058254264  -0.7298632463234045 
 320    1.472909982217404   0.6876287222364369 
 321    1.480049878592014  -0.7450405494525981 
 322    1.603590937036358   0.7553682355240744 
 323     1.35906439578335   0.7770605659333782 
 324     1.61032923284478  -0.7308855051407297 
 325    1.428172904674884   0.7334714629142042 
 326    1.502761931163339  -0.7226381747986788 
 327    1.405009356826052  -0.7760437717317735 
 328     1.49065478672278   -0.666544148010757 
 329    1.537799704329173   0.7722094850291965 
 330    1.385968158542969   0.7393532446033101 
 331     1.47062360079104   -0.712059823470795 
 332    1.357220767959206    0.710517062974676 
 333    1.405698886575311   0.6771886881136802 
 334    1.439741851726084   0.7129570168363261 
 335    1.371987664294077  -0.7080871531892522 
 336    1.475415028343954    0.699906736672917 
 337    1.308097573290044  -0.7032376897908791 
 338     1.52127836520436   0.7045631219658861 
 339    1.428666566683024   0.7308756878349951 
 340    1.487082146961705  -0.7345160973946576 
 341    1.481941529556279  -0.7471156334791041 
 342    1.513192938425136  -0.7523653831161364 
 343    1.366299728584727  -0.7342984144699598 
 344    1.327142671307498   0.6532581856285893 
 345    1.370588299985939   0.6778051878945105 
 346    1.452955995042154   0.7130533170796033 
 347    1.567558089051739  -0.7255488841222192 
 348    1.287838638070773   0.7128028367205046 
 349    1.368890566059472   0.6639407540231079 
 350      1.3170088007251  -0.6938838888429979 
 351    1.317409422701007   0.6606372073981491 
 352     1.35079452912461  -0.6544265198448803 
 353    1.416728949832266  -0.6768162160601978 
 354    1.465891397486842   0.7467767252994056 
 355     1.49031076437945  -0.7304922508124803 
 356    1.416912948306126  -0.7217931817441531 
 357    1.354087438267119   0.7221171639086402 
 358    1.318986923243871   0.6326989892947612 
 359    1.349753636707971  -0.6535740550188691 
 360    1.372914569514005   0.7105610501572458 
 361    1.440514745966316   0.7145567512840276 
 362     1.51652326927355   0.7277171550892543 
 363    1.438886096346114   0.7200622969280822 
 364    1.359832121036244   0.6807264985759666 
 365    1.211287641919746  -0.6729945764130689 
 366     1.33739457431425  -0.6471462809437452 
 367    1.387594483275245  -0.6662340394487635 
 368    1.473290451325812  -0.6908959771928544 
 369    1.452488227624744  -0.7267775406000487 
 370    1.404998965205964  -0.7043418620041642 
 371    1.406071701410122  -0.7225380277689808 
 372    1.380807719899095  -0.7082395193377607 
 373    1.351888184736723  -0.6609898035034779 
 374    1.370855294738725  -0.6828108398100536 
 375    1.344762444688775    0.669880319096463 
 376    1.289697218751108  -0.6823772877980554 
 377    1.393273350752394  -0.6544597719238419 
 378    1.294015287365984   0.6623629889484171 
 379     1.37805175668148    0.672508639394216 
 380    1.412414904160936   -0.693537716814652 
 381    1.323874226993865  -0.6843670440695606 
 382    1.337789986726625   0.6662779889067504 
 383    1.328163615863163  -0.6672654299770295 
 384     1.44887589492809  -0.6833808586126852 
 385     1.47206761181063  -0.7581051209958355 
 386    1.407841414177859  -0.7095019259483357 
 387    1.370373192786682   0.6953149816636875 
 388    1.295082658652182  -0.6443790519751753 
 389    1.266349036961023   0.6597210865227645 
 390    1.407504688427514   0.6717994190094831 
 391      1.4142955154926   0.6884218390454963 
 392    1.517653807953899   0.7202360567681878 
 393    1.408301573533693   0.7482039928893268 
 394    1.416820615458832   0.6857739104833108 
 395    1.268886564964308  -0.6976363695998142 
 396    1.326104196077534    0.645103843628081 
 397    1.197296492004649   0.5904522070486938 
 398    1.298007768424998   0.6569380366306343 
 399    1.251581735882759   0.6473315125097504 
 400    1.293859844294462  -0.6404628460999962 
 401    1.272229570557207  -0.6182029592848942 
 402    1.311584025844833   0.6180009780231286 
 403    1.241214336319721   0.6289603211065934 
 404    1.282089762494744   0.6588967484370164 
 405    1.194551133872347  -0.6074530304165827 
 406    1.294939252510893   -0.631590647416051 
 407     1.23613572217895   0.6377292541938607 
 408    1.225992727369457   0.6003618817926786 
 409    1.344402312200224   0.6258222493406119 
 410    1.183071523647804   -0.638076213606263 
 411    1.255903494360125  -0.6092805713917598 
 412    1.295737621761325  -0.6074774431378656 
 413    1.182788314564621  -0.6447164701234903 
 414    1.305959968260881  -0.6091958172221453 
 415      1.2111672087062  -0.6528108102345274 
 416     1.17571607992219   -0.581291276202728 
 417    1.306338995086642   0.6146251699498656 
 418     1.18947922563958  -0.6257694007188941 
 419    1.283061339873784   0.6199813611379843 
 420    1.214333021585343   0.6480296975243864 
 421    1.258382192361607  -0.5894174962269263 
 422    1.236585208045731  -0.6234132189661604 
 423    1.232135740120453   0.6279211797746117 
 424    1.302412369195585  -0.5861144052522428 
 425      1.2182409402546  -0.6109652919307275 
 426    1.196764707767871   0.6333730593643955 
 427     1.21880989931237   0.6040358219932844 
 428    1.287282886589363   0.6402724889618534 
 429    1.256022959729403  -0.6471340498814719 
 430    1.298518693298115   -0.622889828830959 
 431    1.289850241109388  -0.6386454062289559 
 432    1.228176755276742   0.6252538392341636 
 433    1.245222579721177    0.621687429170928 
 434    1.221707523457155   0.6370456249880406 
 435    1.176048691241305   0.5959874433997853 
 436    1.315300462519647   0.6261115041353934 
 437    1.194511122550289   0.5796275274034768 
 438    1.242828711740899   0.6306214508290313 
 439    1.187455377564139  -0.6348117931878039 
 440     1.31589959542518  -0.6212973931920605 
 441    1.222525344027871   0.5864361346143456 
 442    1.230876358778977  -0.6027673092854459 
 443    1.273013051670213  -0.6044644487671315 
 444    1.201220205592151  -0.6350869607189676 
 445    1.162714600979997   0.6121249029805228 
 446    1.306297318927525  -0.6115594823979886 
 447       1.183866740035    0.627279832146015 
 448    1.206662644755366  -0.6050830889500601 
 449    1.242499520266386  -0.6069654448827613 
 450    1.116746207713996  -0.6186528872079482 
 451    1.305369577241822  -0.5361747632397391 
 452    1.166240818740866   0.6168566623794893 
 453    1.218824332408608     0.61118863202153 
 454    1.284626672622676  -0.6207208017763601 
 455    1.206843319029202   0.6183816602766852 
 456    1.208869771184089    0.613639276191438 
 457    1.237464847577439   0.6047391663280465 
 458    1.220918307774634  -0.6168061217347702 
 459    1.218005634910712  -0.5751657418721783 
 460    1.217032029358517    0.617820933879383 
 461    1.182007483641338  -0.6184150453874216 
 462    1.244895795966126  -0.5986219118970713 
 463     1.26399684175896  -0.6513011711865118 
 464    1.268503201104213  -0.6041285411435017 
 465    1.212463121097459  -0.6127618616027193 
 466    1.244099436970399   -0.622990683274577 
 467    1.098320723310344   0.5799189843185325 
 468    1.295792533058641   0.5994103091838275 
 469    1.215701626697649  -0.6184834625055625 
 470    1.228987953453636   0.6001293996677314 
 471    1.227947201107699   0.6145689327935695 
 472    1.173139087789645  -0.6018953435793727 
 473    1.206555323800671  -0.6022848927119157 
 474    1.185102648251817  -0.5770760810112751 
 475    1.253307361361639     0.61994307689968 
 476     1.18164800357917  -0.6029311099625879 
 477     1.19558837104799  -0.5902230976130944 
 478    1.248261629686882   0.5878871534560602 
 479    1.166307056669668   0.6221806423673086 
 480    1.205254946893543  -0.6243944622101576 
 481    1.171775004032477  -0.5597930265799439 
 482    1.238620515548783   0.6545609780979825 
 483    1.211418416762036  -0.5864870187951244 
 484     1.17102070002864   0.5756220438282572 
 485    1.286682455894982   0.6182731764024644 
 486    1.133765542190683  -0.5970620190533099 
 487    1.225077787550351   0.6020435665714594 
 488    1.265214800727217  -0.6205384335087085 
 489     1.16378693359085  -0.6316406100674953 
 490    1.175343711594374   -0.548885534712261 
 491    1.155885493550628  -0.5823834614318213 
 492    1.170338810699677   -0.612999419241772 
 493    1.177265459844334   0.5552883938886448 
 494    1.189591033072698  -0.5952102224097245 
 495    1.271637886354241  -0.6218995546625733 
 496    1.164360752318615  -0.6019918820398613 
 497    1.217638246945751   0.6122018282148389 
 498    1.160634722675997   0.5786250446978962 
 499     1.24675337762138   0.6231360922387912 
 500    1.192159895100909  -0.5935798851208282 
 501     1.15737331641127   0.5896306199271266 
 502     1.18644242771654   0.5923866171674379 
 503    1.155407300667176  -0.5823707894648895 
 504    1.198988906000904  -0.5683207659135049 
 505     1.15819518207996  -0.5862469869398291 
 506    1.179767141207448   0.5697273646178601 
 507    1.216851266014636  -0.5935786499044556 
 508    1.168924966655746  -0.5827746796873267 
 509      1.1659121695771   0.6100698323616219 
 510    1.210291572098977   0.5969387698271732 
 511    1.085952626343503   0.5916448419177419 
 512    1.216945663351124   0.5937204343887498 
 513    1.232260549982803   0.5726558559051041 
 514     1.17091230148875  -0.5833142272519348 
 515    1.178709859152903  -0.5702701185396943 
 516    1.186801057493983   0.5764719094353258 
 517     1.19490922343899  -0.6358634529345308 
 518    1.157359571003186    -0.57145171495903 
 519    1.139733977958973   0.6015549169704013 
 520    1.229394639200471  -0.5901143417175677 
 521    1.168733472822849  -0.5620607316015536 
 522    1.207365437124185  -0.5906358773225612 
 523    1.167265022288844   0.5714461200963374 
 524    1.136522736028174  -0.6170031034139539 
 525    1.192733417397924  -0.5536171456735565 
 526    1.139582226162136   0.6126170349141598 
 527    1.177883862111145   0.5824832378733653 
 528    1.186485507608666   0.5690372864469093 
 529    1.192059630509528  -0.6073677116894223 
 530    1.152111280749949    0.571100860622248 
 531    1.205243737830493   0.6071616361272554 
 532    1.185390323081321   0.5529532386108466 
 533    1.082582514008214   -0.603434946430105 
 534    1.189869192859451   -0.583381449631145 
 535    1.142324590171518  -0.5731474405761449 
 536    1.127888802246069  -0.5621185693210417 
 537    1.246938795462575  -0.5627400030875752 
 538    1.131994944879596   0.6176457243162804 
 539    1.194951863020321  -0.5573303346820732 
 540    1.154133174442171  -0.5848743045136843 
 541    1.227731850681452   0.6129346501287123 
 542    1.106308632617886   0.5168372258466848 
 543    1.175676840007712   -0.603361845861866 
 544    1.102390652504769  -0.5982934820192914 
 545    1.150181433638605   -0.581190991227017 
 546    1.197569665947328   0.5783317939807175 
 547    1.115162143307108  -0.5463398866094354 
 548    1.175466496485599  -0.5902250131728584 
 549     1.17288619860274   0.5812328912810969 
 550    1.097395419223503  -0.5602048599553175 
 551    1.195484755273678  -0.5773030641194314 
 552    1.136442519992471  -0.5796994793466324 
 553    1.130291710837956   0.5603619039662697 
 554     1.21974822526809   0.5612426673489148 
 555    1.092906933717265  -0.6331352673490668 
 556    1.152808424688135  -0.5556967427532165 
 557    1.236572074594781   0.6086193446317281 
 558    1.148475035000473  -0.5845948321383976 
 559    1.096447166406916   0.5118081079757684 
 560    1.227773876818898   0.6177462670244994 
 561    1.210819486607653   0.5993202239630251 
 562    1.133203240458978  -0.5401479370340628 
 563    1.266652812572449    0.638384699577107 
 564     1.09330151178432  -0.5893993816430058 
 565    1.097674262920644   0.5375847836137715 
 566    1.260297655806962  -0.6106509035417667 
 567    1.049307784777443   0.5573982731484376 
 568    1.216506544965696  -0.5579004361697345 
 569    1.211207659771407  -0.5907796450995064 
 570    1.119372054893461  -0.6040547031164351 
 571    1.228001810038146  -0.5573712310790395 
 572    1.206460073569623    0.606591778403038 
 573    1.150211531194335  -0.5749844843228109 
 574    1.243212411568689   0.5635827787527021 
 575    1.108707634165202  -0.6047348671393694 
 576    1.092098642010951   0.5139734212538268 
 577    1.165357230276824   0.5946714384059727 
 578    1.154085283108303  -0.5957843007432376 
 579    1.116406234678393   0.5382068648380585 
 580    1.262779750406472   -0.609177456092156 
 581    1.166534290644227  -0.5712799075476803 
 582    1.067573039328161   0.5502732186254831 
 583    1.187936520932277  -0.5674822123648622 
 584    1.137289008932231  -0.6025997551932868 
 585    1.052489007229174   0.5373366756322981 
 586    1.167780577549358  -0.5417135016318131 
 587    1.195095527457869  -0.6021584724423107 
 588    1.118882701316958   0.5411101724730155 
 589    1.144090661353261  -0.5501665465431507 
 590    1.156452470792374  -0.6034793060785968 
 591    1.108308956592209   0.5533204588334653 
 592    1.140261471721372  -0.5755396261963436 
 593    1.192979423861242   0.5870018902752976 
 594    1.077180168537152   0.5959093504970693 
 595    1.162635856284485   0.5146137345460013 
 596    1.201875796408658   -0.575684654813691 
 597    1.045231180233508   0.5303247617533029 
 598    1.100570408621428   0.5097493834114244 
 599    1.198842532176901  -0.5870870442044667 
 600     1.10454298223352   -0.570172692582431 
 601    1.107835517721735   0.5532889425377961 
 602    1.168007436068742  -0.5934951414581959 
 603    1.110798275238694   0.5681097481387511 
 604    1.139668590104305  -0.5751738163632831 
 605    1.235752560656614   0.5958988729758173 
 606    1.101007326625578  -0.5778264147427258 
 607     1.17362997633799  -0.5528466112872575 
 608    1.239683808208392   0.6034724625996509 
 609     1.02819473524919  -0.5502212832323446 
 610    1.160656718534689   0.5234153071277606 
 611    1.155819760544411  -0.6125648127484928 
 612    1.040206493706622   0.5536689188646831 
 613    1.165038820144038  -0.5373560377386576 
 614    1.149754405021616  -0.6131362557872577 
 615   0.9941045602861873  -0.5446342062530058 
 616    1.106280127613918   0.5085544492216635 
 617    1.229059169217249   0.5909732769010427 
 618    1.093719734096561   0.5577874459028023 
 619    1.208108711794195  -0.5288742476599632 
 620    1.046873222222216  -0.5386177765242782 
 621    1.128391059678701    0.573709316437205 
 622    1.144812746171322  -0.5871378581973028 
 623     1.13286657873815  -0.5977287620252449 
 624     1.12819594585718   0.5853581098972782 
 625    1.096321237488299   0.5286669507166252 
 626    1.260563904992535  -0.5348175222124504 
 627    1.126603493731278  -0.5599446983176863 
 628    1.052708110162876   0.5304911948852604 
 629    1.303488340965693  -0.5573694072144207 
 630    1.076673101384116  -0.5735987287305172 
 631    1.027827106008726  -0.5191956697394348 
 632    1.147321932209928  -0.5424076639087206 
 633    1.188456590688676   0.6308648685466468 
 634   0.9718197984087231  -0.5554402741607513 
 635    1.148412910843961  -0.5283002134845827 
 636    1.248454780202071   0.6052538874546189 
 637    1.108758774153253   0.5091165553992624 
 638    1.085640499707859  -0.5337634917117693 
 639    1.133417336028906   0.5568791794166019 
 640    1.070350765121124   0.5424023909426227 
 641    1.115332923489303  -0.5554566779960221 
 642    1.135287715941267  -0.5925998115441042 
 643    1.069884840118444  -0.5301427352678268 
 644    1.125783010078788   0.5471747124481343 
 645    1.157019201265988   0.5983247627055485 
 646    1.048185955285852   -0.523709365319373 
 647    1.129842495259491  -0.5254998242737307 
 648    1.163682502709204   0.5810757430581317 
 649    1.052469555072411  -0.5926353287080435 
 650    1.037473333168636  -0.4932013807301343 
 651    1.207497367645092  -0.5770983686875799 
 652    1.114217788962822  -0.5700268623078628 
 653    1.033113244552101    0.492651549765498 
 654    1.147653989606454   0.5583294377455192 
 655    1.065156254977671   0.5888704704166053 
 656    1.086641489885076  -0.5650661960638186 
 657    1.120312386159773   0.5412252067395736 
 658    1.192218659868365  -0.5660164659610987 
 659    1.109729055193055  -0.5295762942608619 
 660    1.091514582080356   0.5371856126872953 
 661    1.162997025746882  -0.5604537149060359 
 662    1.064389825292433   0.5601715689886928 
 663    1.159930469892891   0.5617950526889818 
 664    1.148700294570993  -0.5563463180806753 
 665    1.048567413964496  -0.5748070108615692 
 666    1.089405638373355   0.5340553645736706 
 667    1.097283520499317  -0.5590079330149866 
 668    1.162996548078104   0.5428021880755691 
 669    1.046237028293036   -0.504862027303285 
 670    1.194989287828648  -0.6023520152224848 
 671      1.0116993230449  -0.5571318689695449 
 672    1.038101996565592  -0.5191040620855405 
 673    1.226731244175349   -0.565261686742856 
 674    1.053982081488751  -0.5800413025340233 
 675    1.033897089769014   0.4678192909388168 
 676    1.170206198727008  -0.5469980058309543 
 677     1.15021779163029  -0.6109901841349219 
 678   0.9879095622809435   0.5036497793894807 
 679    1.176167471700836  -0.5323496394600241 
 680    1.150526961511309   0.6098144332820958 
 681    1.018979896482724  -0.5589705096711598 
 682    1.040093758507129   0.4959261082877212 
 683    1.138909285532582  -0.5794781845587927 
 684    1.159530297767043   0.5444178965203184 
 685    1.023860334088281   0.5165605429243276 
 686    1.177260188326375  -0.5403167464634054 
 687    1.105915803503667   0.5745894005853788 
 688    1.076288063883682   0.5538547405169287 
 689    1.184000706357842   0.5131679476455803 
 690     1.08655816066126   0.6055762177268078 
 691    1.003976689652938  -0.5246871585197079 
 692    1.102656421454669  -0.5365878121577385 
 693    1.158416742729654   0.5776313568723878 
 694    1.072502833864344     0.54850326634236 
 695    1.132112599713808   0.5240232424436156 
 696    1.104258078776961   0.5542656498559692 
 697    1.098722608449155   0.5899660570654682 
 698    1.137966672593947   0.5185339389163235 
 699    1.144904636937366   0.5790544272321985 
 700    1.038745205996519   0.5532150247588519 
 701     1.14446705276331   0.4930098346595402 
 702    1.239055694993984   0.6322025855801056 
 703   0.9424517093890993    -0.53861114231567 
 704   0.9875927987802369  -0.4775776376332474 
 705    1.263223662704008  -0.5580025245735958 
 706    1.082325131570229   0.6376591020950301 
 707    1.033628626832905   0.4681923059958843 
 708    1.148279447392938   0.5500856253613045 
 709     1.19432538818015   0.6413629528972423 
 710    0.961787752580569  -0.4944504161377563 
 711    1.089384735393863   0.4993412770065842 
 712    1.271499507972141  -0.5894741260825512 
 713    1.038191152007069   0.5690658367260433 
 714   0.9716600138443736   0.4961753389158034 
 715    1.123475920221447  -0.5224845969714249 
 716    1.248974185573925   0.6399776994845805 
 717   0.9209392779609504   0.5053189411333491 
 718    1.115035448330394    0.485525779451662 
 719    1.189316781243433  -0.5679017890316341 
 720     1.10413290468131  -0.5950034430273511 
 721    1.000170845225246  -0.5359262535763916 
 722    1.085537197687915   0.4891087216776664 
 723    1.230037822087407  -0.6226391641322273 
 724   0.9807986046193156   0.5075869341827471 
 725   0.9963344519974695  -0.5183066171854237 
 726    1.149444109845333   0.5476911818605018 
 727    1.160081228023514   0.5905198776688563 
 728    1.037551641840307   0.5009329863247057 
 729    1.123802048828788   0.4948047749391635 
 730     1.14857329166987  -0.6094105888965808 
 731    1.000908143285116   0.5728962873498938 
 732    1.135056061323829  -0.5359683254833041 
 733     1.11622453941386     0.56209486980223 
 734    1.074052169701888  -0.5123996519766539 
 735    1.146683830382649    -0.50392021686244 
 736     1.14348167146573    0.583788881746452 
 737   0.9858166027957713  -0.5390402013928682 
 738    1.109604178562918  -0.5238192221279485 
 739    1.197042605792477   0.6108778309824183 
 740    1.044969454745161   -0.507575905013795 
 741    1.034449061540294     0.51998836869063 
 742    1.208143477666683    0.584238407187285 
 743    1.003568289779076  -0.5800568931496526 
 744    1.095542809130729   0.5039081054504996 
 745    1.195964013453208  -0.5609402432332713 
 746    1.124797680068317  -0.5439916266715354 
 747   0.9410823843041393   0.5025120275612788 
 748    1.021670536776863   0.5020335941098952 
 749    1.210599764316571   0.5593058691393464 
 750    1.084476714284124  -0.5918282278401883 
 751     1.01129562819769  -0.4582882726168799 
 752    1.137000499811771   0.5480038647938987 
 753    1.244406383665028  -0.6305089310493963 
 754    0.894756204488019  -0.5187888002237023 
 755    1.039556463970115   -0.456596808289204 
 756    1.266194683432221  -0.5702095994558625 
 757    1.070126108779452  -0.6399833081594292 
 758   0.8850963443277534   0.4598110912614584 
 759    1.012251634218641  -0.4666949120806852 
 760    1.303246281996946  -0.5558696394782224 
 761    0.965484201227905  -0.6060863091222133 
 762   0.9723814993316643   0.4403790056724784 
 763    1.184944478799936   0.5262428669085517 
 764    1.208392709225678  -0.6265821552346424 
 765   0.8961587179983778  -0.5096137752043255 
 766   0.9810385857106048  -0.4923821943616676 
 767    1.300270952047237   0.5164996513684542 
 768    1.111292924529831   0.6571958601953459 
 769   0.9045170492375931   -0.454838022383623 
 770   0.9829978522404763  -0.4653495448281108 
 771    1.277076609266502  -0.6001555208962694 
 772     1.06059910216863   0.5797212780368206 
 773   0.8882517526157947   0.4824190513092608 
 774    1.124918380924382   0.4713930012907099 
 775    1.184501615989424   0.6157763328998541 
 776   0.9512644108684286  -0.5347209832381208 
 777    1.005975366090918   0.4414576749752858 
 778    1.256974002655158  -0.5958396321497031 
 779    1.060485870897593  -0.5945276985511577 
 780   0.9392509267145965    0.510606443694121 
 781    1.083067671388618  -0.4690521329453644 
 782    1.305879291677839   0.6220290973668391 
 783    1.039993618466209  -0.5401915735342752 
 784   0.9184984133490024  -0.4739257776112911 
 785      1.2455881215173   0.4895833846549821 
 786    1.052127168583092   0.6194350190243436 
 787    0.969633489186236   0.5160653357456307 
 788   0.8860120378326823   0.4445064606655884 
 789    1.221218926447626  -0.5013768722559895 
 790    1.148175381966386   0.6128489030706749 
 791     0.95494962685853   -0.533520263852106 
 792   0.9724665186458199   0.4579289468360228 
 793    1.039786852639715   0.5256874125788409 
 794    1.337810996529939   0.5736065219714666 
 795   0.9683001816893362   0.5777048672454002 
 796   0.9684676736742467  -0.4708849862692407 
 797    1.227185334009376   0.5421817144163085 
 798    1.153488905154896  -0.6310734389626791 
 799   0.9730291476116684  -0.4532273930298266 
 800   0.9570612100272965   0.4739612306390936 
 801    1.223430345499562  -0.5438412734770572 
 802    1.063960900247025  -0.6444944680734492 
 803   0.8802005621128826  -0.4471309177955188 
 804    1.068726637242818   0.4546382255682925 
 805    1.270462195428597   0.6416231000716671 
 806   0.9194451300131334  -0.5302403886422309 
 807    1.007728976023758   0.4558165577149333 
 808    1.195207435806128  -0.5248413484521592 
 809    1.115483594024868   0.6516646190768627 
 810   0.8734885230252092   -0.502397544310089 
 811   0.9475338369523075   0.4332444854261266 
 812    1.244847889553357  -0.4932199685369736 
 813    1.136733330448138  -0.5989467433326514 
 814   0.9434140944898467   0.5198573459125818 
 815   0.9294912310365934  -0.4660857076248552 
 816    1.208503291529684  -0.5124022644737765 
 817    1.208482481337718   0.6105891076396319 
 818   0.8544276189410185  -0.5108399035829099 
 819   0.8964487743189393   0.4286430227810765 
 820    1.106596692125577  -0.5366265193065825 
 821    1.253230626878848   0.5577012589565408 
 822   0.9931377388439078  -0.5830538082779976 
 823   0.8410525511046965   0.4264240552927397 
 824    1.000721064231504   0.4351348011000121 
 825    1.213539219403711   0.5610949371966546 
 826    1.090359838369049  -0.6028167303849453 
 827   0.8358302390328465   -0.495865014721774 
 828   0.8424322347119615    0.410053177013799 
 829    1.196489400070351  -0.4737963504325219 
 830    1.173484724542481  -0.5883753729146622 
 831   0.8802671307877776   0.5212049312918502 
 832   0.8671561787050064  -0.4303633928554815 
 833   0.9612130404131491   0.4155635155657095 
 834    1.199940775292449  -0.4841954457442847 
 835    1.110145753560132   0.6500540706177028 
 836   0.8505938510928881  -0.5195730192205449 
 837   0.8695742396498456  -0.4427298526145222 
 838     1.05324883715325  -0.4145558132850056 
 839    1.199460968257957   0.5739366312424385 
 840    1.097219073196213   0.6055798894044068 
 841   0.7772255498018465      0.4354502823322 
 842   0.8812714002974055  -0.4065459787713239 
 843    1.115060497141996   -0.458024755510852 
 844    1.207908204728346   0.6406916617926753 
 845   0.9666122821672511   0.5306363389963468 
 846   0.8041570539557588  -0.4277557211339336 
 847   0.7840451244492151   0.3805622762445808 
 848    1.154561357333678   0.4708307793482932 
 849    1.234956287986982  -0.6429016583498732 
 850   0.8169854776134418    0.489568286600104 
 851    0.999234382807507   -0.446683666342363 
 852    1.149168892260687   0.5048436161732157 
 853    1.183579217053694  -0.6158963088745483 
 854   0.8649375665048804   0.4650334282918581 
 855   0.7820700565271628  -0.4366764883729112 
 856   0.7930020482580056   0.3993491165645354 
 857   0.8429435238906493   0.4135549219781587 
 858   0.7651977228496175  -0.3886855472815869 
 859   0.8076868846357871   -0.396284440877565 
 860   0.7978372536219385   0.3863027941042518 
 861    1.053648808240511  -0.4397187980938191 
 862    1.262814309043531  -0.5307233219175228 
 863    1.075366597358201   0.6478140784238601 
 864   0.7803568444345654  -0.4414088693258161 
 865   0.7640962128245373   0.4086469006909044 
 866   0.7856981864664232    0.389870183187208 
 867   0.7745317888222054   0.3838339331255814 
 868   0.7451831024020992  -0.3388410460267976 
 869   0.7890074556731574   0.3840033138839703 
 870   0.7250024332419163   -0.391010302835611 
 871   0.7861030649723338   0.3865223753943167 
 872   0.7430704210724888  -0.3930144277081337 
 873   0.7818458357125355   0.3532525206395702 
 874   0.7749986546063262    0.396380056742335 
 875   0.7809039264333567  -0.3852768372251304 
 876    0.761461409290997   0.3909148441767006 
 877    0.668078132810211   0.3434716703388524 
 878   0.8076110307607229   0.3662914634012256 
 879   0.7496565211407079   0.3806022628946448 
 880   0.7840317418052796  -0.4138424006133721 
 881   0.6966076002559043   0.3497157394431196 
 882   0.7891718424514842   0.3572267396563039 
 883    0.750387869331449   0.4165030401713923 
 884   0.7728140437372659  -0.3792638877209065 
 885   0.7284378936529762  -0.3733267191285229 
 886     0.76264241133276   -0.355078611977768 
 887   0.7737471935569631   -0.375476718139406 
 888   0.7717767433202456   -0.352354189274992 
 889   0.8064160016061088  -0.3964754581022626 
 890   0.7165077633617928   0.3652443053685538 
 891   0.7386890327579027    0.413722302365374 
 892   0.7884436358791742  -0.3738835486288008 
 893   0.8345238736287806  -0.3891203462203966 
 894   0.7076984817674059  -0.3619039511921019 
 895   0.7272097070891295  -0.3629855006628246 
 896   0.7749351013045715   0.3619006979296362 
 897    0.814357737512887   0.3951771812349078 
 898   0.6709496007412101    0.391641619305815 
 899   0.7091467262898332   0.3444341443617087 
 900   0.8082271878394581  -0.4034069825304398 
 901   0.8133035614381046  -0.3587321101160285 
 902   0.7813504374387648  -0.3856763654606026 
 903    0.692261931423394  -0.3441534697718584 
 904   0.7398630936013046  -0.3981468656631968 
 905   0.7324797267130985   0.3428269391375751 
 906   0.8326598027614446   0.4073362789445999 
 907   0.7205282013730943     0.39020941673749 
 908   0.7157229131642566   0.3731628564525105 
 909    0.742898944565983   -0.359948045881768 
 910   0.8299073112631778   0.3579533850704214 
 911   0.7302407837902873   0.4088133035687599 
 912   0.7523967047941763  -0.3753333701809261 
 913   0.7463158642709558   0.3665599605910119 
 914    0.771316394866318   -0.365120637310979 
 915   0.8185543416670946    0.427489805772556 
 916   0.7448915024494547  -0.3554904799645404 
 917   0.7192738337879627   0.3624492887907573 
 918   0.6616747853651854  -0.3366703475038909 
 919   0.7564135618225066  -0.3528931619060647 
 920   0.7325101614730165   0.3816196315460466 
 921   0.7674408253365859   0.3815082774508639 
 922   0.6692238027028647  -0.3842518674162291 
 923   0.7748619123643237   0.3449254016253976 
 924   0.7463037951702314  -0.3444256172501314 
 925   0.8130715947574729   0.3495986984832362 
 926    0.728507170523836  -0.4207698698379156 
 927   0.7336708554895754   0.3570814922363357 
 928   0.6883627942622585   -0.355413657330681 
 929   0.7632094991817506    0.324876603168026 
 930     0.75654670631038   0.4215449710151196 
 931   0.7144971911328764  -0.3689436407060422 
 932   0.7882036888773636  -0.3772063543782146 
 933   0.6588910278975597   0.3262824351108845 
 934   0.7638079595846784  -0.3543131603801508 
 935   0.7132416667276683    0.378741844007897 
 936   0.7873077176433338  -0.3322690206016231 
 937   0.6762986319870716    0.413691116564142 
 938   0.6893762427026902  -0.3393536062433636 
 939   0.7361776451007415  -0.3614436969026653 
 940   0.6634614372321025   0.3365803032789795 
 941   0.8341093717381665   -0.374131229392318 
 942   0.7477467823725867   0.4113310062796462 
 943   0.8570581591990152   0.3606078825488371 
 944   0.7495585608470878  -0.3793329342746385 
 945   0.7997042804642654   0.3684528083300695 
 946   0.7018924550099044   0.4226704936065873 
 947   0.7195555321736251   -0.333001108746612 
 948   0.7030014200775189  -0.3774627385720448 
 949   0.6470298493395422   0.3029582452196553 
 950   0.7943931369965745   0.3835315826658138 
 951   0.6466895574124278  -0.3701872312920137 
 952   0.8303734974499987    0.331239915350809 
 953   0.6951667962156693  -0.3564548667075889 
 954   0.6963807400242364  -0.3229944556377746 
 955   0.6308828200513876  -0.3781465916792959 
 956   0.6963252437108809   0.3369248531526142 
 957   0.8317844980743405   0.3864635719682312 
 958    0.692012612480544  -0.3329990389489598 
 959   0.7333742104092986    0.339540468198116 
 960   0.6512360850954584    0.349761276760377 
 961   0.6526749386113623   0.3232827769334012 
 962    0.680341951123974  -0.3577015958429028 
 963   0.6463729442038628  -0.3265254690687757 
 964   0.7136618649445842  -0.3300801329923992 
 965   0.6773642480621144  -0.3639001115575815 
 966   0.7855290375212128  -0.3347202589932272 
 967   0.7446844382343804  -0.3907800855577479 
 968   0.6536169328343747    0.324866776616637 
 969   0.7397543290500164   -0.367717606247179 
 970   0.6218715705698451  -0.3412656856166649 
 971   0.7672401917377873   0.3215967947140393 
 972   0.6368415880393754   0.3611122596227062 
 973   0.7596734994009735  -0.3235518759057074 
 974   0.6825281897792868   0.3894905972784029 
 975    0.714364464158453   0.3323854914067838 
 976   0.7458115164496453  -0.3822727513814808 
 977   0.6467272680675253   0.3385547834456619 
 978   0.7322288052971717   0.3238433364839012 
 979    0.676683262036885    0.338893536808498 
 980   0.8201172891225393  -0.3414394360331627 
 981    0.679513432278671   0.3976841606039763 
 982   0.6032707506750986   0.3458332707222857 
 983   0.7328146203151114   0.3569622319165097 
 984   0.6932757561697453   0.3155183505252815 
 985   0.7703151598764875  -0.3091003718397123 
 986   0.6464179261452447   0.3129357657150235 
 987   0.7363112719798481   0.3390404600642835 
 988   0.7633831759567149   0.4096999092213033 
 989   0.6631937738127078   0.3592668289909975 
 990   0.6962241652324109   0.3630337080768407 
 991   0.6415728394132755  -0.3296751410099302 
 992   0.7327424635232218  -0.2981483926020512 
 993   0.6311542299336819   0.2971349926104595 
 994    0.657624653043235   0.3084104927765217 
 995   0.6832136326809763  -0.3542099586942837 
 996   0.5946225374876852   0.3200523756032855 
 997   0.6924135378616609  -0.3353443053583509 
 998   0.5812217412065444  -0.3413330869215793 
 999   0.7250776123373046   0.2790627051483054 
 1000   0.6827055027585489  -0.3369609223126709 
 1001   0.6122767057651726  -0.3093847083993673 
 1002   0.7254934357431847  -0.3366748517500071 
 1003   0.6477301226053049  -0.3551197612355781 
 1004   0.7127972096966961   0.3164712723631908 
 1005   0.7727657001413283   0.3912239550054257 
 1006   0.7513661072997538  -0.3547120514855807 
 1007   0.6911430512255297   0.3843315898811306 
 1008   0.6061427860498692   0.3068096733639491 
 1009   0.6866826560761083   0.3259280693850353 
 1010   0.6463481502723988  -0.3602365642687557 
 1011   0.6738152654021343   0.2883846856124619 
 1012   0.6796271560849459   0.3475927252010743 
 1013    0.573925512429814   0.3349516705543779 
 1014   0.6832063926810257   0.2891171753220286 
 1015   0.6186333232597508  -0.3326118746161998 
 1016   0.6068271938143961   0.2886637025600834 
 1017   0.7138886179523758  -0.3422594578804841 
 1018   0.6702773846894852    0.343384602025147 
 1019   0.6323225226128697  -0.3045319949633277 
 1020   0.6534804190229399    0.359028318744316 
 1021    0.632653693522282  -0.2664658875733298 
 1022   0.6805724241526132  -0.3097050458951365 
 1023   0.6424294837078579  -0.3457654253537747 
 1024    0.603905654778931   -0.333414772519069 
 1025   0.6817354248876593  -0.3441744649108244 
 1026   0.6214406695005021  -0.3102297334790445 
 1027   0.6907000224083701  -0.2819838957274112 
 1028   0.6585433611654463   0.3095514170045622 
 1029   0.6053066401041283   0.3003267242780569 
 1030   0.7045616729084085   0.3538979207710945 
 1031   0.6010207862936525  -0.3587219094037226 
 1032   0.6775505058322107   0.3160471942118535 
 1033   0.6278516450293942   0.3164550812270848 
 1034   0.6388941122092511   0.2626595924558184 
 1035    0.694818185990845   0.2943944361853408 
 1036   0.6173083277653476   0.3380003757374166 
 1037    0.597326337040972  -0.3190248942270912 
 1038   0.6942991042652558   0.3683637854481044 
 1039    0.630418939409817   0.2983111175153105 
 1040   0.7175085034280347  -0.3106945730858222 
 1041   0.6229850028333691  -0.3075604668858729 
 1042   0.6171459681388815    0.270039160468877 
 1043   0.6784996813689548   0.3458143034967143 
 1044   0.5828560717683138   0.3148196065109229 
 1045   0.6749267249672664  -0.3155920498034337 
 1046   0.6589219833134806  -0.3587132468637218 
 1047   0.6578317270363007  -0.2993944060467995 
 1048   0.6460197755096615  -0.2955170906525538 
 1049   0.5772764345243957  -0.3031479310586093 
 1050   0.6057722183569112   0.2703562101881324 
 1051   0.6852557267096215  -0.3703657812144769 
 1052   0.6382188724911726   0.3318481698459617 
 1053   0.7057974730574084  -0.3202707485730285 
 1054   0.6209963612953635    0.322131516993727 
 1055    0.686509843909671  -0.2560492273482431 
 1056   0.6449974281337836   0.3440184732511509 
 1057   0.5237427505159656  -0.3280560767193289 
 1058   0.7432578935261925  -0.3208648330326858 
 1059   0.6310972478395298   -0.342414433464061 
 1060    0.667561287005773   0.2873386742184432 
 1061   0.7027024894491039   0.3384413013094782 
 1062   0.5508423771965105  -0.2791983191944034 
 1063   0.6870033399782394   0.3098750159505688 
 1064   0.5864285652440104    0.357241288980866 
 1065   0.6403106234044048    0.309470346047553 
 1066   0.7303721241822133    0.364329600114321 
 1067   0.6265814187355627   0.2936966164031775 
 1068   0.6481588718301077   0.2659968238015085 
 1069   0.6142396085342412  -0.3082583948313169 
 1070    0.527287812633961   0.3201424374072413 
 1071   0.6922409510376794  -0.2964260758853305 
 1072    0.685803853106778    0.362117360604927 
 1073   0.6433631042973971  -0.3063315400471245 
 1074   0.7141744416044415   0.3246629818630405 
 1075   0.5824295201851846   -0.293018675024298 
 1076   0.5725611420519032  -0.2390532971786114 
 1077   0.6422100371670187  -0.3463613999933415 
 1078   0.5903910842244273  -0.3425796881043016 
 1079   0.7704979287526208   0.3184975496801943 
 1080   0.6471426143027226   0.3426543392822129 
 1081   0.5612950348971193    0.229907460331566 
 1082   0.6899368692311634   0.2871673217180273 
 1083   0.5443828196924485  -0.3139485119947553 
 1084   0.6845214863652563  -0.3162993807073677 
 1085   0.6847807440213495  -0.3918526859572237 
 1086   0.6029086424206244  -0.2953277071517794 
 1087    0.685558373153378  -0.2914313289172299 
 1088   0.5893137466813477  -0.3021162696443563 
 1089   0.6706777688546353  -0.2469949660360084 
 1090   0.6328774797719205   0.3260045413532521 
 1091   0.6076654105941532   -0.343873078767992 
 1092    0.704715817336947  -0.3449448233040496 
 1093   0.6287620097288824   0.3458956579530838 
 1094   0.5813466774268468  -0.2583481106512174 
 1095   0.6764903789708545   0.2810888425615782 
 1096    0.565444873705226  -0.3138793745714251 
 1097   0.6782417851174181   -0.289867367221501 
 1098   0.6734399637096371   0.3951633035241643 
 1099   0.5652393241869962   0.3153008974321097 
 1100   0.6988357658219216   0.3015427741018946 
 1101   0.5500300484054091   0.2836572221943222 
 1102   0.6167856761343503  -0.2492122957376617 
 1103   0.7126684315387378   0.2929550661958965 
 1104   0.5557777930300141  -0.3139604267692163 
 1105     0.70061274793349  -0.3380351949502584 
 1106   0.6062735805527864   0.3788616651430132 
 1107   0.6096411738390373   0.2773953665654909 
 1108   0.6705147169654073    0.278907584151285 
 1109   0.6239840778495416  -0.3076271135608991 
 1110   0.6665674580131428   0.2661348883294571 
 1111   0.7328778228323591  -0.3353243538833071 
 1112     0.58719161059518   0.3339352931419771 
 1113   0.6556968616127896  -0.3342591335515605 
 1114   0.5797644980802834  -0.3521354198343259 
 1115   0.5865348885104346   0.2465134307401603 
 1116   0.6924047829980486   0.2877120641455611 
 1117   0.5963153823949618   0.2883114784984687 
 1118   0.6444215986074957  -0.2508969743542339 
 1119   0.6674696831645055  -0.3779311198842519 
 1120    0.579530021470281   0.3495539091197553 
 1121   0.6790599536116869  -0.3092475721399939 
 1122   0.6266485003141584   0.3102827904379402 
 1123   0.5369286004146552   0.2245451370636223 
 1124   0.7109420959976682  -0.2695365176687475 
 1125   0.6388309903974445   0.3407342859897555 
 1126   0.6563574793576417   0.3321905499038568 
 1127   0.6569345063106389  -0.3869219902653835 
 1128   0.5107574482734445  -0.2809396127644079 
 1129   0.6204885675608605    0.254564891266187 
 1130   0.6678047361364183  -0.3063750690651036 
 1131   0.6210217249293631    -0.24264111031581 
 1132   0.7213578235906205  -0.3013048153592375 
 1133   0.5955868243856516  -0.3832348158600827 
 1134   0.6067480285731148   -0.307365080019544 
 1135   0.7006207668217062    0.350347792942075 
 1136   0.5508778684402131  -0.2618805189566771 
 1137   0.6488222427827652  -0.2631206726384893 
 1138   0.6847539559130715    0.336313015137458 
 1139   0.6605764027355507   0.2740535765042594 
 1140   0.7237532915224418  -0.3627781383742825 
 1141    0.503311699878854   0.3292123483546545 
 1142   0.5688591195613224  -0.2853999443593829 
 1143   0.6797407125881412  -0.3003522259652647 
 1144   0.5648501958739562   0.2523726707877268 
 1145    0.666121265556096    0.233201751532794 
 1146   0.7115077154966543   0.3286471876168927 
 1147   0.6256112413232009   0.3274833458289916 
 1148   0.6741148913536071   0.3516679450246489 
 1149   0.5383335385048946  -0.3249098611331585 
 1150   0.5216628949312138   0.2609045901754353 
 1151   0.6422105189750422   0.2791079289582605 
 1152   0.7166173541955243   -0.298508532854261 
 1153   0.7082040147079396   0.2713223796714752 
 1154   0.6969059425568029  -0.3712257935798405 
 1155   0.5013751958536314  -0.3101062971127071 
 1156   0.5770115410796353  -0.2857474362100751 
 1157   0.6403303691817452   0.3169895114211413 
 1158   0.5272580152419877  -0.2729296593793697 
 1159   0.6452315406828811  -0.2532231088369263 
 1160   0.7256856167620428   -0.332945048277545 
 1161   0.6500243081774835  -0.2801246116664386 
 1162   0.6722707388070602   0.3746692986982701 
 1163   0.5308359137746317  -0.3335192694833382 
 1164   0.5627667584449547  -0.2647184435933772 
 1165   0.6859287571982589   0.2948331195972947 
 1166   0.6140696561247238   0.2840293170577433 
 1167   0.7451982137939697   0.2502385067039308 
 1168    0.665892157391597  -0.3883062993143248 
 1169   0.5239638506605231  -0.3056720183868774 
 1170   0.6633289063716175   0.3261149924471032 
 1171   0.5776665921061469   0.3135032462276258 
 1172   0.5644429451564668  -0.2543142889099638 
 1173   0.7129307683295392   0.2945580042577681 
 1174   0.6278077529025571  -0.3041416635305064 
 1175   0.8157118506238128  -0.2661198877743378 
 1176   0.5778355226442938    0.363840468052182 
 1177     0.48656693842943   -0.298765838674715 
 1178   0.6516897773093369  -0.2936956093671376 
 1179   0.5940580936718707   0.3179297993610831 
 1180    0.565426292564521  -0.2203089667917372 
 1181    0.701238707630506  -0.2747345783959239 
 1182   0.5482401445929534   0.3166987117519566 
 1183   0.6858047231385489   0.2889935666728945 
 1184   0.7049804232121597  -0.3825059485411841 
 1185   0.4963501367886333    0.311729145500441 
 1186   0.6028556340279408   0.2756969690298184 
 1187   0.6627422339787861   0.2919767158893269 
 1188   0.5358849884774826   0.2316599090196549 
 1189   0.6093340411359649  -0.2245782023956672 
 1190   0.5557834778878233   0.3326431604387692 
 1191   0.4473628820067141  -0.2671191034074546 
 1192   0.5415102119439577  -0.2505421980065981 
 1193   0.6585444349585811   0.2981365157322371 
 1194   0.5585728407426931   0.2786108368945233 
 1195   0.5364082669672432   0.2236194676950777 
 1196   0.6890406688343589  -0.2533843853032451 
 1197   0.4735663057345614  -0.2940458521347207 
 1198   0.4272255358189588  -0.2565682801639277 
 1199    0.669883476405426  -0.2805435870816398 
 1200   0.5795155594198851  -0.2840182940407546 
 1201   0.4856956079781821   -0.232802583164682 
 1202   0.6354772649652818   0.2527333597395878 
 1203   0.5986817348856177  -0.3069742416904732 
 1204   0.4461827518395711   -0.232889302896485 
 1205    0.490993173292712   0.2661411630303019 
 1206   0.6292417623461855  -0.3158988792277027 
 1207   0.5578845397334694  -0.2571322339661158 
 1208   0.6001163510241809  -0.1962717484903105 
 1209   0.6497431131773346   0.2768571170294211 
 1210   0.4660226732409198  -0.2855211377257965 
 1211   0.4615494544197712  -0.2569133481232519 
 1212    0.634044312670641  -0.2759598288454829 
 1213   0.5793653206454401  -0.3104721710514932 
 1214    0.518974043508923   0.2515829454886899 
 1215    0.665779919614212   0.2578138346632134 
 1216   0.5963438077437894   0.2870865356381238 
 1217   0.4759811318100429   0.2050317013504732 
 1218   0.5454006427331988   0.3015203812942831 
 1219   0.5599614512604089   0.3356622893596364 
 1220   0.5342574915227999  -0.2230848428762982 
 1221   0.6323487758022707   0.2082248412858425 
 1222   0.5915720978835137  -0.3078861937959799 
 1223   0.4496855452094806   0.2489904427001919 
 1224    0.510382958670668  -0.2286280378065449 
 1225     0.60605779728645  -0.3162546986456995 
 1226   0.4838848719264331   0.2954892679700855 
 1227   0.5311718745246281   0.2206540000971994 
 1228   0.7099237743920017  -0.2665812084875679 
 1229   0.5654440365347932   0.2570435932793002 
 1230   0.4378676344527807   0.2135874742744988 
 1231   0.5404171214865704  -0.2718915244643292 
 1232   0.6003892017762114   -0.339258318714443 
 1233   0.4908184455234597   0.2312569323911963 
 1234   0.5666815450181253   0.2301396324053314 
 1235   0.6456971272385407   0.3026038771670967 
 1236   0.4935925563846371   0.2496562130247062 
 1237   0.4784692679554586    0.216951649099293 
 1238   0.5630861797899804   0.3146941299174358 
 1239   0.5590622336710369   0.3099736503203989 
 1240   0.5175518003099155  -0.2105434729526221 
 1241   0.6415244919658204  -0.2138443138397636 
 1242   0.6234903073347384  -0.2832662568094556 
 1243   0.4435213854358087   0.2389790402520843 
 1244   0.5004650268743485   0.2404146305422335 
 1245   0.6266820092271951  -0.3152188611187223 
 1246   0.4627613218862445  -0.2924329150044848 
 1247   0.5153118896132156    0.226933795513337 
 1248   0.6806331016704112  -0.2177715602420515 
 1249   0.5728193502124616   0.2818408866680769 
 1250   0.4428838288303279  -0.2184270203087973 
 1251   0.5506987807383162   0.2770510994312814 
 1252   0.5996531407942244   0.3214514274530496 
 1253   0.4535834140143755   0.2474847097625409 
 1254   0.5038435367422593   0.2206598536682958 
 1255   0.6755088711130592   0.2841339155851005 
 1256   0.5810487225085378  -0.2470434688186094 
 1257    0.440962757146841   0.2102461352503915 
 1258    0.552116746284158  -0.2909113272123005 
 1259   0.5518102268809577   0.3305080137566259 
 1260   0.5521970823848261   0.2296301618566908 
 1261   0.5915290228314697  -0.2017380427970867 
 1262   0.6158003010270852  -0.2885132994533752 
 1263   0.4773744944252696  -0.2832062590444221 
 1264   0.5017931398921155   0.2107562331111598 
 1265   0.5761957908216186   0.2836024578522653 
 1266   0.5119576260449501   0.3378734350627616 
 1267   0.4874784562141597   0.2083586690583711 
 1268   0.6772182600434726  -0.2034846728062002 
 1269   0.6143290675096276   0.2823857900987621 
 1270   0.4063816931299598  -0.2405029105099903 
 1271   0.4572447698021914   0.2581251215947042 
 1272   0.7079184286049547  -0.3118455508869104 
 1273   0.4751710592552673   0.2337827084542853 
 1274   0.5203549124009925   0.2082523194019743 
 1275   0.6448300313577671  -0.2713114428786403 
 1276   0.5231439327293393  -0.2903973059857783 
 1277    0.417601053595225   0.2157701470817769 
 1278   0.5387877573115656  -0.2619673136253107 
 1279   0.6189553383710559   0.3494895019277627 
 1280   0.5150150012198542   0.2140007883675875 
 1281   0.6033778997458874   0.1766451654444828 
 1282   0.6155449171894074  -0.2918278288584229 
 1283   0.4118012338413488  -0.2832834909855723 
 1284   0.4920624853426976  -0.2463767272109045 
 1285   0.6130138065686042  -0.2440349046188786 
 1286   0.5712356634939371  -0.3212137046163828 
 1287   0.4650694341024877   0.2238925586211552 
 1288   0.6487926432154308   -0.209915793790963 
 1289   0.6590496150612934  -0.2702789917982107 
 1290   0.3737576657646891   0.2598945449939821 
 1291   0.4686949077905055  -0.2532044697947974 
 1292   0.6834831309363394   0.2861397247845098 
 1293     0.57846661318287   0.2523497774331447 
 1294   0.5158502521342151   0.1727574545987099 
 1295   0.5933082533351108   0.2713683586686272 
 1296   0.5254858240744004   0.3375581613312261 
 1297   0.4291607637516242  -0.2251808065357967 
 1298   0.5662650183671785  -0.2358770866726123 
 1299   0.6245924778707983  -0.3211250044418995 
 1300   0.5068652625725927  -0.2527847375653935 
 1301   0.5747158312126404  -0.1811877295420236 
 1302   0.6881014687294662   0.2564407366524101 
 1303   0.4177521337960327  -0.2879616249292908 
 1304   0.4237353600639413   0.2604867431572941 
 1305   0.6445592461544598  -0.2463872068217093 
 1306   0.6533981698363651  -0.2814019779045728 
 1307    0.455006973917324  -0.2057995946547928 
 1308   0.6134667216363978   0.2222357960526828 
 1309   0.6027598118584827   0.3098581703500475 
 1310   0.4799855166796158   -0.261464649790022 
 1311   0.4313650933952758   0.2140703803314884 
 1312   0.6345661685562524  -0.3182645997382798 
 1313   0.4883933191297678  -0.2889527624473279 
 1314   0.5569070525760731   0.1777970727299515 
 1315   0.7155254764492467  -0.2174985832670247 
 1316   0.4995484264154645   0.2850854859749648 
 1317   0.3834057975674761  -0.2830812516779572 
 1318   0.6316117606661896   0.2401433673293636 
 1319    0.687717902767945   0.2759736146632926 
 1320   0.4434249192119745   0.1942590830088222 
 1321   0.4763616784888279  -0.2217788251474784 
 1322   0.6741657391826585   -0.292143122237795 
 1323   0.4769328792769254    0.270538565607696 
 1324     0.35649564408061  -0.2455061206551379 
 1325   0.7250898647076158   0.2601125192707967 
 1326   0.6023497256824902  -0.2693073263279341 
 1327   0.5307741667799716   0.1716502929490525 
 1328   0.5812166006787989  -0.2096033429075779 
 1329   0.5186187347879343   0.3653558884376818 
 1330   0.4568665882120668  -0.2647300383352407 
 1331   0.5668125828577973   0.1852836196950407 
 1332   0.6900078178020441   0.2742976375989507 
 1333   0.4907733716622211  -0.2543034957680365 
 1334   0.4350162078410493  -0.2248669183070164 
 1335   0.5891930558414632   0.2729622209833339 
 1336   0.5679443201148662   0.3323078654096476 
 1337   0.4590859718864111   0.2404959536691822 
 1338   0.5487530768249924   0.2126595232783175 
 1339   0.6788730364466664  -0.3069308281608191 
 1340   0.5215855637967729   0.1998198051422017 
 1341   0.5607550847670094   0.1674126397706939 
 1342   0.6162180896203004   0.2997408389981777 
 1343   0.3882226917518461  -0.3330452675229446 
 1344   0.5405258455030835   0.2015029994260234 
 1345   0.7254561746865094   0.2464366850406715 
 1346   0.5740102503976231   0.2572958299556151 
 1347   0.4122543974666264   0.1638037260398586 
 1348   0.5447729977230373  -0.3077624893586545 
 1349   0.5897951460878186   0.3392237884172372 
 1350   0.5366174038149584   0.1713048484711455 
 1351   0.7447612185264378   0.1874895711002297 
 1352   0.6163718196746253  -0.2778998867588963 
 1353   0.2739578278236382    0.218988587861476 
 1354   0.5903949431308231  -0.2714597555878452 
 1355   0.7194877028891569  -0.2602489357407489 
 1356   0.5362238968697827  -0.2067881746747607 
 1357    0.639294619357287   0.1451983769871966 
 1358   0.5555543723481975   0.3106906130776182 
 1359   0.4270123294526254  -0.3336851080216657 
 1360   0.5084053410354388  -0.2054466215505726 
 1361   0.7793973117089166   0.2196354726248935 
 1362   0.5440250819374965  -0.2394704634413702 
 1363   0.3337142267724152   0.2153040876198586 
 1364   0.5997842094267332   0.2941604372602017 
 1365   0.6360154138736708   0.3069052657421669 
 1366   0.5572668731313315   0.1474014264596178 
 1367   0.7133673095595547   0.1858410816180803 
 1368   0.5243185854260615  -0.3158601968995473 
 1369   0.3217737809683946   -0.259596479018941 
 1370   0.5917917971278164  -0.2204902971418002 
 1371   0.7419505159810971  -0.2799519414212825 
 1372   0.4924317832676445  -0.1780649211612469 
 1373   0.4970268992307836  -0.1984874880412847 
 1374   0.5726419491163739  -0.3752988247021033 
 1375   0.5097344635581722  -0.2725840657649179 
 1376    0.567545362232829   0.1755506488771442 
 1377   0.7688265039097142  -0.2242510908130364 
 1378   0.5252828383050636   0.2335875799122853 
 1379   0.4361560616198821   0.1968387056344176 
 1380   0.4837764399102602   0.3047722518352292 
 1381   0.6637753026772908  -0.3229995847254598 
 1382   0.5539848920775881   0.1900081400260294 
 1383   0.7215290695425289    0.177356720667639 
 1384   0.6381437390653524  -0.2729195990967653 
 1385   0.2850439188956083   0.2490479995893134 
 1386   0.5297135611798843    0.233816171129613 
 1387   0.7573241448594565   0.2723733422815784 
 1388   0.5567653752656276    0.178089232954249 
 1389   0.5236666173233857   0.1850990183353278 
 1390   0.5618591441101002  -0.3597388773932623 
 1391   0.4583936397957759   0.3145589581120012 
 1392    0.635269343433454   -0.145890859556333 
 1393   0.7534894464676366  -0.2451337018618866 
 1394   0.5335566487741727   0.2079376090181964 
 1395   0.3406975007547791   0.1966858850564926 
 1396   0.6572454299073778   0.3393338543190952 
 1397   0.5736808739387125   0.2790723257574458 
 1398   0.6019694517264509  -0.1524908806824255 
 1399   0.7076508641999089  -0.2229848668840133 
 1400   0.3795447360888111   0.3093392700045136 
 1401   0.4101565464364835  -0.2478578027289092 
 1402   0.7257611206466896  -0.2025632960305392 
 1403   0.7070225657412111   0.2588935409446443 
 1404    0.492216863336552  -0.1648721965115006 
 1405    0.561970933832173   0.1998332004011392 
 1406   0.5055001318312707   0.4046592134355178 
 1407   0.4857681264590077  -0.2300617311356392 
 1408   0.6555732659838225  -0.1608261584017484 
 1409   0.7081239912499235   0.2566955110124353 
 1410   0.3321902392509841   -0.247296966851445 
 1411    0.433590986392922  -0.2452241379854526 
 1412   0.7888004203599663   0.2696404887687683 
 1413   0.5813584022167688  -0.1999941242680655 
 1414     0.56852598800209   0.1531122271833832 
 1415   0.6968644459830576  -0.2948971475223588 
 1416   0.2790565135810528  -0.3063601602684557 
 1417   0.5632292021685142  -0.1940330323736518 
 1418   0.7500566244851613   0.2033318809163762 
 1419   0.5703822617347769  -0.2692916642287762 
 1420   0.4679216168440181   0.1209359093516273 
 1421   0.5247129518079175   0.3646096461089805 
 1422   0.6341231889225591   0.3133289327769336 
 1423   0.5214389966580849  -0.1641049531387703 
 1424    0.758176516963891   0.2002028352708704 
 1425   0.4287556437554709  -0.2757752739380381 
 1426   0.3778925100275219   0.2973196819089755 
 1427   0.6739613511213138   0.1669177097080769 
 1428    0.706337594334564   0.3019356717187574 
 1429   0.5389734748656091  -0.1336682941360816 
 1430   0.6563412284606619   0.2324551545539295 
 1431   0.4194381803824631    0.347046495866624 
 1432   0.4586156769092314   0.2664338027213407 
 1433   0.7062867822436093   0.1454891458620302 
 1434   0.7004689272456768   0.2887364376153221 
 1435   0.5669944891015637   0.1350333064288277 
 1436   0.6512982718278164  -0.2107056006893639 
 1437    0.416677249394129  -0.3722220374553847 
 1438   0.4283613682460732   0.2330850609422767 
 1439    0.701316030137809  -0.1667405222718877 
 1440   0.7219658904285167   0.2602879277061324 
 1441   0.3995813030662224   -0.202350046323588 
 1442   0.4254282087010226   0.2588007708699315 
 1443   0.7307429785464807  -0.3437715771882066 
 1444   0.5245045255933809   0.1555361936644954 
 1445   0.6957226332970771   0.1803921472426292 
 1446   0.6115724498831526   0.2748809117282105 
 1447   0.2807902903567472   0.3160070899942605 
 1448   0.5863788752747614  -0.1586489355539475 
 1449   0.7521673137139024  -0.2679735642085968 
 1450   0.5700985223980242  -0.1767824200369527 
 1451   0.6207818444114426   -0.136386003078484 
 1452   0.5935119677649177  -0.3472349721764341 
 1453    0.336871718920293   0.3020281883232549 
 1454   0.6217004776650006  -0.1830232854743731 
 1455   0.7572994363243175   0.2381882591114452 
 1456   0.4849594369386859   0.2208934519497329 
 1457   0.2727163659194495  -0.2019566066705242 
 1458   0.7306879143947671  -0.2900381770440884 
 1459   0.5981971667946786  -0.2599220672602434 
 1460   0.5446568305217454   0.1438281689965985 
 1461   0.8053603579157225   0.2069044417292061 
 1462   0.4005314765335716   -0.249559538897798 
 1463   0.3902614951554733   0.2839147109529367 
 1464   0.7091630961370634   0.2426726334195958 
 1465   0.6450191510157759  -0.2794087922218883 
 1466    0.541097019613784   0.1221317072413853 
 1467   0.7862873421563947  -0.2131095568110816 
 1468    0.388819480947122   0.2585554283021327 
 1469   0.3474926695525353   0.2744945819636633 
 1470    0.666359330269496   0.1781993290234185 
 1471   0.7215307888520749  -0.2730579708923694 
 1472   0.6238788080814844    0.142292373995901 
 1473   0.7834888393248871   0.1886652148343937 
 1474   0.4217661850842937   0.2983336394912659 
 1475   0.2676581518265728   0.2339073121759025 
 1476   0.7191015128954137   0.1909732636150753 
 1477   0.7421916803318278   0.2289242668128977 
 1478   0.5236837687626654   0.1652072869804722 
 1479   0.7934071356531955   0.1741779382893733 
 1480   0.3359114115195401   0.3334529300615645 
 1481   0.3927202897573674  -0.2309290355538282 
 1482    0.738182604544604    0.194360559762177 
 1483    0.753036458150695   0.2140071451302895 
 1484   0.4422039934816171  -0.1347665319024832 
 1485   0.7928964972356731   0.1920230705953712 
 1486   0.2961332183500357   -0.353859522757712 
 1487   0.5686061375019869  -0.2221593084919038 
 1488   0.7601640817490958    0.169649177272644 
 1489   0.5822918847561445   -0.270328009154523 
 1490   0.6047630290506161    -0.10553812934682 
 1491   0.4747455957708308   0.2277106657881414 
 1492   0.5478408152420435   0.4048595102946571 
 1493   0.4527190680784297   0.1891079905894937 
 1494   0.8781807151209493   0.1812444528948478 
 1495   0.5996367303839734   0.2140766435402961 
 1496   0.4225040104650871   0.1658983414268557 
 1497   0.4402286345608564    0.274081455147466 
 1498   0.6634244373752429  -0.3576819319899556 
 1499   0.4565988224933619   -0.152702630083511 
 1500   0.8197766834258482   0.1464928133806518 
 1501   0.6420448876875162  -0.2366097432834089 
 1502   0.4242372774152271   0.2004087025802551 
 1503   0.5246676877022918   0.2887477278639898 
 1504   0.5948021165920929   0.3837075042111087 
 1505   0.5853351506473221   0.1111882817539267 
 1506   0.6257162095427119   0.1487725003892144 
 1507   0.7378846034206651   0.2795706600362082 
 1508   0.2657034355214009    0.131936439568102 
 1509   0.5529214901003809   -0.298214085471767 
 1510   0.7388623442535514  -0.2979561436281459 
 1511   0.5743825213698854    0.198177300580793 
 1512   0.7334464634183608  -0.1285097686625863 
 1513   0.6214924219071198  -0.2853765021581746 
 1514   0.2448848998037395  -0.1694316854500714 
 1515   0.5324908633545515   0.2711103946705872 
 1516   0.7803040279251686   0.2463108969790114 
 1517   0.4956630129022052  -0.2001157441387974 
 1518   0.8710239660159649   0.1319126971154602 
 1519   0.5150694993233039  -0.2445954352867242 
 1520   0.3105169837637846  -0.2907605339529334 
 1521   0.5042664596394557   -0.194163495540685 
 1522   0.8072852640684318  -0.2847199648342161 
 1523   0.5851825803882884  0.09237610895097072 
 1524   0.5401799651210849   0.1704729621595542 
 1525   0.6784592255080841  -0.2913569461439631 
 1526   0.2859565732105351   0.3394435857798001 
 1527   0.7739860094724182  -0.1443569660697856 
 1528    0.640844888152952  -0.2721192902022027 
 1529   0.5586032004648211   0.1816193426701995 
 1530   0.5721769702118871  0.09704538656784098 
 1531   0.5684944705954225   0.3652293163787288 
 1532   0.3056411407585479    0.278678365221795 
 1533    0.706864469536356   -0.147853047871898 
 1534   0.7683170898439623  -0.2594034883543757 
 1535     0.57986615496302   0.1912484526615823 
 1536   0.5438074647086462  -0.1121223217627424 
 1537   0.5107310619179948  -0.4089808690930915 
 1538    0.362357794103656   0.2279517625559913 
 1539   0.6570644194713601  -0.1417467799638336 
 1540   0.8581191666241641   0.1684814883402168 
 1541   0.4494361300448777   0.2179399630720605 
 1542    0.657846073448309   0.1560861488123312 
 1543   0.4009744262777601   0.4481966170969333 
 1544    0.584825273495532  -0.1439835508196281 
 1545    0.563635261139658   0.1546076243223241 
 1546   0.8112173324824341  -0.2602289397733314 
 1547   0.3837543866937122 -0.07900996160410938 
 1548    0.584774993791531   0.3477947468182229 
 1549   0.5848215956622281   0.3320699538591004 
 1550    0.542719567095762   0.2172793300122051 
 1551   0.9008916058587473  -0.1052277053435777 
 1552   0.4219891829924668    0.206216434670886 
 1553   0.3748754445947476   0.1390788640491701 
 1554   0.4662290879387798   0.3313811317515316 
 1555   0.8003844830405411  -0.2614854560182097 
 1556   0.4787622965121675  -0.1355722000520615 
 1557   0.9395665683358974  -0.2117319308060547 
 1558   0.3156021958243616  -0.1222637404607053 
 1559   0.4377156231605978  -0.2904157058209729 
 1560   0.6644663019881869  -0.2579939497420903 
 1561   0.6140867181691074   0.2658960434339224 
 1562   0.6612491712609803  0.05937635297282506 
 1563   0.6859381583578913  -0.3354204074761515 
 1564   0.3741887294137956   0.1807541675980491 
 1565   0.4720912335526471   0.3383667485838791 
 1566   0.8570023628669142   0.2347470906043844 
 1567   0.4002387029957037  -0.1057202602702774 
 1568   0.9021763121260075    -0.10997039331038 
 1569   0.4352619340306283  -0.1842209421616761 
 1570   0.3577963630755528  -0.2895528222201023 
 1571   0.6327214622248054   0.2361809081405118 
 1572   0.7057609334860995   0.3377644172018073 
 1573   0.6275500576432732 -0.05425434598487711 
 1574   0.6819656413305321  -0.3099776164490043 
 1575   0.4248640443992381   0.1589424522118226 
 1576   0.2999520632511045   0.3073116537079446 
 1577   0.9300673440988938  -0.1393849909322145 
 1578   0.4458738668266189  -0.1914592616719226 
 1579   0.8981648353449166   0.1527977649740671 
 1580    0.594391696999869   0.1894585915639438 
 1581    0.208361674146572  -0.2502829317253981 
 1582   0.4454929754536321   -0.161121413735325 
 1583    0.834689520831843  -0.2816037077900887 
 1584   0.6405591140486955  0.05573105865386415 
 1585    0.728021902001202   -0.305631363765814 
 1586   0.5221099095606662  -0.2167648877779578 
 1587   0.2298521669708116   0.2720365377637397 
 1588   0.9057332778696403    0.182611541192467 
 1589   0.4165543047823348  -0.1463242633887221 
 1590    0.718965080621589  0.09845774931135395 
 1591   0.7452620175383854   0.2228978675772677 
 1592    0.293440551920381   0.3240935282180493 
 1593   0.4742642450936361   0.1958967443375333 
 1594   0.7895556708264371   0.3226023521880764 
 1595   0.4889791488133933  0.04282341873858539 
 1596   0.7514306767963324  -0.2243705508891254 
 1597   0.5327128461180185   0.2231022552253872 
 1598   0.3046550991722564   0.3341968234357964 
 1599   0.9459343831954871  -0.1716502080593244 
 1600   0.3973141412046844   0.1910794855311413 
 1601   0.9050603716898262  0.05603590277709334 
 1602   0.3068254047261272  -0.2398528563961722 
 1603   0.3499823434526756   0.2196382903059892 
 1604   0.5912595381420335   0.2502047676778758 
 1605   0.9050802071628952  -0.2366070338507474 
 1606   0.5027175654138699 -0.06214871442781524 
 1607    0.786749206219213   0.2708622321734567 
 1608   0.3835588066636025   0.1656149548978549 
 1609   0.3394410442159527  -0.3150122328154417 
 1610   0.7717428075185254  -0.1025732296065188 
 1611   0.6023882487718936  -0.3332973979404902 
 1612   0.9430191428542569 -0.06817668255846979 
 1613   0.2764805070985105  -0.2206574245542855 
 1614   0.2076106819168769   0.1743615836742123 
 1615   0.9364867950757464  -0.2048811394238359 
 1616   0.4251708413592274  0.07031195968591397 
 1617   0.9789418103835212   0.2204126634344053 
 1618   0.1073891624892094  0.08922788611061472 
 1619   0.7036297287394845  -0.1994790589135419 
 1620    0.542983860864488   0.3341626151835519 
 1621   0.8253214470160823 -0.03002257103480399 
 1622   0.5427159013432939  -0.3400138289264077 
 1623   0.2548877422861439  -0.1055635315041313 
 1624   0.7883102550454326   0.3995813815708865 
 1625   0.3443270590552824  0.06682634897084387 
 1626    1.032649216452088 -0.06322013888564694 
 1627   0.2653516594979294  -0.1506286379078781 
 1628    0.311025067910591   0.1679301887852973 
 1629   0.8006154790206927  -0.3662498931000067 
 1630    0.389456572241969  0.04008660670784248 
 1631      1.0043242839195  -0.1914942815403715 
 1632   0.1210901443560519 -0.09252516750856522 
 1633   0.5555942924682029  -0.1826374937423917 
 1634   0.6895730408602279   0.3619065910035319 
 1635   0.6897825322271443 -0.02537092653957113 
 1636   0.7129880342136002   -0.365207478919972 
 1637    0.042778343330768  -0.0530374555336019 
 1638   0.8000813341427409   0.1138045648386998 
 1639    0.531360776105175  -0.3166317390317865 
 1640    1.008535897804998  0.05835739790373694 
 1641    0.348812379424991   0.1668254997714542 
 1642  0.06293165922403882  0.09440201068312076 
 1643   0.9469599407339906  -0.1215968391024726 
 1644   0.4308764885725407  -0.2192481052321764 
 1645    1.015425413647204 -0.09908910651622474 
 1646   0.1890273434317017  -0.0607978807875139 
 1647   0.2568110817046818   0.1679491285513363 
 1648   0.9759771213298029    0.267526319197038 
 1649    0.340475682172773 -0.05035986291586714 
 1650   0.8898185466349183  0.02675802928641915 
 1651   0.3132852037480069   0.3612757275369737 
 1652   0.2205731520309035   0.1736769425992619 
 1653    1.009697231167936 -0.02156830191668455 
 1654   0.3869765567252275  -0.2014150672739932 
 1655  0.06129616664147399  0.03764573020931784 
 1656   0.7770237539330087   -0.148910534526387 
 1657   0.5888193752993415   0.3630243979307171 
 1658   0.4003850275792925  -0.0121692621025963 
 1659   0.9908138727106504  -0.2174655463239404 
 1660  0.04359016535797566 -0.09301902102389575 
 1661   0.3242901771439889 -0.07423417858432944 
 1662     1.05821974260083  0.07956376791038745 
 1663   0.2827246442941626  0.05284707486024312 
 1664  0.09689589870325531  -0.1126815029039177 
 1665    1.033436268226091  -0.1831224571353682 
 1666   0.3337705941057658 -0.05319926283261254 
 1667   0.8666756992632141 -0.02367446810421045 
 1668   0.2673210693740504   0.3995029854345528 
 1669   0.2763240584428287   0.1291047448669344 
 1670    1.039028617535341 -0.01609998363350233 
 1671   0.3300058973359875   0.1504752974978539 
 1672  0.05017219910040922  0.09143225319903921 
 1673    1.053916521525398 -0.07874815616104637 
 1674    0.346535435803602  0.09361724683045833 
 1675   0.6287237315786295  0.01653435802976196 
 1676   0.4623660682315135   0.5166602883956595 
 1677   0.3243766713918528  0.05938007165375003 
 1678   0.5688880342679131 -0.007371411149126862 
 1679   0.7276374403459024   0.3834357113144762 
 1680   0.1159347237019556   0.2119760980738316 
 1681   0.0157242774511208 0.0002044807292885633 
 1682  0.01570592190506482 0.0001763495607010811 
 1683  0.01583525306013072 0.0001151763749680923 
 1684  0.01571426463111027 -0.0001655457058579665 
 1685  0.01561118004544411 0.0001582768142652247 
 1686  0.01553921784893552 -2.208332582952758e-05 
