268 
0 18396.1358286573886289   0.0000000000000000 
1 110171283.4406754374504089 561537.0603503392776474 
2 65091070.1156882196664810 56930287.5216691046953201 
3 25033667.7139583975076675 -20597919.1369376555085182 
4 9873376.7298793066293001 -7895492.2627049172297120 
5 3967628.5298793800175190 -3117358.9225325053557754 
6 1624761.4690469270572066 -1258174.9546145433560014 
7 674156.8884213689016178 -516573.3283928526798263 
8 282528.2660681454581209 -214495.8392612699244637 
9 69338633.6265797019004822 239237.6438785868813284 
10 11378696.2157251574099064 27919293.8708050921559334 
11 49411.0977192591162748 -40086.1207869543868583 
12 17327666.9952846206724644 112768.7962855021032738 
13 335871.8292778699542396 -2340110.5709062283858657 
14 28472.1372841548582073 -5934.4983608532174912 
15 4598026.3629083167761564 -310410.5215541106299497 
16 80536529.3657538145780563 -1656250.7342548959422857 
17 30255.0930547558709804 1488560.8336036270484328 
18 1320365.6978418007493019 10298.4585049197066837 
19 39631.2675928469470819 81211.0479338789446047 
20 17610803.8063371367752552 -773116.4924737424589694 
21 422201.0714517395244911 13326.0057839100772981 
22 80236870.4747896045446396 1817315.9560414387378842 
23 356475.3396080065285787 -5083652.5958832036703825 
24 2215129.2827054606750607 1836.4581318283806013 
25 2371551.3735877801664174 -2288436.3771540322341025 
26 118002.9097594029881293 -39544.5273177266135463 
27 14092975.0369867384433746 -4224.0029473751019395 
28 3687632.0077081206254661 7040784.4822991508990526 
29 284314.2350281840190291 27679.3012438597943401 
30 1044580.5939525465946645 -540609.5378528928849846 
31 32067.7052400035936444 -519.3426248840925155 
32 1000891.9741012376034632 -10793.7878502284056594 
33 3601216.8882725602015853 1875183.1150140562094748 
34 32113.0160474605036143 -48601.2788493349289638 
35 413487.6050429033930413 -29364.7229786046809750 
36 153.9628356266549645 4371.1928558140089081 
37 28862.6989799530165328 -2010.8203324968933430 
38 1308300.2135196442250162 145724.4009355963789858 
39 17051.7757652429136215 -31413.6012214370566653 
40 5863.9940832357469844 -817.1981215496502955 
41 133599.7466096137068234 -27803.1804560116033826 
42 39222.9835897845186992 2239.9944839432523622 
43 89490.0755634608794935 -54335.7641115507067298 
44 406137.2593958529760130 -10844.3786476381683315 
45 16074.8508304079059599 60902.1765816718470887 
46  20.3658735683963528 474.3103205449278335 
47 49143.2345795586370514 916.5430656313552618 
48 2744.6268215163436253 -4484.4724429487505404 
49 25862.5788908501417609 -1181.5850673926793206 
50 7830.5495952195478822 11644.6969088893656590 
51 112568.5320581900596153 803.3448777614067922 
52 26925.6755524470900127 54905.5569618754889234 
53 123870.6068578023550799 3159.3628561014197658 
54 12686.0565780019242084 2548.7579232458683691 
55 6584.7984993559330178 -8338.0484583885354368 
56 1460.1649074517436020  86.6621191214688906 
57 10526.0019521072736097 2058.0155540717464646 
58 48260.9044549771060701 3583.9030818205765172 
59 1120.7324288468864779 -6960.6820034441980170 
60 242.5438832667200870 -272.5328385094477426 
61 77710.3459809768974083 3397.8394801264039415 
62 62037.6649193158737035 -52206.9571245781553444 
63 21721.0068778836466663 16502.1595133827067912 
64 555.2645116916282859 -2747.3606028878280085 
65 3014.8191659374260780  45.7605773920849757 
66 1553.1180851407323189 1726.5849802338036625 
67 18309.0648045039743010 1188.5085207338177042 
68 161.1459563199459808 1205.9840091593907800 
69 5707.4538838089001729 -389.7031963806679755 
70 120460.3309793441003421 -20027.3388550943964219 
71 390.1957361334639245 -1397.8557341460191310 
72 10178.7446752869764168 -1435.1534587660012221 
73 19551.4509919884185365 -3285.6630716458930692 
74 14996.4420029484772385 13851.5405154162017425 
75 -46.0637280442293928 534.3402608205390152 
76 1626.8651944818034281 -39.2713558366862472 
77 3502.7854423001999749 597.3517964843916843 
78 3622.7322216279153508 3492.5119516004101570 
79 531.5004914768634308 204.6717366107523901 
80 157.9552679167364602 -345.1861803070389101 
81 13859.2739491425800225  91.9789387515246233 
82 20199.6607183175437967 14025.1162218365116132 
83 1744.8031555673976527 3140.9924338183182044 
84 1391.9395829724596751 124.7069483177415208 
85 9909.5492407537476538 2227.3432445681137324 
86 504.2641095283281061 1564.5529471609602297 
87 -334.2945470167382496  34.6443969609972200 
88 123.8071581094398965 355.0839619828117861 
89 2353.3726649224336143 292.2914260141913587 
90 1050.9354292180314587 -614.2523523440499957 
91 2334.6835297113475463 464.0787332824709210 
92  94.7022050107702995 380.4784624816980454 
93  16.9548098892340064 -23.1885855916494350 
94 6737.7697562628563901 -402.4109015493372112 
95 7301.9877942729799543 -3483.8063641516091593 
96 2350.0148610992127942 -1565.2367580236295908 
97 121.9636201999429801 430.9897017433902420 
98 291.6831782722729827  38.6938373916760341 
99 174.7807973378801307 -113.9012529728549765 
100 272.5180466947783771 -36.8455190185323573 
101  29.7093973103929763 101.3025992680614422 
102 1033.8855659681510133 -124.5162143494460878 
103 2250.1505428145073893 -156.3521180595909641 
104 -239.0815952199808976 -578.5606870517621019 
105 1532.1077974398199331 -335.7487287432779226 
106 2478.5987782373094888 2032.6466726277080852 
107 685.3506577765822385 -391.3486797776467938 
108 -106.4914675308718301 -111.4052750570686356 
109 1608.9978642522694372 -27.8555902934349255 
110 150.4139282699884461 -389.5311466324970411 
111 694.0153254986654474 125.9218130060255021 
112  26.2859909419948359 -82.0873706739151032 
113 107.9895508481637734  13.4511883018833291 
114 -12.1678384111856381 -47.6684461389616487 
115 1764.2779010544156790 152.6331292565573960 
116 691.5700371561814563 -1024.1979914639555318 
117 131.5286492372464409 -190.9009227904799388 
118  14.7911915498635960   9.3860144106915158 
119 369.6257234183438527 -58.2073818967347663 
120 1497.0129058112424900 236.3243366972835418 
121 319.8829483939291549 484.3199254080116134 
122 241.7663999798201075  20.5280779816830794 
123 508.5361126701643570 337.1610980850690567 
124 309.7019763039824056  90.6551056618499302 
125 181.7223605963007458  12.2107533062307656 
126 878.2043348026936656 324.1836566811372222 
127 2067.5014969732537793 687.7187097851541466 
128  30.4349759968435620 120.8709814533734743 
129 -86.3821313760537208  39.2831999284452138 
130 -25.0609491577989694  56.0486764145989866 
131  51.4510913775084191 -28.8850526782934303 
132  30.4777944574330562 -59.6726912978020181 
133   8.7616945317317931  -0.3183761763881826 
134 2359.6903083271872674 152.7582701842397341 
135 306.2045031266549699 232.1907496946599849 
136 490.6659597847359464 -170.5274898146833209 
137 256.7828335445047401 312.6882515866009271 
138  67.3111963195316321  28.0698408235480628 
139 634.0263701582872500 -190.8048486233099368 
140 -37.8699635507469310 163.8813417239688874 
141 278.8520528757325110 -93.3868393003075425 
142 118.5652470613033245 -30.8903571535594743 
143  12.2875130166995010  35.3348942022180097 
144 2381.8408981094539740  14.0166719861080438 
145  31.2778894456212200 -178.9198944110396781 
146  99.3143938491424478 -33.4509186460347792 
147  17.2973247886617472 -35.1397290600726322 
148   7.0924217006884165  20.0420581552384220 
149  25.5657338690066389 -21.9314411816894221 
150 741.8724053036573878  79.9090244255716726 
151   6.0775687679494226  -9.6541921227447691 
152 262.2842747678624846 -36.3973081705774675 
153 105.4504259873464491 -39.4526010481895284 
154  14.5857284719041118  29.8133921633578538 
155 244.2469698094981538 -15.2664164075720663 
156  99.8573503402571134 111.1998576179527305 
157 -72.7286568033709528  32.6055352696285397 
158 -57.9101976273959522  40.8955617163479630 
159   3.3743795057722550   6.5697651920211788 
160 743.3779995437033676  44.7875711946629096 
161 126.4235328733064279 -54.4285215827421496 
162   2.2530554814423827 -19.5823474001075972 
163   9.2425780767465930  -7.7861156602087132 
164  18.9334842911066623   2.9867805755063630 
165 188.5750159118280180  27.9748142468055576 
166 106.1469267958588460 -120.1431242200190042 
167   7.9867628723419140   7.2361279270667094 
168 750.5109166258653204  -4.4234659706720700 
169   8.6849737754938516 -14.2250425202903568 
170  67.6441485924009953  30.4682587625637957 
171  52.2867928164808333  37.3689104485091264 
172 -64.8696558147874498 -28.3092206128990007 
173 -39.5808124602741387  53.3934643289185757 
174  44.5025497334614712 -11.2176907608977423 
175  62.2801585486060674  70.0213792119451313 
176  17.4880167242511959  10.6453416259132521 
177 237.1580816734897610  44.1410101653201892 
178  73.3274385219175429 -80.3127458200381596 
179  17.2978473798753996  -4.1627764947427277 
180   1.7408805919402273  -2.3188817259118775 
181  -0.3748508343438088  -0.1823432454409590 
182   3.8944283394819981   3.1672249858029620 
183 104.8391073564419429 -10.5426622769319280 
184   2.5419997328132973  -2.6253923143091118 
185 272.1602807859704853  22.8370378766228193 
186   8.9653716145537157 -25.3117060948296846 
187   2.1278578486853768  -9.0001731497790800 
188  43.1025493408710290  -1.9097939245598636 
189  35.6749334161523208  -4.8081042853423748 
190  12.1998434250373240 -16.9407690879663591 
191 -17.8223474213471995   6.5469925242779192 
192   4.1492033560822907  -7.0206079791902800 
193  44.6246826110390771   5.3717181032990649 
194  62.3873925194548420 -51.4943926658445363 
195  -9.0820340173203675   4.7500028799116247 
196   6.5868677154662230  -0.6430974996028033 
197  12.4698076767765507   7.2473853078315047 
198   0.4603493794264706   0.0174007330041076 
199   9.3404996671649023   0.8096408449602778 
200  35.4169482886203539 -11.3809980803288937 
201  64.4956381618359416   5.9136508565245833 
202  43.5281352349255428 -50.5997577218774452 
203  10.3214749678188937   0.8214188389961986 
204   1.8961919618745193   6.0529677989130928 
205 -19.6764547497242184  -6.0360742581398465 
206  -0.1868401733481092   0.2425132265852930 
207  -5.6962167614454824  -1.4440815207604800 
208  -5.7943030948894236  -4.1548629942569519 
209   8.2749538896058805   1.7776323952368809 
210  24.6289378096798686  -8.9514809442900596 
211  24.6115534539047438 -13.1950067668062374 
212   4.5993531965072325   6.6355987772701353 
213   1.1689542775605375  -0.8972597431234983 
214   4.1048623450463388  -0.8952106660539036 
215   1.6081311636171089   0.2882158327384943 
216   5.0885300328447123   0.1745922397115755 
217   8.3493723550526848  -6.8299380106365595 
218   0.5384170821113865  -0.5373439773149368 
219  25.2772150327251168   0.2586666963577197 
220  10.8424714041293679  19.6083652297641322 
221  -0.8621620336115394   9.6533923342342973 
222   1.7373022947333201  -0.0359230390760526 
223  -1.4358575062076875  -0.0101336024458815 
224   7.6083467717627791   1.7586068970392363 
225   5.3890147240597255  -7.0410550153335878 
226   3.8728148892394261   0.4903393998975422 
227   0.7125662279637246  -1.2654886737190383 
228   4.1481835651949197   0.1634430033825399 
229   2.1593004943096297   1.2464414151879863 
230  -6.3515909048851018   0.1702588290390229 
231  -2.3957617584038249   5.3749393922408011 
232   0.9522957725677834  -0.3584559357931090 
233   5.2043570402632771  -1.4373243400805507 
234  10.9417519599436961  -0.5054183078549931 
235   2.9655070525975487  -5.4797417856374224 
236   0.6181542952836073  -0.0494041209674909 
237  -2.2762507255599820  -0.2081435539748609 
238   1.5973028100992388   0.3720217813742218 
239  -1.5084114612300437  -0.3356238146817944 
240  -4.2845492297756937   7.0709256960611064 
241   4.7542127043561964   0.0690680426171026 
242   1.3882669569300008   0.0000608420929036 
243   0.2647985457125918   0.1038306411182555 
244   1.2157028433642201  -0.2495414870703414 
245   0.7581494986818799   0.5356405079880181 
246   1.4417041349418502  -0.1067283376658530 
247   3.6561765486557123   1.5964315273737570 
248   4.5904187751961070   0.2353098426462930 
249   1.6149664252805156  -0.0897319402586898 
250   0.7839117421943190   0.0000003976332510 
251   0.7959814396205650  -0.6130515418243705 
252   3.9992657029232648  -0.2941994110201807 
253   1.0312535349642593   1.3520469083518138 
254   4.4645729868833275   0.6050585299642552 
255   0.6996855877623874   0.0634512876887725 
256   1.5469848012253895   0.2384914182271610 
257   1.6085279320687311  -0.0033734879758168 
258   1.3977741625819355  -0.0000097539259312 
259   4.7328930168758214   0.0735981106775078 
260   0.6610178728584020   0.3161131091205495 
261   1.6122651005246553   0.0014846722367777 
262   1.5323167645998157  -0.0000038347652745 
263   4.6227872941438379  -0.6626797867788470 
264   0.6365788590303074  -0.0005206895279783 
265   1.6122672338715183   0.0003241249533678 
266   1.6122673419058853   0.0000000000079438 
267   1.6122673412682866  -0.0000000000870048 
info = 0 
268 
0   1.0000000000008160   0.0000000000000000 
1   2.2404168525644765  -0.8643669139060545 
2   2.7432811829741515   1.2607237813867365 
3   3.1389753718882352  -1.4684570363591074 
4   3.4578297946249363   1.6613130844644846 
5   3.3196164823862606  -1.7334624057152341 
6   2.6949251496465005   1.5088602009135819 
7   2.1173003558366537   1.1916360248542683 
8   1.6076456843550841  -0.9184090217286328 
9   1.2279013395901033   0.7012315048537276 
10   0.8873359961884059  -0.5205558694175678 
11   0.5916365155568692   0.3647875118277923 
12   0.3713458961431754   0.2304623320430550 
13   0.2236567904297580   0.1432628425821517 
14   0.1314748454253747   0.0833221596283343 
15   0.0772548405076349  -0.0488710537148693 
16   0.0588038104995735  -0.0305799123693902 
17   0.0508084215545952  -0.0284717266806034 
18   0.0518944332887247   0.0172161155772075 
19   3.9647822729274487  -0.3288601428708931 
20   0.0247295963479157  -0.1051514773044234 
21   3.0878354627757565   0.1397897331299215 
22   0.8211815443044576  -0.1753676523547791 
23   1.5598734449377700  -1.0495894535701060 
24   1.3817002044269258   0.4901026232810062 
25   1.7656413812232736  -0.0504829998873009 
26   0.2219470017351779  -0.5643489854500270 
27   1.0304305753239822  -0.1774077123154560 
28   1.2047718933240912  -0.4171624148436817 
29   0.0153119602333645  -0.0260746594478901 
30   1.1491179123184545   0.1167833374321075 
31   0.9191918583024243  -0.0936485000878464 
32   0.8226677096928370  -0.0906240575982230 
33   3.1886864519943927   1.5671552206434045 
34   0.6453742319456064   0.3247613094715659 
35   0.4594170498741572  -0.0147875990114356 
36   2.7578654624437053   0.1460760993939788 
37   0.3556137606994136   0.9805688407265327 
38   0.3818644425512057  -0.0104403465852747 
39   2.3663589715154663   0.4041136399883546 
40   2.0130370655480023  -0.0639294464287439 
41   2.5987529951842099  -2.1411378851264504 
42   0.5440699840615779   0.1425723224559834 
43   2.8294609622517721   1.1405919609357271 
44   2.1438876747751836   0.5036950530794804 
45   2.7219998527209581   0.2110571624429634 
46   1.0638740686643497  -0.3971043832052127 
47   0.5021648618154073   0.5492879972092473 
48   1.9922605305242671   0.2813811147160172 
49   1.8777606919009371   0.1280963381476563 
50   2.1871443684339913   0.2764242600508205 
51   0.5328126826264996   0.4084749178766040 
52   1.1942326035859734  -0.6556295837326065 
53   1.1492378265014647  -0.0961285890888732 
54   1.0171422501106717  -0.3493523052989113 
55   1.0772454731472105   0.0991002773019706 
56   0.4425222190718476   0.1940925048175669 
57   0.2793573336305009   0.1847337449179823 
58   3.9167496812975267   0.5630934507787345 
59   1.0505078779290062   1.2766791294109492 
60   0.6816300005228322  -0.2651248654864265 
61   0.9334424190022966   0.1787284346157936 
62   1.7016117898259990   0.4153762446148319 
63   2.1955203479956609   1.3408882748739781 
64   1.4164623612177940   0.4739146366003684 
65   2.2165945369434041   1.1379730666192698 
66   0.2169489295332285  -0.2288067539470186 
67   0.1663857887823746  -0.0750641319440836 
68   0.9826320531810290   0.2659532584408842 
69   2.4359609674698022  -0.6693185761589098 
70   0.4047556416918351   0.6542189258304962 
71   2.1162800077618180   0.1155970860724053 
72   0.2555946224259479  -0.4110036042454672 
73   0.5926038515908119  -0.1763628548359515 
74   2.0504970348143825   0.0604045160045154 
75   1.6216004152711796   1.2068227722385447 
76   3.2917498688809275  -1.6222067173993273 
77   1.7136748576391401  -0.1583241152079655 
78   0.6108513685091881  -0.4792869420335614 
79   1.4976202780801349   0.6486232450449771 
80   0.4646341840215613   0.4297184759484234 
81   0.1055162206161329   0.0404521932369557 
82   1.6552920833205245   0.3803618770386082 
83   3.1698896736466331  -0.0868786536335261 
84   1.1122882706888071   0.8147930362094943 
85   0.5153663072602277   0.6393502706138903 
86   2.4482152225530558   0.1283899284681870 
87   0.7966369442615602  -1.0300543225660321 
88   1.3949941615361467  -0.0811930704487957 
89   0.1320200103540250   0.1295452079067049 
90   1.1092216224613689   0.3388035210051160 
91   1.7516122698860521   0.1095292759227054 
92   1.6869833975298532   1.0890308460081470 
93   0.3864207687727348  -0.4598298516430379 
94   0.1443862952432130   0.1107084501473867 
95   1.1391018544494251  -0.2598624032781722 
96   2.0268169631339625  -0.2965128541626532 
97   0.5800464903326602  -0.3963756404940385 
98   0.0952760027065851  -0.1840307168793796 
99   2.3014141147409886   0.2122307556084400 
100   0.8298528039522639   0.4389206834690579 
101   0.2284226148866331   0.0121188177820670 
102   2.5370356335606217  -0.6738734194888469 
103   1.0450869722997678   0.6805398514853395 
104   0.5558530983926977  -0.1742921779953419 
105   1.6027518208556117   0.7001699863503250 
106   0.7917772882100829  -0.4074934832432121 
107   1.4867451047562907   0.3537284680542906 
108   0.5667023963101474  -0.3365519042556586 
109   0.2289194086475763   0.1403313813396767 
110   0.2398951323822949   0.2059868081368040 
111   1.3094717633850463  -0.0821489099362362 
112   1.2780852821390027  -0.7231463922858999 
113   3.4730095143777069   1.1467425564053433 
114   0.1002647086232515   0.0481432500548741 
115   1.7354519799366752  -0.1135945080102494 
116   1.4684231369071168  -1.2248388154044145 
117   2.2917875282980873   0.6579771869444389 
118   1.3307409432597808  -0.2693061171683979 
119   0.3254791846712476   0.4201902748421052 
120   0.3788861179294459  -0.0073536299766469 
121   1.8603022029035412   0.4854307701156040 
122   1.8147552355641603  -0.6838664794345917 
123   2.5474871932300327  -0.3792761085438270 
124   0.5669825813479192   0.6130728725321584 
125   1.7339158218951813   0.6559623792978772 
126   0.2312158270500611   0.1089697376399769 
127   1.3167606884566161  -0.4551686024918026 
128   1.0077703745596656  -0.1769195335246530 
129   0.3068629192827925   0.4127792209720058 
130   3.6757091181799142  -0.2206792307866954 
131   1.1603115381792313  -0.9301546373766904 
132   0.8882032825724170  -0.1368836291665193 
133   0.6672161350803518   0.6085667539300365 
134   1.3710173963088108   0.4089773030139632 
135   0.1206270216746615   0.0239378578397406 
136   2.7387782329771162  -0.4179179474646539 
137   1.0271679201997228   0.8104935307787516 
138   0.5413568062769194   0.2077102199175543 
139   0.3052067050554959   0.2823658725189463 
140   2.7498646704074363   0.4781889530094647 
141   0.7232741037937931   0.4980957278647315 
142   1.4838012354602670  -0.0689456710315267 
143   1.0426274712570545   0.9055073591933190 
144   0.1862375973155572  -0.2525739988707991 
145   0.3367610715256862  -0.0340258026810935 
146   2.1783151322193013  -0.5892568680799302 
147   2.3621512960517101  -1.2882838410466264 
148   2.5012396782954909  -0.9984354879172657 
149   0.4954894196576594   0.1106104401158383 
150   0.5510624769772600  -0.2021500750100310 
151   1.7284804409003609  -0.3348173658960216 
152   0.2104890980716119  -0.5057753214490522 
153   0.9936471215224010  -0.0593489197544940 
154   0.3898643495855791  -0.4264135638170097 
155   0.1582613175516377   0.0840699027366408 
156   0.9863804885357900   0.2355156209885431 
157   2.3992114129629867  -1.0318333190293458 
158   1.6191460696688982  -0.5584275757573018 
159   0.5150726890404216  -0.1858995797621860 
160   1.2625823322504113   0.3078126602757055 
161   1.3763843500297488   0.1911992354472112 
162   0.9498489628206686  -0.6712897549589002 
163   2.2692456844875628   1.0369507316404230 
164   0.3067336007007054   0.3607699569268676 
165   2.1777509642818722  -0.2309180153271274 
166   0.1008044444831544   0.0940613370446079 
167   0.7495182264055448  -0.2488991035297974 
168   0.3257526005160994  -0.0528125030020096 
169   1.0774996344034988   0.3741195550136908 
170   1.6444189121853481   0.4363330205742031 
171   0.9039165613568850   1.0032324537355970 
172   0.0913400082501584   0.1094818129955260 
173   0.1624864349088542   0.0111559883725285 
174   1.6731971047546461   0.0489320661520513 
175   0.3208849571123794  -0.6762859039179452 
176   0.5223277844149878  -0.1454151625359181 
177   0.8188603317313956   0.0816428200721294 
178   0.3303412315333045  -0.1549497931465155 
179   0.7139807805792371  -0.2023423223396331 
180   1.4265016317252326  -0.2951638337990581 
181   0.2115969059455782  -0.4988765862378985 
182   2.1587706120467982   0.1679265600971278 
183   0.4925194171729008   0.2344538195454683 
184   0.4127246101354229   0.3063241876399119 
185   1.1710217586726259   0.3409769747954618 
186   1.2735598721005357   0.1758834322686110 
187   0.3343385477355911   0.4357546298705731 
188   0.9874149830856165   0.0916036797039914 
189   0.7323827684690597   0.3964517506889552 
190   0.1113895764008375  -0.0528846718324322 
191   0.0571429266702645  -0.0001601441016567 
192   0.7811672609140167  -0.0981781261023120 
193   0.3523770673579513   0.1854052796543090 
194   1.4698341286219989  -0.3746993273561490 
195   2.0860124987644184   0.9407026959097716 
196   0.6480851658579897  -0.7463492695821646 
197   0.1674790335914828  -0.0050383246082521 
198   1.6643730064672020  -0.3125982372650878 
199   0.7580532210972402   0.6379416029094945 
200   1.6410563421534483  -0.5968779534394651 
201   0.0916854607437279   0.0888281426157831 
202   0.1421390900024410   0.0792153149021517 
203   0.8840334439723521  -0.0462597391855424 
204   1.0366736534176597   0.2339504419614991 
205   0.5915031911763260  -0.1324786630542297 
206   0.4770091477955421  -0.3807803677822067 
207   0.8327851881933213  -0.3460115245112598 
208   0.8129699958091552   0.3203133950016191 
209   0.1000493639305065  -0.1687315025185637 
210   0.4159465730007287   0.0030489831552968 
211   0.2888576607720706   0.2904820028899645 
212   0.1428564887377789  -0.0674197325648820 
213   1.2921727512502836   0.0131113033218808 
214   0.4552714332586787  -0.6857097084375471 
215   0.5318983344956840  -0.1581151848712740 
216   0.4820013889581219   0.2561931532680994 
217   0.3383118554022161  -0.2487376518220228 
218   0.0039594808323912  -0.0026253842653218 
219   0.0339190498886638   0.0038034365419826 
220   1.2551509961902927   0.1525361209417738 
221   0.4406966352516607  -0.0496777726200551 
222   0.8956998126863066   0.4333982997065498 
223   0.2076995648576304  -0.3059711140274039 
224   0.7116381472270643  -0.0380436453133451 
225   0.0656553334790040  -0.0260433650463727 
226   0.4722722284349049  -0.1200182855150591 
227   0.0822535219075066   0.1221009245053807 
228   0.2911887276410158   0.0527981701894980 
229   0.0066626182773518   0.0285663965828658 
230   0.2880745476249379  -0.0048152341861408 
231   0.7409967521449762  -0.2274067805677788 
232   0.1103726176146833   0.0169204008987642 
233   1.1839204170987732  -0.2034093543894410 
234   0.9619332330668751   0.0182001979276832 
235   0.4803015807393292   0.5055572519767998 
236   0.0380247349513390  -0.0251829477233581 
237   0.7032647543776913  -0.0022934656274069 
238   0.0421068876707311   0.0893007767406480 
239   0.1303397913304625  -0.0275047118266297 
240   0.5163057681311741   0.0897156404755352 
241   0.3093716145409226   0.0051170424580498 
242   0.3034504822623059   0.0255679069567218 
243   0.5488673582553864  -0.3903815586730081 
244   1.2845822594527396  -0.0055335641412818 
245   0.0061200560934840  -0.0167445666369245 
246   0.0603003227365694   0.0009459207497611 
247   0.0863856411789291  -0.0221004931525456 
248   0.6371675284757574  -0.2192506791644519 
249   0.1655522938837455   0.0280615892875775 
250   0.5242615332598467  -0.0091371751208159 
251   0.0843143305736135  -0.0731268365740244 
252   0.3101900898672519   0.0018406512554269 
253   0.0336351211356323   0.0045955838358323 
254   0.0228998903484060  -0.0029074908355812 
255   0.7151445207227344   0.0001133359112642 
256   0.0170578662580445   0.0009140321786464 
257   0.1630941147326929  -0.0152104957941008 
258   0.1804279385988737   0.0020640299836784 
259   0.1347548529048698   0.1501806492816233 
260   0.0692993782641032  -0.0207925645414338 
261   0.0059240200530256   0.0035915903243276 
262   0.0221610450216164   0.0000000171120180 
263   0.1646542967198592   0.0005966456673544 
264   0.0724417186450344   0.0000863194410911 
265   0.0221585467968002   0.0000000004307822 
266   0.0724416378483685  -0.0000000256796199 
267   0.0221585467967871  -0.0000000045407883 
info = 0 
268 
0 18396.1358286573886289   0.0000000000000000 
1 110171283.4406754374504089 -561537.0603503392776474 
2 65091070.1156882196664810 56930287.5216691046953201 
3 25033667.7139583975076675 -20597919.1369376555085182 
4 9873376.7298793066293001 -7895492.2627049172297120 
5 3967628.5298793800175190 -3117358.9225325053557754 
6 1624761.4690469270572066 -1258174.9546145433560014 
7 674156.8884213689016178 -516573.3283928526798263 
8 282528.2660681454581209 -214495.8392612699244637 
9 69338633.6265797019004822 239237.6438785868813284 
10 11378696.2157251574099064 27919293.8708050921559334 
11 49411.0977192591162748 -40086.1207869543868583 
12 17327666.9952846206724644 112768.7962855021032738 
13 335871.8292778699542396 -2340110.5709062283858657 
14 28472.1372841548582073 -5934.4983608532174912 
15 4598026.3629083167761564 -310410.5215541106299497 
16 80536529.3657538145780563 -1656250.7342548959422857 
17 30255.0930547558709804 1488560.8336036270484328 
18 1320365.6978418007493019 10298.4585049197066837 
19 39631.2675928469470819 81211.0479338789446047 
20 17610803.8063371367752552 -773116.4924737424589694 
21 422201.0714517395244911 13326.0057839100772981 
22 80236870.4747896045446396 1817315.9560414387378842 
23 356475.3396080065285787 -5083652.5958832036703825 
24 2215129.2827054606750607 1836.4581318283806013 
25 2371551.3735877801664174 -2288436.3771540322341025 
26 118002.9097594029881293 -39544.5273177266135463 
27 14092975.0369867384433746 -4224.0029473751019395 
28 3687632.0077081206254661 7040784.4822991508990526 
29 284314.2350281840190291 27679.3012438597943401 
30 1044580.5939525465946645 -540609.5378528928849846 
31 32067.7052400035936444 -519.3426248840925155 
32 1000891.9741012376034632 -10793.7878502284056594 
33 3601216.8882725602015853 1875183.1150140562094748 
34 32113.0160474605036143 -48601.2788493349289638 
35 413487.6050429033930413 -29364.7229786046809750 
36 153.9628356266549645 4371.1928558140089081 
37 28862.6989799530165328 -2010.8203324968933430 
38 1308300.2135196442250162 145724.4009355963789858 
39 17051.7757652429136215 -31413.6012214370566653 
40 5863.9940832357469844 -817.1981215496502955 
41 133599.7466096137068234 -27803.1804560116033826 
42 39222.9835897845186992 2239.9944839432523622 
43 89490.0755634608794935 -54335.7641115507067298 
44 406137.2593958529760130 -10844.3786476381683315 
45 16074.8508304079059599 60902.1765816718470887 
46  20.3658735683963528 474.3103205449278335 
47 49143.2345795586370514 916.5430656313552618 
48 2744.6268215163436253 -4484.4724429487505404 
49 25862.5788908501417609 -1181.5850673926793206 
50 7830.5495952195478822 11644.6969088893656590 
51 112568.5320581900596153 803.3448777614067922 
52 26925.6755524470900127 54905.5569618754889234 
53 123870.6068578023550799 3159.3628561014197658 
54 12686.0565780019242084 2548.7579232458683691 
55 6584.7984993559330178 -8338.0484583885354368 
56 1460.1649074517436020  86.6621191214688906 
57 10526.0019521072736097 2058.0155540717464646 
58 48260.9044549771060701 3583.9030818205765172 
59 1120.7324288468864779 -6960.6820034441980170 
60 242.5438832667200870 -272.5328385094477426 
61 77710.3459809768974083 3397.8394801264039415 
62 62037.6649193158737035 -52206.9571245781553444 
63 21721.0068778836466663 16502.1595133827067912 
64 555.2645116916282859 -2747.3606028878280085 
65 3014.8191659374260780  45.7605773920849757 
66 1553.1180851407323189 1726.5849802338036625 
67 18309.0648045039743010 1188.5085207338177042 
68 161.1459563199459808 1205.9840091593907800 
69 5707.4538838089001729 -389.7031963806679755 
70 120460.3309793441003421 -20027.3388550943964219 
71 390.1957361334639245 -1397.8557341460191310 
72 10178.7446752869764168 -1435.1534587660012221 
73 19551.4509919884185365 -3285.6630716458930692 
74 14996.4420029484772385 13851.5405154162017425 
75 -46.0637280442293928 534.3402608205390152 
76 1626.8651944818034281 -39.2713558366862472 
77 3502.7854423001999749 597.3517964843916843 
78 3622.7322216279153508 3492.5119516004101570 
79 531.5004914768634308 204.6717366107523901 
80 157.9552679167364602 -345.1861803070389101 
81 13859.2739491425800225  91.9789387515246233 
82 20199.6607183175437967 14025.1162218365116132 
83 1744.8031555673976527 3140.9924338183182044 
84 1391.9395829724596751 124.7069483177415208 
85 9909.5492407537476538 2227.3432445681137324 
86 504.2641095283281061 1564.5529471609602297 
87 -334.2945470167382496  34.6443969609972200 
88 123.8071581094398965 355.0839619828117861 
89 2353.3726649224336143 292.2914260141913587 
90 1050.9354292180314587 -614.2523523440499957 
91 2334.6835297113475463 464.0787332824709210 
92  94.7022050107702995 380.4784624816980454 
93  16.9548098892340064 -23.1885855916494350 
94 6737.7697562628563901 -402.4109015493372112 
95 7301.9877942729799543 -3483.8063641516091593 
96 2350.0148610992127942 -1565.2367580236295908 
97 121.9636201999429801 430.9897017433902420 
98 291.6831782722729827  38.6938373916760341 
99 174.7807973378801307 -113.9012529728549765 
100 272.5180466947783771 -36.8455190185323573 
101  29.7093973103929763 101.3025992680614422 
102 1033.8855659681510133 -124.5162143494460878 
103 2250.1505428145073893 -156.3521180595909641 
104 -239.0815952199808976 -578.5606870517621019 
105 1532.1077974398199331 -335.7487287432779226 
106 2478.5987782373094888 2032.6466726277080852 
107 685.3506577765822385 -391.3486797776467938 
108 -106.4914675308718301 -111.4052750570686356 
109 1608.9978642522694372 -27.8555902934349255 
110 150.4139282699884461 -389.5311466324970411 
111 694.0153254986654474 125.9218130060255021 
112  26.2859909419948359 -82.0873706739151032 
113 107.9895508481637734  13.4511883018833291 
114 -12.1678384111856381 -47.6684461389616487 
115 1764.2779010544156790 152.6331292565573960 
116 691.5700371561814563 -1024.1979914639555318 
117 131.5286492372464409 -190.9009227904799388 
118  14.7911915498635960   9.3860144106915158 
119 369.6257234183438527 -58.2073818967347663 
120 1497.0129058112424900 236.3243366972835418 
121 319.8829483939291549 484.3199254080116134 
122 241.7663999798201075  20.5280779816830794 
123 508.5361126701643570 337.1610980850690567 
124 309.7019763039824056  90.6551056618499302 
125 181.7223605963007458  12.2107533062307656 
126 878.2043348026936656 324.1836566811372222 
127 2067.5014969732537793 687.7187097851541466 
128  30.4349759968435620 120.8709814533734743 
129 -86.3821313760537208  39.2831999284452138 
130 -25.0609491577989694  56.0486764145989866 
131  51.4510913775084191 -28.8850526782934303 
132  30.4777944574330562 -59.6726912978020181 
133   8.7616945317317931  -0.3183761763881826 
134 2359.6903083271872674 152.7582701842397341 
135 306.2045031266549699 232.1907496946599849 
136 490.6659597847359464 -170.5274898146833209 
137 256.7828335445047401 312.6882515866009271 
138  67.3111963195316321  28.0698408235480628 
139 634.0263701582872500 -190.8048486233099368 
140 -37.8699635507469310 163.8813417239688874 
141 278.8520528757325110 -93.3868393003075425 
142 118.5652470613033245 -30.8903571535594743 
143  12.2875130166995010  35.3348942022180097 
144 2381.8408981094539740  14.0166719861080438 
145  31.2778894456212200 -178.9198944110396781 
146  99.3143938491424478 -33.4509186460347792 
147  17.2973247886617472 -35.1397290600726322 
148   7.0924217006884165  20.0420581552384220 
149  25.5657338690066389 -21.9314411816894221 
150 741.8724053036573878  79.9090244255716726 
151   6.0775687679494226  -9.6541921227447691 
152 262.2842747678624846 -36.3973081705774675 
153 105.4504259873464491 -39.4526010481895284 
154  14.5857284719041118  29.8133921633578538 
155 244.2469698094981538 -15.2664164075720663 
156  99.8573503402571134 111.1998576179527305 
157 -72.7286568033709528  32.6055352696285397 
158 -57.9101976273959522  40.8955617163479630 
159   3.3743795057722550   6.5697651920211788 
160 743.3779995437033676  44.7875711946629096 
161 126.4235328733064279 -54.4285215827421496 
162   2.2530554814423827 -19.5823474001075972 
163   9.2425780767465930  -7.7861156602087132 
164  18.9334842911066623   2.9867805755063630 
165 188.5750159118280180  27.9748142468055576 
166 106.1469267958588460 -120.1431242200190042 
167   7.9867628723419140   7.2361279270667094 
168 750.5109166258653204  -4.4234659706720700 
169   8.6849737754938516 -14.2250425202903568 
170  67.6441485924009953  30.4682587625637957 
171  52.2867928164808333  37.3689104485091264 
172 -64.8696558147874498 -28.3092206128990007 
173 -39.5808124602741387  53.3934643289185757 
174  44.5025497334614712 -11.2176907608977423 
175  62.2801585486060674  70.0213792119451313 
176  17.4880167242511959  10.6453416259132521 
177 237.1580816734897610  44.1410101653201892 
178  73.3274385219175429 -80.3127458200381596 
179  17.2978473798753996  -4.1627764947427277 
180   1.7408805919402273  -2.3188817259118775 
181  -0.3748508343438088  -0.1823432454409590 
182   3.8944283394819981   3.1672249858029620 
183 104.8391073564419429 -10.5426622769319280 
184   2.5419997328132973  -2.6253923143091118 
185 272.1602807859704853  22.8370378766228193 
186   8.9653716145537157 -25.3117060948296846 
187   2.1278578486853768  -9.0001731497790800 
188  43.1025493408710290  -1.9097939245598636 
189  35.6749334161523208  -4.8081042853423748 
190  12.1998434250373240 -16.9407690879663591 
191 -17.8223474213471995   6.5469925242779192 
192   4.1492033560822907  -7.0206079791902800 
193  44.6246826110390771   5.3717181032990649 
194  62.3873925194548420 -51.4943926658445363 
195  -9.0820340173203675   4.7500028799116247 
196   6.5868677154662230  -0.6430974996028033 
197  12.4698076767765507   7.2473853078315047 
198   0.4603493794264706   0.0174007330041076 
199   9.3404996671649023   0.8096408449602778 
200  35.4169482886203539 -11.3809980803288937 
201  64.4956381618359416   5.9136508565245833 
202  43.5281352349255428 -50.5997577218774452 
203  10.3214749678188937   0.8214188389961986 
204   1.8961919618745193   6.0529677989130928 
205 -19.6764547497242184  -6.0360742581398465 
206  -0.1868401733481092   0.2425132265852930 
207  -5.6962167614454824  -1.4440815207604800 
208  -5.7943030948894236  -4.1548629942569519 
209   8.2749538896058805   1.7776323952368809 
210  24.6289378096798686  -8.9514809442900596 
211  24.6115534539047438 -13.1950067668062374 
212   4.5993531965072325   6.6355987772701353 
213   1.1689542775605375  -0.8972597431234983 
214   4.1048623450463388  -0.8952106660539036 
215   1.6081311636171089   0.2882158327384943 
216   5.0885300328447123   0.1745922397115755 
217   8.3493723550526848  -6.8299380106365595 
218   0.5384170821113865  -0.5373439773149368 
219  25.2772150327251168   0.2586666963577197 
220  10.8424714041293679  19.6083652297641322 
221  -0.8621620336115394   9.6533923342342973 
222   1.7373022947333201  -0.0359230390760526 
223  -1.4358575062076875  -0.0101336024458815 
224   7.6083467717627791   1.7586068970392363 
225   5.3890147240597255  -7.0410550153335878 
226   3.8728148892394261   0.4903393998975422 
227   0.7125662279637246  -1.2654886737190383 
228   4.1481835651949197   0.1634430033825399 
229   2.1593004943096297   1.2464414151879863 
230  -6.3515909048851018   0.1702588290390229 
231  -2.3957617584038249   5.3749393922408011 
232   0.9522957725677834  -0.3584559357931090 
233   5.2043570402632771  -1.4373243400805507 
234  10.9417519599436961  -0.5054183078549931 
235   2.9655070525975487  -5.4797417856374224 
236   0.6181542952836073  -0.0494041209674909 
237  -2.2762507255599820  -0.2081435539748609 
238   1.5973028100992388   0.3720217813742218 
239  -1.5084114612300437  -0.3356238146817944 
240  -4.2845492297756937   7.0709256960611064 
241   4.7542127043561964   0.0690680426171026 
242   1.3882669569300008   0.0000608420929036 
243   0.2647985457125918   0.1038306411182555 
244   1.2157028433642201  -0.2495414870703414 
245   0.7581494986818799   0.5356405079880181 
246   1.4417041349418502  -0.1067283376658530 
247   3.6561765486557123   1.5964315273737570 
248   4.5904187751961070   0.2353098426462930 
249   1.6149664252805156  -0.0897319402586898 
250   0.7839117421943190   0.0000003976332510 
251   0.7959814396205650  -0.6130515418243705 
252   3.9992657029232648  -0.2941994110201807 
253   1.0312535349642593   1.3520469083518138 
254   4.4645729868833275   0.6050585299642552 
255   0.6996855877623874   0.0634512876887725 
256   1.5469848012253895   0.2384914182271610 
257   1.6085279320687311  -0.0033734879758168 
258   1.3977741625819355  -0.0000097539259312 
259   4.7328930168758214   0.0735981106775078 
260   0.6610178728584020   0.3161131091205495 
261   1.6122651005246553   0.0014846722367777 
262   1.5323167645998157  -0.0000038347652745 
263   4.6227872941438379  -0.6626797867788470 
264   0.6365788590303074  -0.0005206895279783 
265   1.6122672338715183   0.0003241249533678 
266   1.6122673419058853   0.0000000000079438 
267   1.6122673412682866   0.0000000000870048 
info = 0 
268 
0 18396.1358286573886289   0.0000000000000000 
1 110171283.4406754374504089 -561537.0603503392776474 
2 65091070.1156882196664810 56930287.5216691046953201 
3 25033667.7139583975076675 -20597919.1369376555085182 
4 9873376.7298793066293001 -7895492.2627049172297120 
5 3967628.5298793800175190 -3117358.9225325053557754 
6 1624761.4690469270572066 -1258174.9546145433560014 
7 674156.8884213689016178 -516573.3283928526798263 
8 282528.2660681454581209 -214495.8392612699244637 
9 69338633.6265797019004822 239237.6438785868813284 
10 11378696.2157251574099064 27919293.8708050921559334 
11 49411.0977192591162748 -40086.1207869543868583 
12 17327666.9952846206724644 112768.7962855021032738 
13 335871.8292778699542396 -2340110.5709062283858657 
14 28472.1372841548582073 -5934.4983608532174912 
15 4598026.3629083167761564 -310410.5215541106299497 
16 80536529.3657538145780563 -1656250.7342548959422857 
17 30255.0930547558709804 1488560.8336036270484328 
18 1320365.6978418007493019 10298.4585049197066837 
19 39631.2675928469470819 81211.0479338789446047 
20 17610803.8063371367752552 -773116.4924737424589694 
21 422201.0714517395244911 13326.0057839100772981 
22 80236870.4747896045446396 1817315.9560414387378842 
23 356475.3396080065285787 -5083652.5958832036703825 
24 2215129.2827054606750607 1836.4581318283806013 
25 2371551.3735877801664174 -2288436.3771540322341025 
26 118002.9097594029881293 -39544.5273177266135463 
27 14092975.0369867384433746 -4224.0029473751019395 
28 3687632.0077081206254661 7040784.4822991508990526 
29 284314.2350281840190291 27679.3012438597943401 
30 1044580.5939525465946645 -540609.5378528928849846 
31 32067.7052400035936444 -519.3426248840925155 
32 1000891.9741012376034632 -10793.7878502284056594 
33 3601216.8882725602015853 1875183.1150140562094748 
34 32113.0160474605036143 -48601.2788493349289638 
35 413487.6050429033930413 -29364.7229786046809750 
36 153.9628356266549645 4371.1928558140089081 
37 28862.6989799530165328 -2010.8203324968933430 
38 1308300.2135196442250162 145724.4009355963789858 
39 17051.7757652429136215 -31413.6012214370566653 
40 5863.9940832357469844 -817.1981215496502955 
41 133599.7466096137068234 -27803.1804560116033826 
42 39222.9835897845186992 2239.9944839432523622 
43 89490.0755634608794935 -54335.7641115507067298 
44 406137.2593958529760130 -10844.3786476381683315 
45 16074.8508304079059599 60902.1765816718470887 
46  20.3658735683963528 474.3103205449278335 
47 49143.2345795586370514 916.5430656313552618 
48 2744.6268215163436253 -4484.4724429487505404 
49 25862.5788908501417609 -1181.5850673926793206 
50 7830.5495952195478822 11644.6969088893656590 
51 112568.5320581900596153 803.3448777614067922 
52 26925.6755524470900127 54905.5569618754889234 
53 123870.6068578023550799 3159.3628561014197658 
54 12686.0565780019242084 2548.7579232458683691 
55 6584.7984993559330178 -8338.0484583885354368 
56 1460.1649074517436020  86.6621191214688906 
57 10526.0019521072736097 2058.0155540717464646 
58 48260.9044549771060701 3583.9030818205765172 
59 1120.7324288468864779 -6960.6820034441980170 
60 242.5438832667200870 -272.5328385094477426 
61 77710.3459809768974083 3397.8394801264039415 
62 62037.6649193158737035 -52206.9571245781553444 
63 21721.0068778836466663 16502.1595133827067912 
64 555.2645116916282859 -2747.3606028878280085 
65 3014.8191659374260780  45.7605773920849757 
66 1553.1180851407323189 1726.5849802338036625 
67 18309.0648045039743010 1188.5085207338177042 
68 161.1459563199459808 1205.9840091593907800 
69 5707.4538838089001729 -389.7031963806679755 
70 120460.3309793441003421 -20027.3388550943964219 
71 390.1957361334639245 -1397.8557341460191310 
72 10178.7446752869764168 -1435.1534587660012221 
73 19551.4509919884185365 -3285.6630716458930692 
74 14996.4420029484772385 13851.5405154162017425 
75 -46.0637280442293928 534.3402608205390152 
76 1626.8651944818034281 -39.2713558366862472 
77 3502.7854423001999749 597.3517964843916843 
78 3622.7322216279153508 3492.5119516004101570 
79 531.5004914768634308 204.6717366107523901 
80 157.9552679167364602 -345.1861803070389101 
81 13859.2739491425800225  91.9789387515246233 
82 20199.6607183175437967 14025.1162218365116132 
83 1744.8031555673976527 3140.9924338183182044 
84 1391.9395829724596751 124.7069483177415208 
85 9909.5492407537476538 2227.3432445681137324 
86 504.2641095283281061 1564.5529471609602297 
87 -334.2945470167382496  34.6443969609972200 
88 123.8071581094398965 355.0839619828117861 
89 2353.3726649224336143 292.2914260141913587 
90 1050.9354292180314587 -614.2523523440499957 
91 2334.6835297113475463 464.0787332824709210 
92  94.7022050107702995 380.4784624816980454 
93  16.9548098892340064 -23.1885855916494350 
94 6737.7697562628563901 -402.4109015493372112 
95 7301.9877942729799543 -3483.8063641516091593 
96 2350.0148610992127942 -1565.2367580236295908 
97 121.9636201999429801 430.9897017433902420 
98 291.6831782722729827  38.6938373916760341 
99 174.7807973378801307 -113.9012529728549765 
100 272.5180466947783771 -36.8455190185323573 
101  29.7093973103929763 101.3025992680614422 
102 1033.8855659681510133 -124.5162143494460878 
103 2250.1505428145073893 -156.3521180595909641 
104 -239.0815952199808976 -578.5606870517621019 
105 1532.1077974398199331 -335.7487287432779226 
106 2478.5987782373094888 2032.6466726277080852 
107 685.3506577765822385 -391.3486797776467938 
108 -106.4914675308718301 -111.4052750570686356 
109 1608.9978642522694372 -27.8555902934349255 
110 150.4139282699884461 -389.5311466324970411 
111 694.0153254986654474 125.9218130060255021 
112  26.2859909419948359 -82.0873706739151032 
113 107.9895508481637734  13.4511883018833291 
114 -12.1678384111856381 -47.6684461389616487 
115 1764.2779010544156790 152.6331292565573960 
116 691.5700371561814563 -1024.1979914639555318 
117 131.5286492372464409 -190.9009227904799388 
118  14.7911915498635960   9.3860144106915158 
119 369.6257234183438527 -58.2073818967347663 
120 1497.0129058112424900 236.3243366972835418 
121 319.8829483939291549 484.3199254080116134 
122 241.7663999798201075  20.5280779816830794 
123 508.5361126701643570 337.1610980850690567 
124 309.7019763039824056  90.6551056618499302 
125 181.7223605963007458  12.2107533062307656 
126 878.2043348026936656 324.1836566811372222 
127 2067.5014969732537793 687.7187097851541466 
128  30.4349759968435620 120.8709814533734743 
129 -86.3821313760537208  39.2831999284452138 
130 -25.0609491577989694  56.0486764145989866 
131  51.4510913775084191 -28.8850526782934303 
132  30.4777944574330562 -59.6726912978020181 
133   8.7616945317317931  -0.3183761763881826 
134 2359.6903083271872674 152.7582701842397341 
135 306.2045031266549699 232.1907496946599849 
136 490.6659597847359464 -170.5274898146833209 
137 256.7828335445047401 312.6882515866009271 
138  67.3111963195316321  28.0698408235480628 
139 634.0263701582872500 -190.8048486233099368 
140 -37.8699635507469310 163.8813417239688874 
141 278.8520528757325110 -93.3868393003075425 
142 118.5652470613033245 -30.8903571535594743 
143  12.2875130166995010  35.3348942022180097 
144 2381.8408981094539740  14.0166719861080438 
145  31.2778894456212200 -178.9198944110396781 
146  99.3143938491424478 -33.4509186460347792 
147  17.2973247886617472 -35.1397290600726322 
148   7.0924217006884165  20.0420581552384220 
149  25.5657338690066389 -21.9314411816894221 
150 741.8724053036573878  79.9090244255716726 
151   6.0775687679494226  -9.6541921227447691 
152 262.2842747678624846 -36.3973081705774675 
153 105.4504259873464491 -39.4526010481895284 
154  14.5857284719041118  29.8133921633578538 
155 244.2469698094981538 -15.2664164075720663 
156  99.8573503402571134 111.1998576179527305 
157 -72.7286568033709528  32.6055352696285397 
158 -57.9101976273959522  40.8955617163479630 
159   3.3743795057722550   6.5697651920211788 
160 743.3779995437033676  44.7875711946629096 
161 126.4235328733064279 -54.4285215827421496 
162   2.2530554814423827 -19.5823474001075972 
163   9.2425780767465930  -7.7861156602087132 
164  18.9334842911066623   2.9867805755063630 
165 188.5750159118280180  27.9748142468055576 
166 106.1469267958588460 -120.1431242200190042 
167   7.9867628723419140   7.2361279270667094 
168 750.5109166258653204  -4.4234659706720700 
169   8.6849737754938516 -14.2250425202903568 
170  67.6441485924009953  30.4682587625637957 
171  52.2867928164808333  37.3689104485091264 
172 -64.8696558147874498 -28.3092206128990007 
173 -39.5808124602741387  53.3934643289185757 
174  44.5025497334614712 -11.2176907608977423 
175  62.2801585486060674  70.0213792119451313 
176  17.4880167242511959  10.6453416259132521 
177 237.1580816734897610  44.1410101653201892 
178  73.3274385219175429 -80.3127458200381596 
179  17.2978473798753996  -4.1627764947427277 
180   1.7408805919402273  -2.3188817259118775 
181  -0.3748508343438088  -0.1823432454409590 
182   3.8944283394819981   3.1672249858029620 
183 104.8391073564419429 -10.5426622769319280 
184   2.5419997328132973  -2.6253923143091118 
185 272.1602807859704853  22.8370378766228193 
186   8.9653716145537157 -25.3117060948296846 
187   2.1278578486853768  -9.0001731497790800 
188  43.1025493408710290  -1.9097939245598636 
189  35.6749334161523208  -4.8081042853423748 
190  12.1998434250373240 -16.9407690879663591 
191 -17.8223474213471995   6.5469925242779192 
192   4.1492033560822907  -7.0206079791902800 
193  44.6246826110390771   5.3717181032990649 
194  62.3873925194548420 -51.4943926658445363 
195  -9.0820340173203675   4.7500028799116247 
196   6.5868677154662230  -0.6430974996028033 
197  12.4698076767765507   7.2473853078315047 
198   0.4603493794264706   0.0174007330041076 
199   9.3404996671649023   0.8096408449602778 
200  35.4169482886203539 -11.3809980803288937 
201  64.4956381618359416   5.9136508565245833 
202  43.5281352349255428 -50.5997577218774452 
203  10.3214749678188937   0.8214188389961986 
204   1.8961919618745193   6.0529677989130928 
205 -19.6764547497242184  -6.0360742581398465 
206  -0.1868401733481092   0.2425132265852930 
207  -5.6962167614454824  -1.4440815207604800 
208  -5.7943030948894236  -4.1548629942569519 
209   8.2749538896058805   1.7776323952368809 
210  24.6289378096798686  -8.9514809442900596 
211  24.6115534539047438 -13.1950067668062374 
212   4.5993531965072325   6.6355987772701353 
213   1.1689542775605375  -0.8972597431234983 
214   4.1048623450463388  -0.8952106660539036 
215   1.6081311636171089   0.2882158327384943 
216   5.0885300328447123   0.1745922397115755 
217   8.3493723550526848  -6.8299380106365595 
218   0.5384170821113865  -0.5373439773149368 
219  25.2772150327251168   0.2586666963577197 
220  10.8424714041293679  19.6083652297641322 
221  -0.8621620336115394   9.6533923342342973 
222   1.7373022947333201  -0.0359230390760526 
223  -1.4358575062076875  -0.0101336024458815 
224   7.6083467717627791   1.7586068970392363 
225   5.3890147240597255  -7.0410550153335878 
226   3.8728148892394261   0.4903393998975422 
227   0.7125662279637246  -1.2654886737190383 
228   4.1481835651949197   0.1634430033825399 
229   2.1593004943096297   1.2464414151879863 
230  -6.3515909048851018   0.1702588290390229 
231  -2.3957617584038249   5.3749393922408011 
232   0.9522957725677834  -0.3584559357931090 
233   5.2043570402632771  -1.4373243400805507 
234  10.9417519599436961  -0.5054183078549931 
235   2.9655070525975487  -5.4797417856374224 
236   0.6181542952836073  -0.0494041209674909 
237  -2.2762507255599820  -0.2081435539748609 
238   1.5973028100992388   0.3720217813742218 
239  -1.5084114612300437  -0.3356238146817944 
240  -4.2845492297756937   7.0709256960611064 
241   4.7542127043561964   0.0690680426171026 
242   1.3882669569300008   0.0000608420929036 
243   0.2647985457125918   0.1038306411182555 
244   1.2157028433642201  -0.2495414870703414 
245   0.7581494986818799   0.5356405079880181 
246   1.4417041349418502  -0.1067283376658530 
247   3.6561765486557123   1.5964315273737570 
248   4.5904187751961070   0.2353098426462930 
249   1.6149664252805156  -0.0897319402586898 
250   0.7839117421943190   0.0000003976332510 
251   0.7959814396205650  -0.6130515418243705 
252   3.9992657029232648  -0.2941994110201807 
253   1.0312535349642593   1.3520469083518138 
254   4.4645729868833275   0.6050585299642552 
255   0.6996855877623874   0.0634512876887725 
256   1.5469848012253895   0.2384914182271610 
257   1.6085279320687311  -0.0033734879758168 
258   1.3977741625819355  -0.0000097539259312 
259   4.7328930168758214   0.0735981106775078 
260   0.6610178728584020   0.3161131091205495 
261   1.6122651005246553   0.0014846722367777 
262   1.5323167645998157  -0.0000038347652745 
263   4.6227872941438379  -0.6626797867788470 
264   0.6365788590303074  -0.0005206895279783 
265   1.6122672338715183   0.0003241249533678 
266   1.6122673419058853   0.0000000000079438 
267   1.6122673412682866   0.0000000000870048 
