2053
 0   -67.69569969645619                    0 
 1     -5.4908507564044    1.082230890222043 
 2  -0.2618122516993366      1.2635861485581 
 3   -2.102500455918393  -0.7299963831027464 
 4   -57.64111154202479    -8.01759783199369 
 5   -27.87994782418727   -18.94839640180128 
 6   -1.615724538856839    4.832091949399628 
 7  -0.2632943476825238   0.7753715461994092 
 8   -51.58883197176386    2.223226459292779 
 9   -23.25053215166491    26.39055699276199 
 10   -16.25932869005129   -7.431479277195984 
 11   -2.821739771184999     4.55980863336695 
 12   -2.897395334080714    1.663285105106635 
 13   -59.64666476686754   -4.369157729835931 
 14   -9.119532524534753   -21.32191404460563 
 15    -17.8840445961641   -2.378269911569726 
 16   -2.920862360125053    6.155265316264612 
 17    -20.5979230760732   -1.317052969250733 
 18   -51.69998155903789   -23.12281552043191 
 19   -10.52935144305683   -16.32086070195841 
 20   -9.132841836923259   -1.902211441974762 
 21    -3.35475948007941   -3.711624616375795 
 22   -8.731732931847549    2.887357789843592 
 23   -36.56771628364129   -9.001212858594791 
 24   -45.12069876364323   -25.48766533735942 
 25   -2.035876093833627    7.144906108890143 
 26   -1.159583963089934    1.199346146322678 
 27   -21.99425994134967    1.952182172274802 
 28   -47.49462526350709   -30.02751025359967 
 29   -13.65004582304651   -5.004758606386497 
 30   -7.368356682588478   -9.231142312930162 
 31   -8.463919297865505   0.9598626710887429 
 32   -24.15893797095993   -5.730581873640182 
 33   -45.96128558443854   -30.55354776856343 
 34   -5.304459314190259     1.68343655395707 
 35   -15.35723875221646    -7.68648692353793 
 36   -5.355018811799619     3.96052366244409 
 37   -36.04443897878576    -2.32075656810333 
 38   -32.78345388216131    33.20322488473506 
 39   -3.245742153929339     1.30138675994201 
 40   -7.882071616108203    4.902118040837204 
 41   -18.05483857705283   -2.562193946424796 
 42   -49.64936761571968    18.18329816077952 
 43   -22.15547648009809   -22.75133971952598 
 44    -1.61687589564469    2.976296107084534 
 45     -0.9204775573654  -0.9392706832396623 
 46   -54.28020962990121     4.09768404380909 
 47   -19.95690726158436   -24.86424560340106 
 48   -14.54611590215994   -6.767956708170217 
 49   -6.694956943367593   -6.326519260568165 
 50   -8.212970542482896    4.059396891422548 
 51   -35.50422185544356   -3.581260106925396 
 52   -32.82214270731976   -33.40754320138341 
 53   -3.112173404191033   0.7953150374222387 
 54   -17.34690614639489    6.886766204846949 
 55   -7.465767734956295    2.245734136360424 
 56   -61.02347096732134   -19.50645412216803 
 57   -4.193957903314445   -4.817235594218356 
 58   -8.021493210323733     3.46598200103174 
 59   -6.959117365330999    3.738565153643139 
 60   -25.54347749277213    7.669422353450193 
 61   -56.30886010172313    20.38787779465751 
 62   -4.600384579265509   -9.110306031195972 
 63    -2.77600506115393   -2.875527093415447 
 64   -7.150723658761247  -0.7774160755636924 
 65   -55.11858826056347    16.82351564518389 
 66   -25.77372114624819    18.20344426617182 
 67  -0.6895571507860732     2.97227169470167 
 68  -0.9629183422159313  -0.7971621090056862 
 69   -59.76071306182123   -4.103290659688745 
 70   -16.70358116721551   -19.55292944019715 
 71   -13.71454411426012    8.587997364669995 
 72   -2.641588711201998   -4.165103837076924 
 73   -3.339584741543529   -1.631495859659601 
 74   -51.35924601439726    2.870744998284619 
 75   -17.28249608927484   -28.56334677862086 
 76   -18.33716385265473   -2.753573359862014 
 77   -2.019351249789515     5.61708479752712 
 78   -1.222023028449328  -0.8566556652938823 
 79   -66.30323521404109   -6.767109296766646 
 80   -3.599934223305625     6.78916867421986 
 81   -13.48542208103057    4.798796741478094 
 82   -9.055806888812313    7.878191331886876 
 83   -19.20042089123322   -1.755957754030754 
 84   -49.78387665522221    29.37790896891238 
 85   -2.721746025352832     -2.8206336242755 
 86   -8.828712528391057   -1.628315672999374 
 87   -12.65569529893765     9.80051964741434 
 88   -64.40505938491751   -6.434543133929093 
 89    -3.26895572285782   -12.78739072769251 
 90   -1.877792031169133   0.5660048746786446 
 91   -15.27880415830626    4.139521571904007 
 92   -27.70314902986495   -8.854933190232199 
 93   -47.96274216283561    27.40876048153617 
 94   -1.359805151319081   -4.040913106527622 
 95   -1.235249875285266    0.667374590869078 
 96   -48.67360978621657   -3.201352048900054 
 97   -26.67516694892653   -27.14473604382723 
 98   -14.29771403725836    10.40110964748421 
 99   -1.338362433910624    2.753650187773907 
 100   -9.706888391191239  -0.6419223472494319 
 101    -58.7398847995743   -22.18304453613351 
 102   -8.960177930939137    5.338218670613259 
 103   -14.64397545060435    7.316818171169387 
 104   -2.322893468378547    4.476224225369243 
 105   -20.73077967529257   -0.840002040155024 
 106   -47.45899364525597    30.80520361375809 
 107   -11.32815478466387    -1.70358360411843 
 108   -9.679352422927572    9.672320488457739 
 109   -2.709017068224428    2.109755980391732 
 110   -58.27410271084356    3.294249650768876 
 111   -10.58184722575908   -23.01267270385393 
 112   -6.726918848959553   -1.431654345877814 
 113   -15.52345175797298     6.15888386998722 
 114   -5.333682744714076   -5.887666671746442 
 115   -65.44551041150656    10.31721427271747 
 116   -1.022690402456351    6.032105517603492 
 117   -3.819605607081216  -0.5154900009606634 
 118   -19.06976893761641   -7.624255885550672 
 119   -63.64851467431933    10.58523801156336 
 120   -2.606034822800403   -10.58359091047813 
 121    -3.42141915202891    1.448843405588487 
 122   -5.494696448307815   -2.002811647422743 
 123   -55.68191279511854   -11.06592749443261 
 124   -25.52750368113978    20.36853773157912 
 125    -6.50068415204441    -7.65905620268552 
 126  -0.8293824072816112    1.794880238117337 
 127   -8.234196241418157  -0.5852944256533763 
 128   -59.55679895946528    21.40988543256766 
 129   -18.24395128680519   -4.692006118149543 
 130   -2.753658459942192   -6.449343569918938 
 131   -3.687990347509818   -1.266977526944681 
 132    -38.5839712739082    3.669845566311431 
 133   -31.55236843179013    32.31520081890091 
 134   -12.14794978407318    1.775649707379143 
 135   -8.770264235750446    9.624331455405814 
 136   -6.880458329028444    1.749487715842317 
 137   -63.04929010153884    16.01193834980493 
 138   -1.234296125314327    5.462725935467978 
 139   -15.49441290149228   -1.139706063002432 
 140   -5.353557092496711   -8.514018048725772 
 141   -61.55073806143427     3.71520069558439 
 142   -8.466088447887479   -18.74093371678997 
 143   -3.531032241296053    2.677338055953944 
 144    -9.15606115647264    -1.30649509693545 
 145   -13.36081709672906   -10.08281518511859 
 146   -65.20202389132156   -10.15574452936933 
 147   -1.289455489597933   -6.067542177350339 
 148   -2.772545793119253   -1.391573654794274 
 149   -15.10171461099673    1.635550174499727 
 150   -47.25895327334091    -18.6094525603182 
 151    -26.2004268716118     23.9809399021484 
 152   -1.564378104106574    1.800355873606884 
 153   -4.599642926924396    2.013527110305635 
 154   -55.35536202280107   -3.410751639497487 
 155    -14.2712103376924   -25.33262830998447 
 156   -18.63657542430096   -6.047878112850849 
 157   -0.287243521663135   -1.824394493293007 
 158   -27.70951148823027   0.9884847485889615 
 159   -41.45677753437168   -32.28353064642494 
 160   -10.82799662555034      3.3049256165353 
 161   -11.65898526500161    8.952296219285119 
 162   -1.711318757322513   -1.817561116741501 
 163    -60.1740797430374     4.61827810335457 
 164    -11.2609875806944   -20.17051982294205 
 165   -2.734187321841608   -2.468440859370438 
 166   -18.69866424733639   -5.005183848865592 
 167   -5.097153567736768    2.036468266809286 
 168   -62.94875160914562   -17.07911509662889 
 169    -0.60697925291365    2.643888543150084 
 170   -10.01101385168314    1.190727683146389 
 171   -13.14510238508696   -9.325370156964565 
 172   -60.94445381324365    9.316165523954238 
 173   -8.748612646446837    17.39535313000112 
 174   -2.737800893011528   -1.688546134918725 
 175   -2.258969651155872    2.362425556807536 
 176    -44.4663628821469    -2.88368646986888 
 177   -38.37387750202004   -25.20803079439499 
 178    -5.37443570569457   -10.77165198318705 
 179  -0.3783918860405822  -0.7189954776341211 
 180   -25.45514371019806   -1.105275341882762 
 181   -43.57651743595755    30.32864222213827 
 182    -19.0555556287542    10.70906280916729 
 183   -4.963455299052237   -2.847960809288937 
 184   -1.343584167466192    2.078725377020909 
 185   -49.40895203381858     2.44121518569506 
 186   -21.07507675686294    29.04131311616492 
 187    -15.8983112251566   -4.175128324574378 
 188    -5.27185699475924   -7.565140911261457 
 189   -5.932013155592832  -0.8400778789527159 
 190   -62.40254942296356   -17.93491271510452 
 191  -0.5163661271322382    2.677018250070797 
 192     -18.752310350596    2.723664533751979 
 193   -4.373519728256765   -4.424089176607311 
 194   -55.54491472603903   -6.446893005267867 
 195   -14.87921716911481    24.65747594220905 
 196  -0.7979871392948572   -1.116442022494687 
 197   -15.59459079240226   -2.100133112720297 
 198   -14.46138333649498   -8.673420172121144 
 199   -58.94046516566086    20.82264533640683 
 200    -2.76937193686229    5.134438095024191 
 201  -0.3050838418833541  -0.8151351722143266 
 202   -23.67261163990442   -1.947214278099812 
 203   -52.37447274357292    18.38836731778213 
 204   -13.26770994463703    20.39116253778171 
 205   -4.344026800155192   -2.921675065907099 
 206  -0.9987053546506379    1.059149502007165 
 207   -48.49522742729623   -3.250141616138028 
 208   -32.67983049476634   -25.05730783975946 
 209    -6.87278819230778    11.30689523635249 
 210   -2.139699713700802   0.8483457288607995 
 211   -13.06799402942069    1.926734143631985 
 212   -56.18913981109563     -24.835059360839 
 213   -14.39418063769682   -3.450105946744377 
 214   -6.748046668530927    8.947955702176381 
 215   -4.761522015167539   -2.299657175016241 
 216   -56.38832722131469    3.689820701425925 
 217    -12.3912534666749   -24.78890229479012 
 218   -9.013252154896142    1.019146626616185 
 219   -11.44493074011342    9.993764330825252 
 220   -8.194107206323523    1.023614574931221 
 221   -59.87909052282081    -21.3468635738226 
 222   -3.385692964740945   -3.374023217273187 
 223   -11.60285896581358    1.926049356407086 
 224   -9.547652216396102   -9.428290960098854 
 225   -17.69854330796868   -2.776913646560256 
 226   -53.97322285844041    25.94411888022309 
 227   -1.660111854190397     4.05616119310324 
 228   -2.978514372398458  -0.7671209278279525 
 229   -19.24755670022712    6.795128581652366 
 230   -63.81839761389999    9.030060482043888 
 231   -2.438401233951646   -11.95378706532355 
 232   -2.728880705914519   0.5862303275180093 
 233   -11.32314936868971   -3.214731347629002 
 234   -35.93271594647901   -11.25535754101039 
 235    -42.8881653618689    26.91588662959752 
 236   -2.347507412209294    4.390104432893874 
 237   -2.506377610311213   -1.698703527323971 
 238   -12.99043138912697    1.248981203973731 
 239   -54.31252618209929   -23.90238524599173 
 240   -21.26932956116798   -11.71721031225694 
 241  -0.2024822084910927    2.389960314304968 
 242   -2.886143966306825  -0.5956077087693251 
 243   -60.09358594921517    7.558936592608485 
 244   -11.34496288382568    19.44589314161248 
 245   -17.25023418254505   -3.717974503586689 
 246    -3.03624144328066   -6.306597089659101 
 247   -3.112730907658189   0.9324076844825562 
 248   -64.67411481706878   -11.57867548875011 
 249   -3.925507220999969    -7.84090453634111 
 250   -16.05119440097445   -2.008289737611738 
 251   -4.206947416968203    -8.07485944295882 
 252   -19.23494237209006  -0.9313566332019309 
 253   -49.92085177081492     29.1043966298438 
 254    -4.41525015426517    4.490708981051747 
 255   -6.892957938855762   -1.401141048290512 
 256    -14.4253574313119   -8.999312280715161 
 257   -58.54170318986713    3.764496087826251 
 258   -9.198607802459531   -22.81955735948017 
 259   -2.355073593231877   0.7592189189288476 
 260   -6.985391384983553   -2.061908912584026 
 261   -17.70043727737542   -8.818866988089008 
 262   -63.52557312377852    12.43528328628906 
 263   -2.172526137360552    8.157430069710347 
 264   -4.388114543681167    1.938906532258212 
 265   -2.556353950614342    1.616315078464352 
 266   -61.85003062676789    8.315596132433157 
 267   -22.32577238115967    14.64574065488792 
 268   -2.592913120937009    6.952714644282158 
 269  -0.5421170075807229   0.5787674686992815 
 270    -21.0759419539994    -1.38555786090322 
 271   -49.56626240298137   -26.00844830099569 
 272   -19.22207703979035    13.24574062470865 
 273   -2.133611578786375    4.001348612137795 
 274   -3.784902708281935     1.59851448305211 
 275   -35.07735039986434   -3.142150029199767 
 276   -34.74770503730797   -32.64615055497262 
 277   -17.36377269831483     2.80911709861947 
 278   -3.182705620309163    6.955114895320982 
 279   -1.268386007905112   0.6528974129649301 
 280    -66.0508751526915   -8.953063170253028 
 281   -7.838706057439639    5.177324016645021 
 282   -13.89431937425442   -8.618566796200749 
 283   -4.449423500725013    3.402988097023853 
 284   -12.16168260232453    2.061812769476147 
 285   -56.84497561865349   -24.35146707186911 
 286    -3.71673770665872    3.412052892009644 
 287   -17.27946221151606    3.948555943846191 
 288   -3.115155122748513   -6.052624240958004 
 289   -41.06284639566953  -0.9450984253051994 
 290   -26.57463019388042    33.09699704926481 
 291   -8.538557219057708    -1.07333891285898 
 292   -12.85093476994243    -8.99293204799795 
 293   -6.491730691198178   -3.121957379125901 
 294   -64.41581128554201     10.3658076181405 
 295    -2.42890601064448   -10.02556256415675 
 296   -2.085464829319566   0.9012720242408724 
 297   -17.08333220667417    4.410167535992856 
 298    -10.7772674668658    6.190964202313146 
 299   -61.62370161622954   -18.29855037859831 
 300  -0.3469068990891302   -2.973935399538038 
 301   -1.622087714239015  -0.7475416666908702 
 302   -25.35379982771794    3.995397625689562 
 303   -52.75601732301749    20.58095511765949 
 304   -13.25951512176294   -16.32661871379554 
 305   -1.734615219535788   -2.590484481108335 
 306  -0.6995738875417312  -0.7433886370212629 
 307   -62.78238489852353   -5.854899603564546 
 308   -16.87934762019324   -14.77683415015169 
 309   -10.16247539806067    9.131748729051436 
 310   -1.396186868827003    2.106524807956139 
 311   -27.83541172964592  -0.9828211804004443 
 312   -40.68852735256672    32.67742576507338 
 313    -10.4656926794892    3.687037097610977 
 314   -13.42890376763448   -7.851998436897401 
 315   -2.267713098670791   -3.250405296061206 
 316   -22.06410002381716  -0.7246400889953432 
 317   -45.62933561535792   -31.68425392575824 
 318   -15.18615393545181   -2.160888447569078 
 319   -5.924600280553507   -8.554459089712068 
 320   -3.058809933371829   -1.589603995455188 
 321   -62.70546830210256   -4.272558069908133 
 322   -5.881341055209593    17.08769712948775 
 323   -9.603927407697308    2.039057088184134 
 324    -13.0540056730751   -8.176050945813122 
 325   -3.829782524900797    4.014356984433607 
 326    -66.3028464999073   -5.830727017869983 
 327   -1.136121764356462   -7.642810515158438 
 328   -3.567683624694652   0.6656034303198557 
 329    -16.7913728382011    7.615400648308126 
 330   -31.92559072645966   -2.090085648478412 
 331   -37.44859468647276   -32.82577065338326 
 332   -3.138139866229135     2.36778059854777 
 333   -3.380072733350986   -1.837423492333097 
 334   -17.59185037830881     4.67786250460894 
 335   -46.92201335827725   -13.17545214161502 
 336   -25.18173612926911   -27.11856647111513 
 337  -0.6861149155838646    1.578307759731169 
 338  -0.4675809476657242   0.4858165925704796 
 339   -56.60606732590715    4.811684061434674 
 340   -27.42792074478186    20.55302326552642 
 341   -4.365148194737784    8.159065706599289 
 342    -3.62288908873328   -1.119689659743222 
 343    -3.01640608742883     2.49390494434322 
 344   -64.37580913390315    -7.19856970265685 
 345   -10.00005713372927    -11.9470394641675 
 346   -13.94379756441922    8.821587996358168 
 347   -2.650356755183669   -3.182616323473647 
 348   -8.134878950603262  -0.5660868340036871 
 349   -59.67256252503267   -21.68984735030723 
 350   -8.089960907070122    2.917008946848503 
 351   -12.85030868925048    9.486156449525009 
 352   -4.136661511623391    1.781261769154475 
 353   -43.93606221030206    4.062402369562004 
 354   -25.75134075001803   -31.41061771961796 
 355   -1.594042869966371  -0.9403142133055391 
 356   -17.96747568477469   -4.998723558069005 
 357   -3.903062654906815   -4.099788487703942 
 358   -44.07168253357538    -2.10521806334904 
 359   -24.50882363762122   -31.90916639710716 
 360   -3.307932630201459   0.9689193985942774 
 361   -17.05527025448188    6.957679439720673 
 362    -7.00228559639199    2.775773510371623 
 363   -62.08584492661266   -15.28735869189651 
 364   -5.075973441785806    10.53116583509579 
 365  -0.5483423881601661  -0.6527112750901516 
 366   -18.80800766935172      3.2487472808062 
 367   -11.41388789876497   -4.686076955196254 
 368   -58.27333851317088    22.60355478758099 
 369   -2.737062802926113     4.36698428617486 
 370   -1.125274712317484   0.9213687299350978 
 371   -18.45201551422831    2.236602277878957 
 372   -48.02827093596537    15.80669033158347 
 373   -22.94398365422104   -25.50414736605202 
 374   -4.075025273840246   -3.948828650268016 
 375  -0.4025987019798317  -0.6776030490138983 
 376   -46.78202691998671    1.710368606212809 
 377   -29.67251911207025    27.12561688161524 
 378   -11.64122023238668    12.57046703311946 
 379   -1.510077257924801    1.166245118145953 
 380   -4.228194629209925   -1.436327226004486 
 381   -64.13487233648955    8.647244460222563 
 382   -6.788728386928805   -12.01764732699639 
 383   -15.60772763985913   -6.483841404204449 
 384   -5.589182167507923    5.666957996092444 
 385   -1.230856793591829    1.146383807501899 
 386   -66.64276296069127    6.857083365303315 
 387    -2.48400182690504   -4.856734832633157 
 388   -18.02005237473138    6.033568135122938 
 389   -1.192929800305224   -2.521070640399813 
 390   -61.61419290095348    2.740389521852772 
 391   -9.152518292934296    18.70947973735125 
 392   -3.067898976603385   -2.578928368363646 
 393   -16.58564695753574    3.347830295723371 
 394   -5.612000424902924   -6.704796868793417 
 395   -30.69879143881643   -2.808975827026361 
 396   -38.38026645973336   -32.89036400939115 
 397  -0.8587979413067579  -0.7259929987762298 
 398   -18.04350435776152   -2.627557642024424 
 399   -2.569025785834291    5.924665952387123 
 400   -65.39780808396809    4.411540531360322 
 401   -4.150106916346225    11.31298110814727 
 402   -3.984013800171857    2.533348796637998 
 403   -15.55318300409358    1.835659523579767 
 404   -5.962394091709172   -8.336556501490936 
 405   -62.86653988325314    7.057647755597253 
 406   -6.801292998950837    15.65329928909259 
 407   -0.905651098589942    1.082123285816411 
 408   -8.513366099861862   -0.882507480599335 
 409   -12.40030969055372    9.759814479442227 
 410   -59.17866196163619    3.663946191052968 
 411   -9.711758595000095    21.90636321651016 
 412   -4.472550616522016    2.425003672690897 
 413   -4.027315088255233  -0.8529041627902153 
 414    -28.6217170196385    8.711432790766715 
 415   -54.63893470922883    21.75396922084025 
 416   -2.997290200399815    6.182983984484151 
 417   -1.771807802537948   -1.661127359649845 
 418   -2.306801790328146   0.7966517623743876 
 419   -63.93122698323829    9.546895296965078 
 420   -18.11020847109052    10.76384477116079 
 421   -4.844630243300287   -8.390109015037186 
 422   -4.984539092040258    1.848238859245338 
 423  -0.8467370232924498   -1.266517448568141 
 424   -59.68429761970513    3.229818415234057 
 425   -19.65155427450694   -19.06754514886907 
 426   -8.866117267570051   -10.54825325214834 
 427   -2.074286891304417   -1.407394415507581 
 428   -2.300987942294548   -1.529637590736671 
 429   -62.61237610313409     4.06781390738451 
 430   -13.93351532044534    15.86820012757562 
 431   -11.43507093559284    -10.2082687115274 
 432   -4.837662321472132    2.410116105393646 
 433  -0.9510349616602521    1.738929696116027 
 434   -55.04330190001374   -1.288031396869017 
 435     -16.004156312064   -25.24214804287256 
 436   -17.13301417225497    8.188136911067668 
 437  -0.8290433530744837    2.164646313428954 
 438   -2.804386306705145  -0.8841756583499848 
 439   -27.59214675909902    2.395113931551645 
 440   -42.75037558994268    29.99188870990726 
 441   -18.34406545331913   -11.08052714609659 
 442   -4.267158672158224    3.358978027688646 
 443   -1.614667679840737    2.531450784854159 
 444   -2.695993732736022   0.5229262013704162 
 445   -55.32746232555202    9.147849248519679 
 446   -29.43668501048653   -20.49988276772277 
 447   -1.500364210961216    5.265606511287626 
 448   -1.613137558561979   0.6736678474790965 
 449   -4.914842548698308   -2.195587580937052 
 450   -53.93918494209672   -6.034278942847182 
 451   -28.19699534013289    22.44646826558266 
 452   -6.756382423175741    9.006418022584091 
 453   -2.024960511997617    2.479674345286937 
 454   -1.004212464661292   0.7514843617332003 
 455   -34.54153612324856    -2.25546969068255 
 456   -47.13990393136912    24.11577696305469 
 457   -6.591819834152751   -13.54737948363405 
 458   -1.188247650824557  -0.8850412498636387 
 459    -4.55232255210711    2.225827359280105 
 460    -12.7059345382597    1.393112689061908 
 461   -9.946669494119115    9.609488595154659 
 462   -63.86231720596139   -9.974658614363715 
 463   -4.626216932378686    11.44869845681315 
 464  -0.9763124713491251    1.455544852016818 
 465    -3.01124343465086  -0.6895486767797173 
 466   -17.86034617835753   -6.275463178677143 
 467   -5.293626832569385    2.054274711921195 
 468   -62.38846288354063   -17.25162207542384 
 469   -5.438993752106756   -5.861250468452645 
 470   -1.533929983159049    1.420943753997853 
 471   -18.95898027395435    3.776641224589818 
 472   -1.268487789556113   -3.410939983407746 
 473   -2.668422416500137    1.255620059067095 
 474    -63.0142272046004     6.15653671883783 
 475   -6.217247791202817    15.89377654988537 
 476   -18.79790959749433   -2.695941141399912 
 477   -1.804784382542668   -4.629901896776682 
 478   -4.591059003327508   -1.950248140410168 
 479  -0.9049794016905324    1.531114845157231 
 480   -56.15848109059608     2.67272897909684 
 481   -25.59512075304106    21.51758700695664 
 482   -6.658619459166943    10.12738077214202 
 483  -0.6196401089049318   -1.034133210481828 
 484    -3.27174829425205   -1.140627212251446 
 485   -15.17177209259261    2.452544537783828 
 486   -24.95704911498968    10.30044631174732 
 487   -48.50326276576848    -27.8220010905699 
 488   -4.604982221042662   -3.631188045960206 
 489  -0.8122226691075802   -1.913618007180709 
 490   -10.58543596677936   0.8483657850353943 
 491   -10.55315191202645   -9.752781190237799 
 492   -50.31661016343975   -1.898778503862481 
 493    -17.4730777799421    29.50764070287805 
 494   -1.778472525116036   0.7601987216702742 
 495   -12.49520280978666   -2.970674438960337 
 496   -10.86316970084791     8.25310362628862 
 497   -2.963183206600262     1.96166128477931 
 498   -1.883858057491551    2.220565255309368 
 499   -62.89385561609178   -3.325029450084625 
 500   -6.125821679838521   -16.88795385418958 
 501   -19.14062880261014   -3.763376476543277 
 502  -0.8522465410017472   -3.152023501237998 
 503  -0.4029185265294188  -0.6385752335124429 
 504   -7.859326928625101    1.592425350926541 
 505   -16.31568494243661   -6.439641237716924 
 506   -27.07923237388383    4.961194343895929 
 507   -42.69475825199311   -31.63987179993578 
 508   -2.362737901275581   -2.379086131714496 
 509   -1.431012560677382    1.606881282180727 
 510   -15.69291945417185   -1.500179494099652 
 511   -5.119553910620606   -8.292634803863637 
 512 -0.06401131771426985   0.5613619532069598 
 513   -5.141774895444861    1.249445158583735 
 514    -14.1895324610285   -3.779470804666122 
 515   -6.940486768774523    8.334669540738393 
 516   -1.182022225794796    0.961125237727577 
 517   -2.225481774629726   -1.501035999609552 
 518   -6.246241226809589   -1.629825043069537 
 519   -15.04047627443484    8.562426397767517 
 520  -0.2033882718214161  -0.8168269563606176 
 521   -2.109845210918042   0.7826159239728228 
 522   -10.10215439344913     -3.2143952743618 
 523   -13.58417972740411    7.951107691204717 
 524    -1.23180516014443   -2.006351096235901 
 525  -0.5962874985016429  -0.6673736223996295 
 526   -11.94573189381173   -2.111180885818999 
 527   -10.90854944797818   -8.717489501498564 
 528  -0.7830231249125971    1.495879378336115 
 529   -1.480886160483548    0.635423165875165 
 530   -12.28097025410492    3.178189053042375 
 531   -11.36308652156892    8.047267705961136 
 532   -1.736748958236949    2.578465072193046 
 533  -0.1995284684759788   0.5146613129303274 
 534    -14.1743705810926    -1.28493177501978 
 535   -6.862240747732383   -8.982611188456168 
 536    -2.91674419785517    1.820994993972044 
 537   -2.170249911864191    -1.02417316661697 
 538   -5.699013278403911    2.511264909491906 
 539   -16.80209317126076    5.756528326677262 
 540   -2.172628907030882   -4.692828595291693 
 541   -0.387839681797991  -0.5391918647523852 
 542   -8.177448298944945   0.6668511772350345 
 543   -12.09361170560085    9.914930915125717 
 544   -3.384274954317108    1.528803238439939 
 545   -2.868815347436308     2.21579416796632 
 546   -5.477294878419028    1.564106060271559 
 547   -16.17982612377831   -6.793441902633752 
 548   -2.473542339514214    4.260931942938505 
 549  -0.4381016301647682  -0.8620000519643616 
 550   -6.481204783668292  -0.4475004233793918 
 551   -13.89500873686938    9.334224080281061 
 552   -2.050253116303447    1.624291611310132 
 553   -3.974172324936662    2.322694435129372 
 554   -1.820621804041635   -1.170575784674214 
 555   -17.45175007735513    3.524672074521705 
 556   -4.670772259508714   -5.853153030244985 
 557  -0.6623246222580274    1.673643226174661 
 558   -1.842666189189603    0.457994252097741 
 559   -18.57019218232296    5.121525198233454 
 560  -0.9839134623338393   -2.575745592365393 
 561   -4.009547570481182   -1.466648380807953 
 562   -2.265724437487839    2.288014042349672 
 563   -19.00194656044617    2.758107036249327 
 564   -1.948572158988635   -4.058636617177795 
 565    -2.32866129698343    1.802449452954509 
 566   -1.007180483456279  -0.9911701995489572 
 567   -19.17299377360207    2.907997917442322 
 568   -1.661870180975031    3.662802570562506 
 569   -3.866723645403147    1.581838045799869 
 570   -1.666614224774408    2.392589188584154 
 571   -13.00615990448557   0.7559441311822281 
 572   -7.619866388056801    -9.60852969202416 
 573   -1.647843267993256    -1.00040690764278 
 574    -1.89422136416096    1.846803483684196 
 575   -11.22567110863537   -1.146589547482358 
 576   -10.14077560602658    9.518204499316193 
 577   -3.829169027546252   -1.629034618308735 
 578   -1.725707028994391   -2.598461738367242 
 579   -3.967564329606758   0.7042890329306227 
 580   -16.62297544381363   -7.740922903335455 
 581  -0.4302997127411967   0.9518188522030773 
 582   -2.084824344990978   -1.190000448193163 
 583   -10.35049374425969   -2.153527511515998 
 584   -11.83856121788185    9.024300670716336 
 585   -2.617944116548052     1.50799884553656 
 586   -3.212654047863427     2.59939273031213 
 587  -0.7766680734886837    1.042983181311159 
 588   -19.48268196544886    3.325909459000349 
 589  -0.8002850186554182   -2.345482299285033 
 590  -0.6828523775563718  -0.7994946188562497 
 591   -8.698541955768556   -1.511930998605097 
 592    -13.8111692837926    8.159640754632886 
 593   -3.165484754106953   -3.554783110877214 
 594   -3.598789437502888    1.658373013778368 
 595  -0.3478204912970009   -1.391765313501565 
 596   -16.60932100094792   -1.309974066464551 
 597   -4.269241016165324    7.641449614979538 
 598  -0.5455557731492444  -0.7011771929048503 
 599   -2.884864582986483   0.8726837811899568 
 600   -15.45354487742323   -5.245236996730575 
 601   -7.308773011441359   -6.539411527674361 
 602   -2.462344204878949   -1.230520316513024 
 603   -1.691853979002291   -1.888710571572357 
 604    -12.0202629669181    1.366815133866312 
 605   -8.686190028235449   -9.767179616804539 
 606  -0.7706901349594657  -0.8549539378491093 
 607    -1.46354112446651  -0.6121246136328751 
 608   -9.063810570113199   -3.061624260794088 
 609   -14.85567795099643   -7.515656282556191 
 610    -1.37081888709538   -2.092870796877948 
 611   -2.716918062871053    1.323304556688909 
 612   -3.000142761323952    1.319585910850246 
 613   -17.67212622615826    6.359370897202091 
 614   -0.914072514861777    2.470565979554584 
 615   -1.204471462734004   0.4510464561645661 
 616   -8.161897317514882   -2.489000557593549 
 617   -15.71368794231155   -6.887557158150877 
 618    -1.20002428574956    3.436448127095099 
 619   -2.054116564167746   0.6629832854139417 
 620    -5.90001800103553    1.753754147605272 
 621   -15.88876692090827   -7.637348918380598 
 622  -0.9108470167509819   -2.638853826734653 
 623   -1.285325424483687   0.5930317402296389 
 624   -7.025100535557721    2.203876263196994 
 625   -17.09616350675057    5.774714587527668 
 626  -0.9702902277502017    3.631664227208292 
 627  -0.9364964584491269   0.7156623510808297 
 628   -6.760662505403237   0.8693335152923439 
 629   -14.56032512775031    8.347184917037413 
 630   -2.542188555098335   -3.331832464074797 
 631  -0.9714533225950213   -1.000166624412406 
 632   -5.213885982392403   -1.833255655918573 
 633   -17.08728816587023    -2.48515910170376 
 634   -3.177154063322984    6.960469713517727 
 635  -0.5069443544678953   0.8902291017033241 
 636   -1.645441679933036   0.6138957412182352 
 637   -18.51894687028744    4.196537694890833 
 638   -3.456233927709817    3.817736590964161 
 639   -1.238374906489401    1.886880517836412 
 640   -4.566902057847932    1.485209356302853 
 641   -2.164233362720306    1.656089927280709 
 642    -18.7778056432858   -4.473505924073475 
 643  -0.8598182636440064   -2.931530028667797 
 644  -0.3630698190062494   0.7712033334548734 
 645   -16.12324078771045    -0.91920026347615 
 646   -5.075406721680475    7.915912194551474 
 647   -3.119286205358626    1.972958509596992 
 648   -2.621945487153784   -1.653518205502108 
 649   -3.867282503237134    2.295905978624522 
 650   -18.57420400646076   -4.030556481116328 
 651   -1.588519897284145   -3.771374012776593 
 652 -0.05599197386842913   0.7947130551364483 
 653   -9.445614505222714  -0.5631259359072459 
 654   -11.29443153582509    -9.86079601061239 
 655   -3.175619913418481    1.294903489819163 
 656   -2.432770983040213    2.532674604185812 
 657   -3.002804226353701    1.503148494131082 
 658    -16.4698179621782   -3.748813801493645 
 659   -5.248037295521012   -6.773016447179765 
 660 -0.09877534119216991   0.8384024039854102 
 661  -0.7424619183889347   -0.614704803099982 
 662   -19.27880218650324    3.192932531808951 
 663   -2.521576621601263    3.045329856247568 
 664   -3.673994127268933    2.430377307857176 
 665   -1.213682702597786   -1.563762105211105 
 666   -15.81682558053082     -2.0555786097249 
 667   -6.804914311592739    7.578940262307706 
 668    -1.24207563954815    1.769748504733497 
 669  -0.3171706183709615  -0.6390220823683445 
 670   -19.24182121941758    2.761655785388496 
 671   -1.901554215080695    3.610566451941782 
 672   -4.303590052302714   -1.632878902785181 
 673   -1.138557606640211   -2.032511039091846 
 674   -13.70995223998542   -1.319766323581467 
 675   -7.123162851767503   -9.255578841533239 
 676   -3.053177496298713   -1.265625018319423 
 677  -0.2523435517323467    -1.18548616534268 
 678   -13.56932925289989   -1.067821735823368 
 679   -7.292241610556091    9.316103255635289 
 680   -3.976340679074276      1.2383495333637 
 681   -2.140193552450302   -2.388623855501359 
 682   -6.323576449104886   -1.090951093295255 
 683   -14.06401044559711     9.32241904260532 
 684   -1.575680214862403   0.8591402925813926 
 685   -2.243682796016412    1.670994902537547 
 686   -2.860975112215607   0.9916815031530897 
 687   -17.51312469433476   -6.543424100750078 
 688   -2.548554929554185    2.538521939316848 
 689   -4.065825861155953   -2.317719140509779 
 690  -0.7510405418705044   0.9234254031477568 
 691   -19.11682723239169   -3.671871575834205 
 692  -0.8839086551336507    3.197590780260265 
 693   -2.634706373360866    0.788647795180771 
 694   -3.366063633928125   -1.655793787511696 
 695   -17.51560410625413    -6.13562924052251 
 696   -2.198283840979168    -3.20916948841405 
 697   -4.389154487965164    2.088643677606959 
 698  -0.5839228290092988   -1.123415906987442 
 699   -8.154448490699227  -0.7238738502140466 
 700   -12.05646895285593    10.00979069526253 
 701   -1.183079975960798   0.8376741522495115 
 702   -2.630510603819981    1.157205602901109 
 703   -4.370749332418463   -1.858832971486012 
 704   -16.45126006585303    6.692338443653852 
 705   -4.798760061272806   -3.992610097659979 
 706   -1.460302575516661     2.10256709890943 
 707   -1.961373024893062  -0.4474013817933067 
 708   -18.08001311991394   -6.093395111933321 
 709  -0.8781806183048527    2.128926741375452 
 710   -1.451707917681329  -0.6950432521124779 
 711   -8.425754990020518    -1.95092177179861 
 712    -14.2087633736749   -8.123826381510286 
 713   -2.337256237244663   -2.942946563227946 
 714   -3.582353918321103    2.331612523450948 
 715   -2.153686084773927   0.6751833817749527 
 716   -18.22650785065837    -5.77140020935332 
 717  -0.5980579562530379    2.320108995200954 
 718  -0.7535201385226739  -0.7042644126847047 
 719   -5.956122886635493  -0.8937487277143406 
 720   -15.46800693686953   -6.436533979409615 
 721   -3.907898878474612    5.667720931261619 
 722   -3.459100220973552    -1.70846151310809 
 723   -1.149807463551852     1.44607473429454 
 724   -17.97391359593404   -1.632016229305762 
 725   -2.577743967108699    6.266802641869957 
 726  -0.4402557551979491   0.8961959749876541 
 727   -1.657639771764644    0.421552740185822 
 728   -14.30642077623333   -3.471282701583887 
 729   -9.304669439675635   -7.619225454700545 
 730   -1.585780756824561   -2.164836659818388 
 731   -2.815023969309032   -1.742950677464578 
 732   -1.698981826116183  -0.9078402877109421 
 733    -18.7186163939741    3.788526645799942 
 734  -0.9510881273906617    4.042383532232196 
 735   -0.758115460289819  -0.5292127771216135 
 736   -5.810137469370394    1.507078503962352 
 737   -16.65320125192033   -3.943213163065034 
 738   -3.243407383033645   -6.652046223560538 
 739   -1.683755572351335    1.086613896300246 
 740   -2.553883518528083    1.442805523938671 
 741   -13.99090360912069    1.629399175818854 
 742    -6.52839351126668   -9.232385356498785 
 743  -0.2367754312323359   -0.781762325633503 
 744   -4.660947845620102  -0.8473191965195247 
 745   -8.019957857243817   -2.677089690027623 
 746   -13.51034115313113    8.906707726065555 
 747  -0.5564934507044974   -1.631849468199522 
 748   -1.718782059526075   -0.762562304093565 
 749   -3.051396771705019    1.639967170136487 
 750   -18.80120751813425   -3.709017646481643 
 751  -0.7036334137850346    3.790856149936702 
 752   -3.222675963669383   0.7610908945466524 
 753   -2.925498409975645    2.578020350181656 
 754    -4.92854747598594   0.9659797141532198 
 755    -15.7211137737687   -8.289150735230224 
 756  -0.4508069242932885    1.609774062585561 
 757   -2.681740096693565  -0.6390519265401419 
 758   -5.963264143164854    1.891516619465099 
 759   -15.22566865327283    8.384481710129204 
 760   -1.265534672218743    1.671885746743493 
 761   -4.463924965921076    1.981720332862675 
 762   -1.492687046934683    -1.39610861817693 
 763   -18.67871144107392    2.591683449213193 
 764   -1.180422206204394    -4.98266545275311 
 765  -0.5776839708045325  -0.4507310697925589 
 766   -5.458912069998679   0.9788745077913255 
 767   -16.24567266420781    6.584053355063756 
 768   -2.792169699848161    4.496884591840653 
 769   -3.635435591473334    1.717761923808737 
 770   -2.113437309430693    2.039981137626232 
 771   -1.147047918947244   0.6222544882814561 
 772   -18.94982410338619   -4.433456580062192 
 773  -0.5008073862455384   -2.664321639583537 
 774   -1.342579785758553   0.4792991637320977 
 775   -9.294662007635274    1.940117074808273 
 776   -13.41641946615228    8.089810683328437 
 777   -2.781461781527962    3.908001364939139 
 778   -3.018476510525329    1.445289552224336 
 779     -1.1320977881246    1.377858396722547 
 780   -17.78000515322827    1.505129158713324 
 781   -2.281055729734807   -6.632107658755147 
 782  -0.8665327828808302   0.5636435839640423 
 783   -2.803602793226668  -0.8062959915045758 
 784   -8.017295674565766   -3.127259916254699 
 785    -14.9661318783237    7.742960373369428 
 786   -1.092403403201245   -2.281301924308834 
 787   -3.047370494606828   -1.387967462207883 
 788   -0.486026634634245  -0.7397207199404278 
 789   -18.37870474801624   -2.375721176556351 
 790   -2.068273177872605    5.523881023293229 
 791   -1.050598076886028   0.6870674147879491 
 792   -4.732743030848643    1.376135223459384 
 793   -3.893108520704846   -2.025726334729235 
 794   -16.72702074611527   -7.470410712909017 
 795   -2.197027054477778    -1.69659751225131 
 796   -1.911237809807794    1.685238002842176 
 797   -2.307730033503549   0.7510634723459398 
 798   -18.02568262896794    5.913633023745533 
 799  -0.9158207236312178    2.646330398117336 
 800   -3.438190513941668  -0.6428750105834986 
 801   -3.460738688298926    2.822099900135279 
 802   -18.60352761403463   -4.330319468570504 
 803  -0.8019804434085778   -3.385123283807911 
 804   -2.118557333302842  -0.7188108557049523 
 805   -1.949885188148133    1.510055306768635 
 806   -6.745456267012646    1.342011914864074 
 807   -13.88830891760748   -9.290603755095558 
 808   -1.192959819239898   0.9908373993481291 
 809   -4.703503391558726    1.971125699404053 
 810  -0.4586104795418813   -1.099797000597598 
 811   -18.75797266942911    2.717499621990503 
 812   -2.017163430342962   -4.696340721254291 
 813    -1.42110791121663  -0.6962217170506834 
 814   -2.321594282603922    1.607258020234118 
 815   -1.729670047426098    1.110607057223268 
 816   -18.17609825048657    5.007036911796316 
 817   -5.506894908250985   -3.435626770255614 
 818   -1.184539552150728    1.969621475572295 
 819  -0.4187314084760394  -0.8207484155714785 
 820   -13.26967951672676   -1.106628193511549 
 821   -7.504059570875985   -9.471476253470795 
 822   -1.646528164413076  -0.7146567426483796 
 823   -1.991276808405157   -1.988444946832059 
 824   -4.104318633145505    1.076651333060995 
 825   -14.16602669192681   -4.599721290396277 
 826   -7.938528922832385    -7.74753425459955 
 827   -0.577809584807527   -1.019694237020166 
 828  -0.3201782978392634  -0.8264033362656226 
 829   -15.39476998662237   0.7385448021177307 
 830    -5.24799529863653   -8.597869885566421 
 831   -2.242418856549696  -0.9052180246070141 
 832   -2.590366826022874    2.328429102039936 
 833   -4.113274117532599   -1.621985006079523 
 834   -15.66278991705496   -3.112098693760369 
 835   -5.659316297423405    7.718244033026852 
 836  -0.1084853944310366  -0.9756131373701906 
 837   -0.348545322861273   0.5034351131972759 
 838   -14.45668030640085  -0.8038889436243843 
 839   -6.526264830919096   -8.906499679288503 
 840    -3.87459059173336    1.980471444212516 
 841   -2.041030419925576    -2.18700963433954 
 842   -2.672978826563393  -0.9722820322204926 
 843   -8.976843705262285    2.096727294857051 
 844   -12.38131110379982    9.361195691629314 
 845 -0.09027481324022923   -1.167207529766634 
 846  -0.8375889315262028   0.4236562723310898 
 847   -11.48328960766076    1.446793168465701 
 848     -10.534269802139    8.852265894136488 
 849   -3.795499357669645   -3.728942509887129 
 850  -0.9216954136845015   -1.018226001071481 
 851   -3.049137055037189    -1.02990790161776 
 852   -6.726529451556178   -1.486336633723308 
 853   -13.68019712057973   -9.438410757963437 
 854  -0.5688951497329855  -0.9679041465465645 
 855   -1.233252987124437   0.6079415343913561 
 856    -5.37190477917851    1.840814312269985 
 857   -15.49476050308939   -4.588687808604168 
 858   -4.556920155578385    7.339150910563994 
 859   -1.613994871258955  -0.5692097612664185 
 860   -2.086770007506829   -1.742052689610311 
 861   -1.049219853915802  -0.9605549954288783 
 862   -19.02348901483102   -3.681224727287394 
 863   -1.570529373566601   -3.373891200508088 
 864   -3.836357210385168   0.8753742444076776 
 865   -1.608285031851709    2.698270097389691 
 866   -7.808499885668896  -0.7705236963471349 
 867   -12.88727028963178   -9.610775235075039 
 868     -2.0021726433465   -1.035805975895681 
 869   -1.573334407393951    1.750569265704476 
 870   -1.002487085594695   -1.086423620720216 
 871   -18.59767575699536   -1.804007382226351 
 872   -2.670227932386537   -5.218789766782819 
 873   -4.468698602965066   -2.211238899746086 
 874  -0.2774149243302025   -1.368670304478577 
 875   -5.769590108039363  -0.5039521208349762 
 876   -15.32741566996465    8.397413282151897 
 877   -1.659944459711319    1.740955264942029 
 878   -1.964973019285847   -1.754916023327612 
 879  -0.7124472670306107   0.9257703808134239 
 880    -18.6965406006435   -1.700251964441767 
 881   -3.246008739034115    4.977187792465862 
 882    -3.66110472140884    2.870984453587536 
 883  -0.7022731607550645   -1.036115277105251 
 884   -3.236051190653135  -0.6655470458902812 
 885   -17.56793746919364   -6.570794580071886 
 886   -1.382577560895137   -2.119310656993664 
 887   -2.258123048008752     1.86176162738577 
 888  -0.6249720648752619  -0.5789349317329526 
 889   -15.54038713471433   -1.766812576837412 
 890   -6.819192602965366    7.745996565260059 
 891    -3.46101682683523   -3.114591215446844 
 892  -0.8456429892178441   -1.116509559950351 
 893  -0.4022309465263942   0.4059988762181936 
 894   -12.62559729925345   -1.842884142975918 
 895   -9.871847783945515    8.786572872414727 
 896   -1.224738141849666   -2.065624630365793 
 897  -0.7688941039735817  -0.5265313171874469 
 898   -2.513059241096299    1.084891092028409 
 899   -4.506917162654005     2.82880586832608 
 900   -18.67901868264695    4.463282146014141 
 901  -0.7329742855683081   -2.658205663333026 
 902  -0.5904793439489499   0.5465619964893695 
 903   -2.606968811745031    1.484364219169491 
 904   -6.285674104225524     1.28041647332149 
 905   -15.11340119889599     8.46606096485139 
 906  -0.3770088044363085   -1.312504177543887 
 907   -2.377624706203779  -0.8597418760222338 
 908   -3.406616867515732    2.743510440499975 
 909   -2.985251120887366   0.5630166172914999 
 910   -17.32782950010881   -6.886517259055814 
 911   -1.352382497109023   -2.260443839751796 
 912   -2.503041868661114    1.437490991242104 
 913  -0.9552813135791416   -1.109034109204232 
 914  -0.3187950278652786    0.583551774252427 
 915    -19.0958719485605    2.950261397518202 
 916   -3.403814711458841    3.645104895885342 
 917   -3.431892608349774   -2.627951613223673 
 918   -0.618424208215945   -1.029289214063289 
 919   -1.420249962937799  -0.9300759740345051 
 920   -11.46639298011206   -2.220603887249465 
 921   -11.26108491405374    8.815747899662322 
 922  -0.1476967828075847   0.9571237810085684 
 923  -0.3337596753374987  -0.6531422228127123 
 924   -4.152229930222949  -0.7366950793961237 
 925   -15.21741059947115     5.12557323107518 
 926   -7.111439491296055   -6.770359679846321 
 927  -0.3184994654156181   -1.385368559807407 
 928   -2.561955041666312   0.8347192266940984 
 929   -1.365598308164919    1.566691317362606 
 930   -13.41149821728521   0.9381105402212632 
 931   -6.828352501320308   -9.625764905063027 
 932  -0.8458370078630413   0.8183784114138856 
 933   -1.940500739186274   -0.646641618788273 
 934   -3.852132992448497    2.485920214246878 
 935  -0.4260457128645436    1.139538687054328 
 936   -3.148620313763278    1.062603738724023 
 937   -8.785802873997858    1.328147677350338 
 938   -12.13517346130408   -9.635314764476513 
 939  -0.4348534787922707   -1.336554235471976 
 940  -0.4041341745292126   -0.587675383504536 
 941  -0.9465920907444121    0.380941800920932 
 942   -4.098954879182505   -2.304276479353245 
 943   -1.908384726118492   -1.298434826612801 
 944   -2.452113031573045    1.654342689178783 
 945  -0.6720232102515107  -0.9134700640854728 
 946   -0.241430123874097  -0.8180941505831075 
 947  -0.3582957235436139  -0.3920128848966162 
 948   -0.752023294638169    0.677721468995082 
 949   -3.459058752245226    1.576631187822787 
 950   -2.717172882187513    1.860391235168379 
 951    -3.05382919572725    1.683592443977633 
 952  -0.1490026116745267    -1.10657332353354 
 953   -0.273699062863801   0.5209210946162969 
 954  -0.4242541635424639   0.4118813325389128 
 955  -0.7868112327192571  -0.9061071241894443 
 956   -3.147339367199455    -1.17569750778777 
 957    -2.13930350188526    1.481536758550079 
 958   -3.737924220637689   -2.203945919518044 
 959  -0.1268624149789963    1.125658134431892 
 960  -0.8397953801462478  -0.4507705989173681 
 961  -0.1905553799778066  -0.6474447543252744 
 962   -1.276501728382361  -0.7143218553014655 
 963   -3.101406136952312    1.814278634031383 
 964    -4.01140384317873   -1.210114930980889 
 965   -1.034810367698553    2.143832629752431 
 966  -0.6296182661564547   0.7652907934354252 
 967   -0.656001319759588   0.6016880270583326 
 968  -0.1956533649108477     0.53599702832814 
 969   -2.830042239844546   -1.181539073248927 
 970  -0.9639455146568321   -1.218472869567186 
 971  -0.4264986623586796   0.5703102309869353 
 972  -0.3349867420277723   0.8356205465687689 
 973  -0.4902917108912832   0.3660569404167727 
 974   -2.475122744546406    1.030399481346563 
 975  -0.8740456989822883   -1.643707754671472 
 976  -0.9298284903653804  -0.6157388577379946 
 977 -0.04525496666288809  -0.5578736171219612 
 978  -0.2935763609780789  -0.5462738268553737 
 979   -2.687796078133213   0.6940999801504478 
 980   -1.029270369620048   -1.524116514908408 
 981   -0.627773425742403   0.9693190517230003 
 982  -0.4375650760988821  -0.5004686340074694 
 983  0.05759622547888643  -0.4511122240498783 
 984   -2.010034434140876  -0.8132577300735933 
 985   -2.117014236896095    1.514468302494559 
 986  -0.5221564625014979  -0.8345028227953087 
 987 -0.06190389911868077   0.6973402648444691 
 988  -0.4042930277054442   0.3325280364281863 
 989   -1.466588063350927  -0.7200836758020137 
 990   -1.959353902314043   -1.800600443960807 
 991   -1.048644840799043   -0.917370156594071 
 992  0.07971580207780704   0.5035235850798149 
 993  -0.3786202465533756   0.5470455785316037 
 994   -1.659819550073595   0.6060011569250096 
 995   -2.104733761032129    1.484061279571739 
 996  -0.6467002612324191    1.334727943211408 
 997  -0.3350063333434363    0.421332162417152 
 998 -0.01823283416088195   0.4794258567825918 
 999    -1.20603139412051   0.8016374424997895 
 1000   -2.741205011592593    -1.14725611295568 
 1001  -0.4807460338838976    1.248582163522736 
 1002  -0.1662248053126848  -0.6456559311225348 
 1003  -0.5591316268077801   0.3699313391254404 
 1004  -0.4900828802632783  -0.8211264657686153 
 1005   -2.501235230647205   0.9816012440180266 
 1006   -1.349919684836143   -1.511051396247689 
 1007   0.1412313952069799   0.4833850800748115 
 1008  -0.6245544931419202   0.5549245019446335 
 1009   -0.733003444953046  -0.5996250099981776 
 1010   -1.750302283633422  -0.8637599391260399 
 1011   -1.650481195168498   -1.915049946540775 
 1012  -0.4406716175061571   0.4354761287608477 
 1013  -0.3643522481224177  -0.6535563598600355 
 1014   -0.528941856277281   0.7430636216998031 
 1015    -1.98408119979758   0.4907852488754496 
 1016   -1.584014408398377    -1.85533934932673 
 1017  -0.3680333665793252  -0.7928596607781446 
 1018  -0.7916373418281106  -0.5275356431268167 
 1019 -0.009770227322836167  -0.6159830538988265 
 1020   -1.513445718616458   0.6245396860737433 
 1021   -2.374215353396128   -1.670748262592971 
 1022 -0.001696699476010255  -0.6391001794799096 
 1023  -0.7104909819807443   0.6731990440058421 
 1024  -0.5323513016722849  -0.5608212704080322 
 1025  -0.5578151438371142   0.5518156517154541 
 1026   -2.783745675785861   -1.560455137465423 
 1027  -0.7655141693659628     -0.7868128823897 
 1028  -0.3915830646010892   0.6595281423071089 
 1029  -0.1857560226804776   0.7127135822219816 
 1030  -0.9549713768974732   0.3154155154233574 
 1031   -2.416646767659703     1.56041688672396 
 1032  -0.6270663187820253    1.221373692724835 
 1033  -0.8219836165357444   0.5965976474697654 
 1034  0.09521148135219804   0.4970021832439134 
 1035  -0.7675625412917446   0.5557750108179537 
 1036   -3.031048523336376   -1.299125872652158 
 1037  -0.1426934276889442  -0.7744939004890325 
 1038  -0.5571150714150377   0.6979655839669552 
 1039  -0.5573035547727425   0.5347191961987708 
 1040 -0.08960146213710407   0.5123135735372106 
 1041   -3.084065227744619    1.137646225279948 
 1042  -0.5992187413722403    1.019659914608281 
 1043  -0.2241926492322404  -0.5240194724905695 
 1044  -0.5983828985078103  -0.7830067579115254 
 1045   -0.591815109587563  -0.3642777017885619 
 1046   -2.689164777573229   -1.358184734454721 
 1047  -0.4887344911156573    1.280429193045399 
 1048  -0.4262327282176035   0.3140445051683347 
 1049  -0.2839967909305453  -0.7245473012708255 
 1050  -0.7331270683277862  -0.6755479328397972 
 1051   -3.041884540505461    0.950892534746646 
 1052  -0.2198367176615283    1.216569727015024 
 1053  -0.2577874625799197  -0.5581265402770745 
 1054  -0.5678811124090573   0.4268527171966676 
 1055  -0.4360669731975793   0.8209987045293852 
 1056   -2.882636225090436    1.005199062486152 
 1057  -0.8670749590878652    1.279585484428212 
 1058   0.2016553874290264  -0.4905647967083941 
 1059  -0.6546817699725589  -0.4184874281817694 
 1060  -0.9868937660726775  -0.6709040355664672 
 1061   -2.397641813615553   -1.371155703445915 
 1062  -0.8099218619285944    1.405392669504743 
 1063  0.02121538675115908   0.2961474684330902 
 1064  -0.2382324245635544  -0.5929893802520275 
 1065   -1.567898140270492   0.6206026736734949 
 1066   -2.403898475381725   -1.404936181582424 
 1067    -0.34206702132622    1.208821802926062 
 1068  -0.3467386391337794  -0.4961189880516823 
 1069   0.1017566630630531   0.3583299705704288 
 1070   -1.422708403035845  -0.6745781744041666 
 1071   -2.494882481958047    1.496089237081661 
 1072  -0.7497353743918642   0.9048793140075023 
 1073 -0.05162870822669252   0.7321927212102404 
 1074  -0.3116073913988336  -0.3227772256783885 
 1075    -1.23244175919674   0.5655276219046959 
 1076   -2.102023826827563    1.899517460302228 
 1077  -0.9987626720876712  -0.7442306979925404 
 1078  -0.1470388724227797  -0.5621103284400958 
 1079 -0.06222102004681052   0.5682329968121759 
 1080   -2.221174552402475  -0.4069763379321011 
 1081   -1.417268382741214     1.80791573466541 
 1082   -0.395648732709363   0.8093184342406349 
 1083  -0.7556358104758212   0.5651251972224812 
 1084  0.07210493077429014   0.4817315085966251 
 1085   -1.623631803068541  -0.6650609687742653 
 1086   -2.260577295563735    1.715537358229542 
 1087 0.0005062808821052478   0.5263236709083914 
 1088  -0.5797342471468698  -0.6832548663700302 
 1089  -0.5465284853420906   0.5383960457309392 
 1090   -1.137458909242145    0.655590746451167 
 1091   -2.274753402373514    1.890731926738257 
 1092  -0.2813301017104376  -0.5164390992746916 
 1093  0.08599398017374194  -0.4387411326661328 
 1094  -0.9383729718497619  -0.6155402879253564 
 1095   -1.912315496646049    0.601613735687754 
 1096   -1.747177155391459    1.801322427498355 
 1097  -0.1005125504139113   0.7660224119021145 
 1098  -0.2750590695604546   0.2694318118516799 
 1099  -0.4508736193319453  -0.7204775424872608 
 1100   -1.797416960305578   0.8449225499610148 
 1101   -2.301791227827874    1.565479394895594 
 1102   0.2099208439373901   0.5697195053736412 
 1103  -0.2838565482291893   0.4464781915632034 
 1104  -0.5901234316667558  -0.3971294472612202 
 1105   -1.713530014261931    1.138577066440838 
 1106   -2.065067321112479   -1.638016491560366 
 1107  -0.3289401618172922   0.5563291430958534 
 1108   0.2143332309027668  -0.4850391060186973 
 1109  -0.7667204509988843  -0.3662488825992852 
 1110   -2.232697984220382   0.9502694273091414 
 1111   -1.311814752797654   -1.660038585826299 
 1112  -0.5725662002563476   0.8951018923439824 
 1113 -0.03915412168535304   0.2994899359505388 
 1114  -0.2320786315288549   0.6013736694480194 
 1115   -2.765257195700248  -0.8476284435645173 
 1116   -1.318292523729376    1.348916526259135 
 1117  -0.2148651615821022   -0.843851206177003 
 1118  -0.3226239100662762   0.5236011774242031 
 1119  -0.1578489144452999   0.3078219770549033 
 1120   -2.899260771417249    1.299189002047893 
 1121  -0.7449032176665935    1.099857258393688 
 1122  -0.5492707080137769   0.5114541864408552 
 1123  -0.1570107311502359   0.7724186711934228 
 1124    -0.64128125822982  -0.3216068311612987 
 1125   -2.813330240767469   -1.206902929931052 
 1126  -0.3094347837964014   -1.300055921535677 
 1127  -0.8590428880325729  -0.4299840677495053 
 1128  -0.1685741996420465   0.6201057728487765 
 1129  -0.3113007344095853  -0.5993706690175035 
 1130   -3.291523850712029   0.8938666232492662 
 1131  -0.1453790331096186   0.9374522613856082 
 1132  -0.3394727973139619   0.6201962258390012 
 1133  -0.7713402784912327   0.5231932731055695 
 1134  -0.4013506980643851  -0.5661328096069528 
 1135   -2.801787930797199   -1.401444375547198 
 1136  -0.6629734033875295   -1.077522548014843 
 1137   0.2079521955975472  -0.3555681594614145 
 1138  -0.6112347629740132   0.5165838466815309 
 1139   -1.363856917140162  -0.6767413859525977 
 1140   -2.393902326220415   -1.446157706249445 
 1141  -0.3531981314349216   -1.254849185098937 
 1142 -0.09980232257570823  -0.2730455307381142 
 1143  -0.1941881426625428   0.5932628488589899 
 1144   -1.723551241853406  -0.7571207233869712 
 1145    -2.58242672880869   -1.377328705339806 
 1146  0.03381788949427245  -0.8529691821363615 
 1147  -0.2058360284167158  -0.4735261252957431 
 1148  -0.3455984199817528  -0.2661842869604691 
 1149   -2.548925857004846    1.297519212096281 
 1150   -1.188213622512339   -1.347964703119852 
 1151  -0.7072167085672276   0.6148019438418059 
 1152   0.2580754842172557  -0.5077958693557235 
 1153  -0.9023373756347629   -0.350235829582459 
 1154   -2.743319227058406    1.343471964727807 
 1155  -0.4393861337659251   -1.122865997801723 
 1156  -0.7605300420429328   0.7630935895071299 
 1157 -0.002867998002275662  -0.3538059137565103 
 1158  -0.2912751260585535   0.5583905668087976 
 1159     -3.2568592934412    1.071545331174305 
 1160  -0.3519663779088484    0.776687814051085 
 1161  -0.3880893595790891    0.731379279343585 
 1162  -0.5490419068660681   0.6159967864529708 
 1163  -0.4259473610375191   -0.331449729673127 
 1164   -2.777141269139083    1.625277845195019 
 1165  -0.4149633184104382   -0.825428496595896 
 1166  -0.3124311152296713   0.3926947880358926 
 1167  -0.4278137258949419  -0.8796996687990517 
 1168  -0.8905014629878353  -0.3941938768967974 
 1169    -2.67383159978537    -1.49822782752036 
 1170  -0.1595084162350637   -1.058637526877247 
 1171  -0.7672203028386313  -0.3531733718981203 
 1172  -0.1789160985981255  -0.6995583945268586 
 1173  -0.9422460194341427  -0.5892504821077833 
 1174   -2.936619628882706    1.436410616019727 
 1175   0.1528728255603684  -0.5863537659648821 
 1176  -0.2748307722990252  -0.5005067468680833 
 1177  -0.9621635300069631  -0.4276179858056355 
 1178   -1.556781119770549  -0.8981467295483332 
 1179   -1.844585849194294   -1.898402315607526 
 1180  -0.3302505669447993  -0.4827045651243707 
 1181   0.2971504107016582   0.3765387313143807 
 1182  -0.8645688671796593  -0.4292407318700756 
 1183    -2.68061039636013   -1.133049701560902 
 1184  -0.9063189431365744   -1.315376259634767 
 1185  -0.3529846096891259  -0.8542271894319662 
 1186  -0.0621002920301037  -0.2474285219185797 
 1187  -0.6227424458930745  -0.5583158769094927 
 1188   -2.896340915209603    -1.52206279370963 
 1189  -0.6242107822367646  -0.6193141951035924 
 1190  -0.2807072686371029   0.7737768230686501 
 1191  -0.3538772396839946    0.527274662960576 
 1192    -1.58278349413961   0.3580848150105485 
 1193   -1.763477158496755    2.032859145287544 
 1194  -0.3839718079815313  -0.5789692548383483 
 1195  -0.5392193905307789   0.4257720242853407 
 1196   -0.215722907265016  -0.8108528449920681 
 1197   -2.304906092750734  -0.4702004582048261 
 1198     -1.4887019281617   -1.759781330911169 
 1199    0.177569599167233  -0.5982554906129814 
 1200  -0.5719119817411726  -0.2912540505179374 
 1201  -0.4382078785791585  -0.6989474555205578 
 1202   -2.009427758125183   0.9367327041794358 
 1203   -1.821455346851658   -1.693728904992144 
 1204   0.1877777393306701    -0.38122053132551 
 1205   -0.177996320229528  -0.4759064353974281 
 1206   -1.350207325475864  -0.3552683189739391 
 1207   -2.023928335326649    1.644058434925316 
 1208   -1.015530178330498    1.300991677054013 
 1209  -0.3759719016243274  -0.4522599806216063 
 1210   0.3097157811227408    0.377675704646987 
 1211   -2.254600973564508  -0.4601625225960297 
 1212   -1.685736243416301    1.714970106788562 
 1213 -0.06415727201986732   0.5832750291053419 
 1214  -0.7443289612765613   0.7423396697684579 
 1215  -0.2165439502033888   0.3539942013705424 
 1216   -1.928454850730405   0.7721324039541999 
 1217    -1.54850626418059    1.928351977998811 
 1218  -0.2118309782536121   0.2599215002243492 
 1219  -0.2706269521804539  -0.6401770137524323 
 1220  -0.8447791653063055   0.7233076882737932 
 1221   -3.193753483080688    0.852193498227618 
 1222 -0.08868629434494091     1.08397830033219 
 1223   -0.139268136422027    0.492872225543951 
 1224  -0.2933302544437124   0.2385608814930601 
 1225   -1.344914000608434   0.9101572307880648 
 1226   -2.429958960487132   -1.541718866646806 
 1227  -0.7885378024290532  -0.8857608365783624 
 1228    0.278948488772796   0.3841470403654202 
 1229  -0.3229166300470347   0.3804761222846799 
 1230   -2.772257328212746  -0.5872292793379462 
 1231  -0.6911195903810192    1.618028690483324 
 1232  -0.8455292639697722  -0.7532718561338438 
 1233  -0.3038227609479341  -0.4511926887537182 
 1234  0.06514707528501096   0.4734519623511241 
 1235   -3.296952259668796   0.8253834722668757 
 1236  -0.4479814075208557  -0.9897893665048699 
 1237 -0.05278145409592938  -0.5416291407155899 
 1238  -0.8782125954747035   0.6301822316184995 
 1239  -0.4847495538640501     0.36244880779759 
 1240   -2.740330254177045    1.397160315766892 
 1241  -0.4809637675705574   -1.198176734317514 
 1242  -0.0720004868180335  -0.2227350045740769 
 1243  -0.3672415169876728   0.6412694625824019 
 1244   -1.687136243452381   -0.733810727297048 
 1245    -2.60890342679827   -1.413088482004718 
 1246   0.1283712218009789    0.723976652406123 
 1247  -0.2433342767572084  -0.4284271243977248 
 1248  -0.3777488764451387  -0.2811883207413364 
 1249    -2.50802922406214   -1.308703462710009 
 1250    -1.28239546580349    1.348358176654113 
 1251  -0.6030194008926489   0.6126204875799578 
 1252   0.2558738602170778  -0.4899515100590073 
 1253  -0.9416257181015339   0.3011607476051303 
 1254   -2.825972957535348   -1.436804518063221 
 1255  0.05302470900115042  -0.9094390730111728 
 1256  -0.8709736829380331   0.4319328411300027 
 1257  -0.2847583956374993   0.5362284850107182 
 1258  -0.5480664690649657   0.6328366503547147 
 1259   -3.082100782619178    1.390435289909256 
 1260 -0.01982336318497735  -0.5255122311096557 
 1261 -0.03253222893872199  -0.5022660717020277 
 1262  -0.9234503688438126  -0.3683257431968628 
 1263   -1.317811205203016  -0.8418959071251758 
 1264   -2.206338177644395   -1.784858052891623 
 1265  -0.3653495596393102   0.6673175643338091 
 1266   0.3388700638935275   0.2937123885855934 
 1267  -0.8037823424457571   0.3939526475941433 
 1268   -2.913786120702259   -1.207698583008038 
 1269  -0.5475436072718691     1.05232603880643 
 1270  -0.5237557591458983    0.862919264581182 
 1271  -0.2149965675010073   0.2978109826334752 
 1272  -0.5003731132687345   0.5110611907043822 
 1273   -2.912107097034212    -1.58510010451237 
 1274  -0.4772909348599434   0.5156975431756847 
 1275  -0.3785197418102823   0.6201929835182007 
 1276  -0.3525015293942142   -0.730327370099629 
 1277   -2.203120635388506   0.3115968101449835 
 1278   -1.369646219766134    1.881335865877739 
 1279 -0.09667996857265404   0.6645044833547892 
 1280  -0.6956378376268537  -0.2886238965184902 
 1281  -0.3124035922361962   0.7438991703539455 
 1282    -2.43603023198429  -0.9074250123117111 
 1283   -1.424537334886079   -1.596559226146323 
 1284   0.2455081419115244   0.3000082048373583 
 1285  -0.1891501903730362  -0.4825173276441416 
 1286   -2.026038348472728  -0.4085555798458579 
 1287   -1.815959106090072    1.597529465616354 
 1288  -0.6011200390106786   -1.209028430540904 
 1289  -0.3326807710858384   0.3984256356716582 
 1290   0.2825466414281488   0.2936443170420531 
 1291   -2.809459839089388    0.657301995069789 
 1292   -1.152813415395879    1.486376674789214 
 1293  -0.2868953820058633  -0.4510927669684776 
 1294  -0.4998384181565929   0.8384768009680643 
 1295  -0.3961590643545092    0.294290441123835 
 1296    -2.63537387886887   0.8968212218698888 
 1297  -0.6480495674188731    1.677550877851135 
 1298  -0.2559649377660979  -0.2466591936691474 
 1299  -0.1476630128331979  -0.4866705849109474 
 1300   -1.192173425372451  -0.7781566217325538 
 1301   -3.067162153465424   -1.082234204820866 
 1302 -0.08621066729281823   0.9077013385549686 
 1303 -0.07260591289916163   0.5146128019943161 
 1304  -0.3710048961372032  -0.2118324433417536 
 1305   -2.104106950645587   -1.024372045711194 
 1306   -1.578243223684051   -1.658962716008555 
 1307  -0.7976710412185806   0.7444051658925568 
 1308   0.3074198100285168   0.3731834743621241 
 1309  -0.5189063218493755   0.3865610534344319 
 1310   -3.300813928828517   0.9566764042375193 
 1311  0.07444406352527289  -0.8546676035677991 
 1312  -0.6802612486816488   0.5563782871543808 
 1313  -0.6267369388525966     -0.5432783245338 
 1314  -0.5546470395756238   0.4923319976427011 
 1315   -2.770960408433184   -1.708499826869036 
 1316  -0.3746724378414754   0.5203644325358663 
 1317   0.1757834187836889  -0.3348483804635154 
 1318  -0.9562051890493344   0.6305195013470875 
 1319   -2.407268115427208   0.7227380890090288 
 1320    -1.48958909275136    1.604141530668215 
 1321   0.1908346024420058   0.6524313856891051 
 1322  -0.3300573155247357   0.2484480126379674 
 1323  -0.9844574354460409    0.407294751225354 
 1324   -2.233560351002758    -1.79720393943104 
 1325   -1.212015749166798    0.964816878549405 
 1326  -0.2136286339691143   0.4241911201444908 
 1327   0.2267746960871706   0.4869339088051404 
 1328   -2.136520196360747   0.2941598584419927 
 1329   -1.749074724532003    1.759096117968855 
 1330 0.000845886677071972   0.6619529966463128 
 1331  -0.9459159436588944    0.597393297665519 
 1332   -0.100915752544317  -0.3432178371896577 
 1333   -1.663196332654683   0.7376668736428529 
 1334   -1.921443124291676     1.89950839564541 
 1335  -0.1398887756023272   0.2728605133104329 
 1336  0.02705610103884593  -0.5158318542428894 
 1337   -1.217787286326119  -0.5580017909112749 
 1338   -2.872628610354617  -0.8184633477925412 
 1339   -0.421037836014976    1.446197594465121 
 1340  -0.1277135536409775  -0.5039907376196503 
 1341 -0.02318860380976417  -0.1847811117012006 
 1342    -2.17438961025247  -0.8619206103696414 
 1343   -1.525392512887927    1.747108732679935 
 1344  -0.9638444737232932  -0.4852494565842881 
 1345   0.1516899634517535   0.5845528325709705 
 1346  -0.4225446550007162   -0.446807760907973 
 1347   -3.357442952771519  -0.7384008662830233 
 1348 -0.0009132426867561882  -0.9747122095677844 
 1349  -0.1671769757218593  -0.5124772369688618 
 1350  -0.8739938243903022   0.3160578817110866 
 1351  -0.5642625679211921   0.7897508226638834 
 1352   -2.874802493728978   -1.450916572878319 
 1353  -0.4758181512709221  -0.8138588739421448 
 1354   0.3684377244601672  -0.2488632111632256 
 1355  -0.5670944206801385   0.3873992637094357 
 1356   -3.008773037815103   0.8947960331484697 
 1357  -0.7645184871401098   -1.194384944042326 
 1358  -0.4335293063883627   0.9306213928933372 
 1359  -0.3506634382963267  -0.3163111697225466 
 1360  -0.2392164680045106  -0.3612631605748274 
 1361   -2.980302389286374   -1.522499684784463 
 1362   -0.506050581827507   0.6628732444162946 
 1363  -0.4942332903473132  -0.4325592638623867 
 1364  -0.2054106819072803  -0.8446078477384165 
 1365   -1.912642964043516  -0.3086133461287758 
 1366   -1.912204747787455     1.79929682988749 
 1367   0.2157492326385984   0.6463539304408552 
 1368  -0.3560186521872984   0.2203411080543836 
 1369   -0.623877512995471   0.5541232886878402 
 1370   -2.240387214440583     -1.2923455398348 
 1371   -1.654695761309553    1.443623490683005 
 1372 -0.08471873730345886  -0.3095135496683156 
 1373   0.1791560519425294   0.5153392609172864 
 1374   -1.916062881470931   0.2550851833044528 
 1375   -1.877419120667692    1.798675838260682 
 1376 -0.05284588222799824  -0.7341036437024659 
 1377  -0.9854218025833948   0.5679176067650793 
 1378  -0.1373221173861756   -0.312518216969918 
 1379   -2.267973970382181   0.8595493657775134 
 1380   -1.252455390771607     1.81291448822881 
 1381  -0.1656866215157562  -0.2059561112772839 
 1382  -0.1075859186791761   0.5415747116212445 
 1383   -1.468509094385854   0.7144309297164627 
 1384   -2.956054888973779    1.188342311673148 
 1385 -0.05592017921172343   0.7935210980242817 
 1386 -0.01703211976257157  -0.5190617627693797 
 1387  -0.4906993046524137  -0.1756271295717063 
 1388   -2.716585866922232   -1.327296666287242 
 1389  -0.5705713658990377    1.280724559834772 
 1390    -1.04674700932162  -0.4723941583119329 
 1391   0.1871633128972801  -0.3976681013236258 
 1392  -0.5579679259207762  -0.5073083996220369 
 1393    -3.25184651072987   -1.209486254498186 
 1394   0.1135091691291494   0.4914006029093522 
 1395  -0.1953219553439181  -0.5264474316320887 
 1396  -0.9926337177421087   0.4163263279767654 
 1397  -0.9327280193751657   0.6076235576658987 
 1398   -2.433576712021984   -1.776279611935989 
 1399  -0.3884810421596832  -0.7837389376818356 
 1400   0.2613397659326692  -0.1931165668083027 
 1401  -0.5473348918507394  -0.4925427609179948 
 1402    -3.17129964054347   -1.123974615688002 
 1403  -0.7103352658700817   0.7744903544042633 
 1404   -0.216788900203471  -0.8846554757631733 
 1405  -0.3145077901974572  -0.3628369651793225 
 1406   -1.781779993801167   0.3363353015691953 
 1407   -1.510017352264517   -2.090166070049513 
 1408  -0.2929938054540902    0.396151590808236 
 1409   0.2360820239784145  -0.2584040955658989 
 1410   -1.490634650828742   0.6253864772962869 
 1411   -2.514041676371056    1.500863887737401 
 1412  -0.9649093624193461  -0.8035804634357192 
 1413    0.254438560001077   0.5763236490402256 
 1414  -0.3408717866600928  -0.3206342160348786 
 1415   -2.690667920771553  -0.4781458057161635 
 1416  -0.5737337315452584    1.798500286493396 
 1417  -0.3114567007814783   0.3558434344126899 
 1418  -0.4261902069963268  -0.3575583407715662 
 1419  -0.4884485152082776   0.9051103198498179 
 1420   -3.232080995705961   0.8122717655498422 
 1421  -0.4903350573261041   -1.035938363141618 
 1422   0.3285756319446345   -0.432441254344366 
 1423  -0.4288210499236289     0.18784357831448 
 1424   -2.936668832116055   0.9399135613794989 
 1425  -0.1976584223504232    1.436112167693563 
 1426  -0.1925948284162018   0.1898671921382369 
 1427  0.04069584125112324   0.4263190278510293 
 1428   -1.799179900401257   0.7768748061831356 
 1429    -2.70900987053097   -1.309593063373538 
 1430 -0.07261633399635792  -0.6797290182534753 
 1431  0.05300442683566109   0.5135325304697304 
 1432  -0.4557173445225562   -0.144187285715773 
 1433   -2.817557187082961   -1.334966797552699 
 1434  -0.3049096851785409    1.213688180741349 
 1435  0.01250884756115234   0.1460499744699172 
 1436  0.03093190946085445   0.4888028088288584 
 1437   -3.492776110972924   0.7831548990742372 
 1438  -0.1135087013262581  -0.6657953601076966 
 1439   0.1832717804024047  -0.4734614638078787 
 1440  -0.8450718630026777  -0.1645863551091171 
 1441   -2.610364607024435    1.625916012776863 
 1442  -0.1224587605388193  -0.9875009427990467 
 1443 -0.07653009208956596    0.150800106698644 
 1444  -0.1988766166231786   0.4832887617548284 
 1445   -3.241006852064396   -1.323251943274691 
 1446 -0.01461023747020507  -0.3822960852323147 
 1447   0.1800077605878226   0.4747911072963679 
 1448   -1.593692567698544   0.1862250357868054 
 1449   -2.184887733339276    1.787700035628818 
 1450   0.2056806022804856  -0.7061648834304778 
 1451  -0.1245366826404466  -0.1521309928959525 
 1452  -0.3566368970549713   0.4663578633457445 
 1453   -3.038975826377312   -1.538940799256353 
 1454  -0.1591578108536527  -0.3547440383492709 
 1455   0.3127962174917391   0.4232012455190678 
 1456   -1.642592233588194   0.2004234475328693 
 1457   -2.185544416628629   -1.780673397962313 
 1458   0.2714243368696705   0.6406796430380749 
 1459  -0.2241027575359039   0.1702811198336035 
 1460  -0.5073798638767302  -0.4011005880899252 
 1461   -2.824812206849694   -1.723172771345103 
 1462  -0.2504058493101995  -0.3411334781360209 
 1463   0.4267137021548777  -0.3288110466450651 
 1464   -1.519435311324368  -0.2740349481044225 
 1465   -2.456340189894127    1.675972179591158 
 1466   0.3698350796232401  -0.5324781459591981 
 1467  -0.2335094921490578   0.2375316975363484 
 1468  -0.5078941895921378   0.3113664155667932 
 1469   -2.760016694383814      1.7693547210862 
 1470  -0.3260294206999466   0.4291234638749102 
 1471   0.4204262551631952  -0.2652656264628951 
 1472    -1.27332424279928  -0.3419914074741414 
 1473   -2.697775374396653    -1.59971766057146 
 1474    0.395187892826881  -0.4459069558242642 
 1475  -0.2673077495888175   0.2887434963556283 
 1476   -1.755834394720455    0.274425901985803 
 1477   -1.528987068177228   -2.098050778903783 
 1478  -0.2691336397554753   0.4247345901121659 
 1479   0.3868693742312284   0.2102482628946466 
 1480    -1.64323925227928   0.4464103025936215 
 1481   -2.307732694177928    1.739038216256967 
 1482   0.3706584962990281   0.3065075364429569 
 1483  -0.2165431748784603  -0.3696935267067623 
 1484   -2.346979196206878  -0.2686530313776453 
 1485   -1.000625172988739   -1.957337956199738 
 1486  -0.2168396627537561   0.4682316128831132 
 1487   0.2685158268032095  -0.1722345163405097 
 1488   -1.440180759702573   0.5479053095455114 
 1489    -2.39653679347835   -1.761166809243857 
 1490   0.2940610022375981  -0.2176963298442471 
 1491  -0.1083186564374803   0.4393915109582938 
 1492   -2.366695556791719   0.2283719799801849 
 1493   -1.142057910598173    1.885493007764924 
 1494 -0.05962349952737434   0.5901380666709413 
 1495  0.03884191636280532  -0.1332285778357239 
 1496  -0.8923161323601199  -0.5432720514573853 
 1497   -2.693275663513848    1.732566260160148 
 1498  0.09926548188869821  -0.2481104588926799 
 1499   0.0722966544577508   0.4885943217840695 
 1500   -1.883094078323306  -0.2047237962140966 
 1501   -1.735690722903858   -1.904281897579891 
 1502  0.05783842702254349  -0.6735771227737223 
 1503  -0.1016909214039747  -0.1273786751775761 
 1504  -0.7632290093549754  -0.5255108068204695 
 1505   -2.678508525137792    1.779829877728846 
 1506 -0.07629837713331666  -0.2902825513527631 
 1507   0.2658834777631023  -0.4480069729596181 
 1508   -1.607915550538438   0.1894777460275765 
 1509   -2.220640176213244    1.770316951669517 
 1510   0.2623823526331758   0.6605030806166581 
 1511  -0.1906104156141448  -0.1667469293995938 
 1512  -0.8382725662969104   0.4380381291615148 
 1513   -2.529406653279894    1.883015700333574 
 1514   -0.161176655922632   -0.272531082673711 
 1515   0.3436588134788112    0.399523411700074 
 1516   -1.846657806593775   0.2536969035635217 
 1517   -2.105015195268587   -1.757240477608063 
 1518   0.3509897084869926  -0.5061141713825416 
 1519  -0.2598960229906431  -0.2009112392653084 
 1520    -1.15634335587409   0.3308729886267657 
 1521   -2.104729605027212   -2.060128821899343 
 1522  -0.2729571460751481   0.3537535753419095 
 1523   0.4160759475518472  -0.3050391743969617 
 1524   -1.258433055313757   0.2957877267351184 
 1525   -2.690284592123472    1.606174381357077 
 1526   0.4059427809792922  -0.4848500765730239 
 1527  -0.2860310284376473   0.2510587227954737 
 1528  -0.5969814303367693  -0.2689115127135245 
 1529   -2.649794682321411   -1.812626018263922 
 1530  -0.3254558920788466   0.5523390907005983 
 1531   0.4128914609683874  -0.1947646523044434 
 1532  -0.7102168646535245   0.3757833089724311 
 1533   -3.213498897714999    1.237405870098531 
 1534   0.3299034172759763  -0.4951820688175933 
 1535  -0.1772940043862303  -0.3899513266575871 
 1536   -1.179753503007359   0.1766847639925451 
 1537   -2.182213385960366    1.946915697125997 
 1538  -0.2072218018422999   0.6897516838517819 
 1539   0.1819974991772737   0.1378798936126615 
 1540   -0.535469149653427   0.5187913286423101 
 1541   -3.179373566759452    1.348577184485754 
 1542  0.04041870454566199  -0.3172709252238807 
 1543    0.144677456372451  -0.4886458868517244 
 1544   -1.451564783039043   0.1625079539202003 
 1545   -2.178151057270151   -1.835722429279388 
 1546  0.08465664964189523  -0.7554046547470868 
 1547  -0.2345150341373397   0.1311384611844382 
 1548  -0.3328915985852166  -0.4101543945859993 
 1549   -3.004652312220859     1.57989351732993 
 1550  -0.2717200325790803   -0.370276531724825 
 1551   0.4336643672291266   0.3073426397215761 
 1552   -1.244666346470898   0.2623354426940283 
 1553   -2.726679744283809   -1.570052501195522 
 1554   0.3698095799823657  -0.5500787485726333 
 1555  -0.2643417446703111  -0.2291624852243125 
 1556   -0.163020819449565  -0.2840249064996636 
 1557   -3.047140433574702    1.511459018872218 
 1558  -0.3778547995843044   0.5687482253693823 
 1559   0.4011322087483464  -0.2208126453850257 
 1560  -0.5284749743967718  -0.3391896589080758 
 1561   -3.368960315999627   0.9966367276656519 
 1562   0.3472408364795696  -0.6457293852016978 
 1563  -0.2316070619324502   0.3329363481954131 
 1564 -0.08015418322105894  -0.1720545995957285 
 1565   -2.957932411516541   -1.236283055873273 
 1566  -0.5583535461707918   -1.142991723628818 
 1567   0.2706646233655304   0.1479718029483154 
 1568   -0.237584671604232   0.4650809403679185 
 1569   -3.514985047673108  -0.8086367647613001 
 1570  0.06869390566812594  -0.5390059196432611 
 1571  0.05399859032863252   0.4850316020618818 
 1572  -0.8244725541811084  -0.1440801571474739 
 1573   -2.617178577825152   -1.624619179731229 
 1574  -0.1124532161469312   0.9874376365074066 
 1575  -0.1613321695698194    0.132440570813787 
 1576   0.1509437844649533   0.4205907155258356 
 1577   -3.442382514635649  -0.9015622796646439 
 1578  -0.2906862343761487   0.6623744509124978 
 1579    0.386369394336505   0.3932604663161248 
 1580  -0.5492356797037714   0.1655367118722184 
 1581   -3.279494264952372   0.9343393332547315 
 1582    0.228826439354697  -0.9539920085818647 
 1583  -0.2955851412353913   0.2640748506814112 
 1584  0.03658189617495677   0.1972729966576957 
 1585   -3.081184280239288    1.219156405538847 
 1586  -0.5263703241133892  -0.9988901902633552 
 1587   0.2361176440238537  -0.1408386931023985 
 1588  -0.1693067222804483  -0.4739165873619889 
 1589   -3.545098447171422    0.716519888991062 
 1590  0.06788950714012132    0.579514332723595 
 1591  0.05314132438068708   0.4842072449644234 
 1592   -0.768063061981537  -0.1209426970363104 
 1593   -2.940265721534814    1.311874433854374 
 1594   0.1426691818085337    1.019760471581549 
 1595  -0.2449379033481302    0.183161262435684 
 1596   0.1243296085058232   0.3220301208063442 
 1597   -3.339029705828658    1.132163775667242 
 1598  -0.4056219973659201  -0.6043380735150937 
 1599   0.4437913617377717      0.2054439128215 
 1600  -0.3752238781951898  -0.3589970342866575 
 1601   -3.464253876727728  -0.7221979935339187 
 1602    0.222323796108407   0.7949898143365346 
 1603  -0.1865227174204421   0.3952192468153076 
 1604  -0.1533416922394266  -0.1216404055171402 
 1605    -2.78792344147737   -1.158160129529428 
 1606  -0.6092534903938249    1.402122928559754 
 1607  0.05735525208405479  -0.1400175752169175 
 1608   0.0773311038169523   0.4989215834121346 
 1609   -3.546253230913635  -0.5933593093683566 
 1610  -0.1750677357245184   0.7043326468287964 
 1611   0.2424892074465095  -0.4643775122930349 
 1612  -0.5839721329849397   0.1473374437376817 
 1613   -2.937603126395666   -1.193209779663913 
 1614 -0.05669354690282224    1.210428605486481 
 1615   -0.282012444476866  -0.1556039534524994 
 1616   0.1599928538116098  -0.2859676158117366 
 1617   -3.303284227834444   -1.121524694410351 
 1618  -0.4395355997985707   0.7167676239824662 
 1619   0.3989594752781156  -0.2085090131279188 
 1620  -0.4367332236396744   0.3578517739784673 
 1621   -3.472641727786701  -0.8365767829162138 
 1622   0.2309570381858178   0.6119721722581321 
 1623   -0.104817901954482  -0.4363510498068556 
 1624  -0.2483677719656336    0.138622355024754 
 1625   -2.791164301618308    1.233144167561548 
 1626  -0.5323802933484953    1.342694658300629 
 1627  0.03648929973984627  -0.1261308476374706 
 1628   0.1211040465352036  -0.4859835773925693 
 1629   -3.444439539758841   0.4726503671213495 
 1630  -0.3659379160341223  -0.9634038638189242 
 1631   0.2781160832603855   0.4573351303719295 
 1632  -0.3544508056667204   0.1315868627084082 
 1633   -2.854555475053848   0.6509677990219269 
 1634  -0.3483160084977807   -1.654219455697856 
 1635  -0.3262025792980762  -0.2022231972026478 
 1636   0.2320797229492341   0.1990868949899207 
 1637   -3.048142058914041  -0.9293477409144931 
 1638  -0.7586532713964691    1.246114269808584 
 1639   0.2698486803240097  -0.1422758223292142 
 1640  -0.1318506572825339   -0.438119971939556 
 1641   -3.521850800833483   0.5110243522486699 
 1642  -0.1040447934481505   0.8147509790124481 
 1643   0.1155051587238344  -0.4927785600306385 
 1644  -0.6227801900199309  -0.1218456659234522 
 1645   -3.128802133496801   -1.098739267721604 
 1646   0.1680196795818443    1.025170740342108 
 1647  -0.2819089470436609   0.1906616859186865 
 1648  0.01607453982986617   0.2474820286416112 
 1649   -3.186267021375464    -1.32587553430093 
 1650  -0.4234135952334188   0.6531540953971174 
 1651   0.3636318226013817    -0.20442690993919 
 1652  -0.4316223758131268    0.368783544414349 
 1653   -3.503144565138228   0.8638215454409115 
 1654   0.1416423523176769    0.444676328902584 
 1655    0.025543692019796   0.4714365006862326 
 1656  -0.7493654702869483   -0.122961340119959 
 1657   -2.744618589448863   -1.489984366439953 
 1658 -0.07833563520213976     1.05393323700317 
 1659  -0.2891017558780329   0.1236691590071762 
 1660  -0.1741268108084018  -0.2989874661435918 
 1661   -3.059945501267607   -1.518683799296241 
 1662  -0.3674661878026941  -0.5037945853807494 
 1663   0.4305380432816417  -0.2298535716302867 
 1664  -0.5755290296331312   -0.304271046008207 
 1665   -3.409879005345099    1.015438230163063 
 1666   0.2802601896167327   0.4248929436685639 
 1667  -0.1199280712912296   0.4418689568959583 
 1668  -0.9812962569463084   0.1330145072548864 
 1669   -2.556480219761416   -1.669114653204144 
 1670 -0.02845406689781704   0.9173888201477292 
 1671  -0.2640496054414916  -0.1003429575420262 
 1672  -0.0813962609266321   0.3161535416921485 
 1673   -3.155565686862532    1.387749659659756 
 1674  -0.4058746213777318  -0.5748588922448924 
 1675   0.4479663086152378  -0.1952555378624435 
 1676  -0.5764429089123075   0.3395126522547239 
 1677   -3.382003132038601   -1.053787848407178 
 1678   0.2674841775832866  -0.4305961031659023 
 1679  -0.1250587052791146   -0.425102889096689 
 1680   -1.032418062104085  -0.1299369209454567 
 1681   -2.462304538580569     1.73745056462561 
 1682 -0.06930544080638218  -0.8929323619512245 
 1683  -0.3475670872432618  -0.1034491280043186 
 1684    -1.67288299214681  -0.2599817318078617 
 1685   -1.613529983181066   -2.105024169904754 
 1686  -0.3051276230540547   0.3750578016251941 
 1687   0.2373161555596075  -0.1412961398562453 
 1688  -0.5537215498280292  -0.5193540699296185 
 1689    -3.21435010278833    1.309726450181518 
 1690    0.101057255149861   0.2842731696811132 
 1691  0.07220660477933261   0.4727780017201809 
 1692   -1.951058413759335   0.1347233787658606 
 1693   -2.103951658365033   -1.732976743482393 
 1694   0.4174839032237282  -0.3419049724854501 
 1695  -0.3100067841553094   -0.276638310539963 
 1696    -2.32331715807201  -0.1573233299764621 
 1697   -1.292014487502476   -1.857794511475166 
 1698  0.08567539108197675   0.6329835998992811 
 1699  -0.2921023048040526  -0.1064942338877426 
 1700  -0.8442098986199587   0.3284156225574855 
 1701   -2.398955237728881   -1.983487530183176 
 1702  -0.2944638534485646  -0.2917507970775107 
 1703   0.4122660879714365   0.2441969396845841 
 1704    -1.17288928022053   0.3441904263976315 
 1705   -2.884736197280231   -1.510454685792888 
 1706 0.008005049541711884    0.189294291570766 
 1707   0.2233847174359844    0.474024638058033 
 1708   -2.393500569299396  -0.1786973650742773 
 1709   -1.459103303787166    1.759292168635869 
 1710   0.2555889899845911  -0.5407934019891741 
 1711  -0.3600159644742909  -0.1578165786494546 
 1712   -1.846579484666051   0.1819946046993109 
 1713   -1.495303993454626   -2.065606971195653 
 1714  -0.2111812637563394  -0.4790229833743372 
 1715   0.2091158874594909   -0.123557542305253 
 1716  -0.9348404543826516   0.5785925950336479 
 1717   -2.819238379787723   -1.620243569720737 
 1718  -0.3403930668239888  -0.1720266468867771 
 1719    0.346851830566933  -0.1405948625758848 
 1720   -1.668315945854083   0.5132675822737409 
 1721    -2.26078360757539   -1.755796564083855 
 1722   0.2178193545658069   0.2147715501667614 
 1723 0.009226018733927921  -0.4844649308468041 
 1724   -2.581484533841553   0.1268688138485295 
 1725   -1.542898075288644   -1.631816819969659 
 1726 -0.04437931787698324   0.1227678706277105 
 1727   0.1538468261742538   0.4655102797881824 
 1728   -3.229671746271741   0.3114986255349525 
 1729  -0.8691454598944404   -1.234931282553765 
 1730   -0.377438726351446   -0.061061442107761 
 1731   -2.406051976459805   0.1294919301505012 
 1732   -1.759183241865093   -1.661340670259879 
 1733  -0.3792976372325556 -0.09010960922973268 
 1734   -1.174462396770954 -0.07926141579210343 
 1735   -2.962094263753249    1.453134809745139 
 1736  -0.3717207821310491  -0.1323537092944514 
 1737  -0.6910720397525573  0.06700201468999371 
 1738   -3.447061776109576  -0.9797128599331225 
 1739  -0.3976215749248917  -0.2662980061242903 
 1740  -0.4062128079095124  0.05373953017447159 
 1741   -3.649052610250791    0.483763579792137 
 1742  -0.4532499002655698   0.4495500683412396 
 1743  -0.3834224229294768  0.08129581998122239 
 1744   -3.420023747267563   0.1804445795614467 
 1745  -0.7067166291123383   -1.035245419306233 
 1746  -0.4120667480465021   0.0796835591410132 
 1747   -2.341282724510282  -0.1053972678109625 
 1748   -1.776484705351371    -1.69430373956504 
 1749  -0.3697129136982249  0.07153409137237798 
 1750   -1.430437681876202  0.09524067557415714 
 1751   -2.740138565133425   -1.557729092117523 
 1752   -0.376823968841226   0.1201120548058111 
 1753  -0.6729023249671322  0.07232073433799198 
 1754   -3.463246769873255   0.9699524868245645 
 1755  -0.3616876728057863   0.2084480902943152 
 1756   -0.511706230570498 -0.05845224871405442 
 1757   -3.596503657752445   0.6311358485506173 
 1758  -0.4335794305633913   0.4490977160580216 
 1759  -0.3526750825434679  0.05019443276835622 
 1760   -3.501457819296519  -0.2331252001695087 
 1761  -0.6693792277324362   0.9009864032289159 
 1762  -0.3731035260497973  0.09166598904092958 
 1763   -2.060253415987774  -0.0723887236522468 
 1764   -2.055091547262837   -1.719496799108715 
 1765  -0.3798414516748843 -0.07497759520105733 
 1766   -1.063686171232573  0.09383723356412763 
 1767    -3.10480452278462    1.346555681931378 
 1768  -0.3429408013606065   0.1391557867274549 
 1769  -0.6620499095127816  0.06152065523708532 
 1770   -3.473339512335546   0.9365973720316154 
 1771  -0.4050737187848164  -0.2842705298184453 
 1772  -0.3959997063944869  0.05911694058930593 
 1773   -3.625420863328409  -0.3775278773962753 
 1774  -0.4831061664964538  -0.6046945692704919 
 1775  -0.3644551391992306  0.06915880424451225 
 1776   -2.958997012259656   0.1243547931508636 
 1777   -1.186162721266107   -1.453326067154577 
 1778  -0.3757135818154831  0.08003188188105383 
 1779   -1.842407007008733 -0.07805408298710348 
 1780    -2.27936837162027    1.701324453073617 
 1781  -0.4098416044095394  -0.1075802749549809 
 1782  -0.6569930939373061  0.07532116625098416 
 1783   -3.457185748028658  -0.9901290261451617 
 1784    -0.34627415209378      -0.162156445162 
 1785   -0.520460700700992  0.06174146988820452 
 1786   -3.602564311690647   -0.608523338515598 
 1787  -0.4365816347982966   0.4559037750260157 
 1788  -0.3431192129220082  0.04859973710418332 
 1789   -3.629951915878743  -0.2502173801610533 
 1790  -0.4920163562062143  -0.6558552020649195 
 1791  -0.4003530440652829 -0.07121058477818734 
 1792   -3.142920327125174  -0.1641568602523335 
 1793   -1.000243865555727    1.320572567529082 
 1794  -0.3681243774725975  0.07249653411872088 
 1795   -2.047804782849458  0.08509523756638213 
 1796   -2.074853323878122    1.715648674173045 
 1797  -0.3260833064990525 -0.06603612353996337 
 1798   -1.901538672658961  0.06243261563492335 
 1799   -2.236916313120087    1.698401336533528 
 1800  -0.4160059016196521  -0.1236975646189863 
 1801  -0.4809133607403202  0.05906035225582394 
 1802   -3.616029107675356   0.7045376812557056 
 1803  -0.3338928707902751  -0.2033451008542557 
 1804  -0.5870124463407005  0.05396935565468003 
 1805   -3.547293081839714   0.7676389857027167 
 1806  -0.4258460545107088  -0.3975415366591446 
 1807  -0.3504173377684692  0.05267974263627363 
 1808   -3.689367469814777   0.2854756676476057 
 1809  -0.3818664872541594    0.470946273731987 
 1810  -0.3479945850258426 -0.03920284691039105 
 1811   -3.705580846729822   0.3240562740303456 
 1812  -0.3602285697216032   -0.382317187392277 
 1813  -0.3527594261076518  0.03781119190184227 
 1814   -3.700118957109751  -0.3705971140135113 
 1815   -0.354030991274875   0.3624198986186253 
 1816  -0.3626680575446353 -0.03655088026900148 
 1817   -3.702529021200796   0.4098892774944792 
 1818  -0.3333635579012592  -0.3092180910625134 
 1819  -0.4248414453285723 -0.03377037349852324 
 1820   -3.651434565687949  -0.6063168110253904 
 1821  -0.3550902632992612  -0.2445355822561303 
 1822  -0.3895257561705635  0.04181595614427226 
 1823   -3.683235645735312  -0.5268175349303854 
 1824  -0.3278623342414275   0.2142142020511609 
 1825   -0.453696129534436  0.04098824614901956 
 1826   -3.631327163354511  -0.6746812274587471 
 1827  -0.3221016939170965  -0.1911525020781388 
 1828  -0.4845125738552982 -0.04103711735196081 
 1829   -3.609366016765947   0.7231391504428467 
 1830  -0.3347803108760719   0.1908689775173111 
 1831   -0.611220758215703  0.03976923739683539 
 1832   -3.481439020151741   0.9642453574885566 
 1833  -0.3232471943310604   0.1209440297543859 
 1834   -0.734574359783968 -0.04461634383362451 
 1835   -3.358365881231349    1.127538005889249 
 1836  -0.3063584210597255  0.09078094290168069 
 1837  -0.8126988357378133  0.03849542356483463 
 1838   -3.281593852370121   -1.210812977430222 
 1839  -0.3107304955141465  -0.1043441107163675 
 1840    -1.01240042557648 -0.03662725890281537 
 1841   -3.067153585207879   -1.401230537701776 
 1842  -0.3170037783798134   0.0674883058136049 
 1843  -0.4564978884412749  0.03876876876316467 
 1844   -3.632525160855976   0.6706571527607664 
 1845  -0.3261424522178267   0.1926617350841532 
 1846  -0.5661735331945339  0.03744556289167718 
 1847   -3.520073419392983   0.9012056416383711 
 1848    -0.32757512655158   0.1417609431517087 
 1849  -0.4691780398554666 -0.03653032807211323 
 1850   -3.605722343347265  -0.7417771953729292 
 1851  -0.3123194040593581   0.1514966132635301 
 1852  -0.7877221900944296 -0.03854374419551484 
 1853   -3.309498073184387     1.18156833525407 
 1854  -0.3151655918040167 -0.09944010892900422 
 1855  -0.9665308764676122 -0.04161425838327922 
 1856   -3.127472549441346   -1.350799858202095 
 1857  -0.3224788587739209  0.09695558847543326 
 1858   -1.568501665086669  0.04072862358365402 
 1859    -2.51449028659087   -1.670838809223355 
 1860  -0.3106418718404517  -0.0506627021394952 
 1861   -1.104619866822607 -0.04542515503911122 
 1862   -2.991068115130865   -1.448689034323182 
 1863  -0.3139190222361712 -0.08148380571197567 
 1864  -0.9037629588003062  0.03878177450283654 
 1865   -3.194028000623035    1.294185090301851 
 1866  -0.3139403163172284  0.09128489232969313 
 1867  -0.7911033582593543 -0.03529084660936774 
 1868   -3.292543613948112    1.201108875964424 
 1869  -0.3220395344016288   0.1002338708378747 
 1870  -0.3799967810734859  0.03324470340298576 
 1871   -3.688489989526105  -0.4784593803099891 
 1872  -0.3380812161504601  -0.2796551163162571 
 1873  -0.4346452756024048 -0.03513244138410901 
 1874   -3.643799150453993   0.6394674135031457 
 1875  -0.3330722057895388   0.2088177420567372 
 1876   -0.337528613494368 -0.03613302825710258 
 1877   -3.722726069943397  -0.3336409614450955 
 1878  -0.3235919932848634   0.2846194223221109 
 1879  -0.4128143697866681  0.03777610095922228 
 1880   -3.672356650938854  -0.5496014057466855 
 1881  -0.3211509798235778  -0.2400050021620146 
 1882  -0.3824529075305341  0.03131337156977609 
 1883   -3.684075369109006  -0.4887180727608201 
 1884  -0.3392761170887256   0.2883534774139154 
 1885  -0.3645401406826976 -0.03407157407052537 
 1886   -3.703963805669882   0.4512855129989276 
 1887  -0.3290960003206704   0.2312826355464728 
 1888  -0.3404636949436266 -0.03482342498622897 
 1889   -3.704836314480502   0.2872055588213644 
 1890  -0.3576139680900888    0.411118032247662 
 1891   -0.303919307563295  0.03270605659551472 
 1892   -3.620599218449795   0.1302066994562289 
 1893  -0.4551291737934382  -0.7123550566363229 
 1894  -0.3165284607340721   0.0300892958961281 
 1895   -3.613175574044368  -0.1723278651439618 
 1896  -0.4801305642949891   0.7200217028280893 
 1897  -0.3174592836454188 -0.03463777275309083 
 1898   -3.715737603548565  -0.2009155175290693 
 1899  -0.3455208735775184  -0.4186990853543966 
 1900  -0.2929490510148446  0.02698058568548686 
 1901   -3.362176105841851 -0.07264464241936611 
 1902  -0.7147438166066514    1.126920615157754 
 1903   -0.317352380677115 -0.03942173964094559 
 1904    -2.39372744143309 -0.05205394465141684 
 1905   -1.683027254328654    1.702642088857697 
 1906  -0.3002188074877497  0.03150678289139446 
 1907  -0.4110762947418972 -0.02862751035664809 
 1908   -3.655109292881012   0.6268133103669424 
 1909  -0.2944456639337452   0.1465930141860213 
 1910  -0.3259951067130387  0.02311036558620297 
 1911   -3.729114949654641   -0.312066419758855 
 1912  -0.3145460076110302  -0.2704043505968055 
 1913  -0.2935202829989313  -0.0270496918746642 
 1914  -0.4798006284788612   0.0266780879685094 
 1915   -3.584267509826079   0.7946241876719116 
 1916  -0.2921629679435314  0.09164451892107116 
 1917  -0.2902797780995545 -0.02636969539962516 
 1918  -0.2904928157687627 -0.02436204995414158 
 1919  -0.2918182085745913 -0.02441356369201002 
 1920  -0.2909501797838828 -0.02479725933032215 
 1921  -0.2925329687896382  0.02628754697326599 
 1922  -0.2967355440527819  0.02593021756536167 
 1923  -0.2908350131747861 -0.02685208145775691 
 1924  -0.2901065642934558 -0.02633861770589463 
 1925  -0.2926135939935628 -0.02312784936901111 
 1926  -0.2925224028903508  0.02392359615615644 
 1927  -0.2954526996502415  0.02411566224633711 
 1928  -0.2907386384078425  -0.0206823367587721 
 1929  -0.2859012510465363  0.02480699995667186 
 1930   -0.297892116117201  0.02362230988586663 
 1931  -0.2900916416760039  0.02363308389985464 
 1932  -0.2836677097166009 -0.02223505662713367 
 1933  -0.2833882963599785 -0.02124841082222993 
 1934  -0.2875288015124655 -0.01978890049043504 
 1935  -0.2864826894477102  0.02443569692428217 
 1936    -0.28561726336004 -0.02177893162591935 
 1937  -0.2916726583250303  0.02121662044298709 
 1938  -0.2849094382473485 -0.02306527258703794 
 1939  -0.2916251353455177 -0.01844666185523055 
 1940  -0.2942499185694776  0.02312000238043281 
 1941  -0.2925308342093929  0.02128146175560013 
 1942    -0.28902759727385 -0.01858284060581438 
 1943  -0.2790380599270041 -0.02031799589253349 
 1944  -0.2863695842104517  0.01810644662153721 
 1945  -0.2932825729429613  0.02174522584446884 
 1946   -0.292055947052387  0.02334403190035841 
 1947  -0.2882573676923396  0.02244917609575044 
 1948  -0.2846577612793699 -0.01860132662885993 
 1949  -0.2835446849829504  0.01992284254926116 
 1950  -0.2810931431955082 -0.02055888972478536 
 1951  -0.2808808029846342 -0.01698192091952849 
 1952  -0.2879214804942699 -0.01755016774762316 
 1953  -0.2837175635534023  0.01909135791256016 
 1954  -0.2902400973456031 -0.01886513269390135 
 1955  -0.2856054228325736  0.01777242648769177 
 1956  -0.2807501373476557  0.01953053751520748 
 1957  -0.2850789400123841  0.01851644573009656 
 1958  -0.2813795471863804 -0.01867549152930495 
 1959  -0.2788335139650353  0.01821672951719902 
 1960  -0.2801525965595055 -0.01553809511679376 
 1961  -0.2854561799661699 -0.01533123653422806 
 1962  -0.2787764997800308  0.01937425914682509 
 1963  -0.2862040507846169  -0.0170776485262814 
 1964   -0.286064693225392  0.01613458662144995 
 1965  -0.2759684952877657  0.01679507477522264 
 1966   -0.284029366781134 -0.01856491301091405 
 1967   -0.283321636372565  0.01611613607690281 
 1968   -0.282210966275519 -0.01433714506898089 
 1969  -0.2798741528174736  0.01422157178223157 
 1970  -0.2795380734320435 -0.01675698068349737 
 1971  -0.2881301983247301 -0.01633851974127211 
 1972  -0.2842949236294374  0.01511987145324418 
 1973  -0.2793395551503115  0.01644153083834485 
 1974  -0.2794596387261044 -0.01977614047349512 
 1975  -0.2838851235358318 -0.01566394872367379 
 1976  -0.2828325525930377 -0.01377561298258382 
 1977  -0.2826169449036283 -0.01841668951532145 
 1978  -0.2819036094553787  0.01811694864496079 
 1979  -0.2782695447059665 -0.01418765335971623 
 1980  -0.2779444763676824   0.0142529715090928 
 1981  -0.2854937002146219  0.01487927210625398 
 1982  -0.2804475581324335  0.01482832536821969 
 1983  -0.2801398246009135  0.01706266096832496 
 1984  -0.2851882844910758 -0.01559571738970246 
 1985  -0.2819433509490981 -0.01497293878108195 
 1986  -0.2778656221110072  0.01715056360006637 
 1987  -0.2805612299748509 -0.01375760632239822 
 1988  -0.2871132851656621 -0.01542605819112957 
 1989  -0.2787810319749975  0.01650117119597432 
 1990  -0.2804343552539807 -0.01524908731827291 
 1991  -0.2855740446086341 -0.01466050670151483 
 1992  -0.2848328153828568  0.01506196560877111 
 1993  -0.2801807549111101  -0.0136559104853691 
 1994  -0.2749465125529911 -0.01209288932528435 
 1995  -0.2810570829169273 -0.01344290118965743 
 1996  -0.2824384143914594  0.01428071235852997 
 1997  -0.2853575059010005 -0.01419846830655615 
 1998  -0.2766551095803753 -0.01541177506069092 
 1999  -0.2779565328177391 -0.01269248131111441 
 2000  -0.2847460923654054  0.01195895051943431 
 2001  -0.2779153978677739  -0.0150985675063422 
 2002  -0.2821813560128903 -0.01569760819510247 
 2003  -0.2805991080809626  0.01309705938306745 
 2004  -0.2717745784317722  -0.0152006437542897 
 2005  -0.2763302749941203  0.01358721076086108 
 2006  -0.2845541821930467  0.01065186791622306 
 2007  -0.2822302475938935  0.01290237906021946 
 2008  -0.2790172403407692  0.01516600556211407 
 2009  -0.2792602127714091  0.01150052405737174 
 2010  -0.2748419564247027  0.01081341570675327 
 2011  -0.2743126190882963 -0.01173351289836449 
 2012  -0.2763550487021315  0.01148854406472734 
 2013  -0.2786386568520896  -0.0103818817311145 
 2014  -0.2755537792232785 -0.01068604694605764 
 2015  -0.2744238654642653  0.01070925726866083 
 2016   -0.279195513620496 -0.01101179517635878 
 2017  -0.2818230785896151 -0.01075567899721735 
 2018  -0.2796232252033748 -0.008555610505861891 
 2019  -0.2780315504846909 0.007059993744485502 
 2020  -0.2791391324736945 -0.009075333048256392 
 2021  -0.2726732322536513 0.009564234200020156 
 2022   -0.275582266900091 -0.007734788234585789 
 2023  -0.2782509964326208 0.008193895520289514 
 2024  -0.2768436730564198  0.00742574028480769 
 2025  -0.2795644494142806 0.008189620629546217 
 2026  -0.2822383978756254 -0.006324270867019634 
 2027  -0.2864409612985401 0.005635305281311795 
 2028  -0.2791144247832644 -0.006297504205415796 
 2029  -0.2782988397205807 0.004805411131458761 
 2030   -0.279049781639586 -0.004869433931350588 
 2031  -0.2829392101959218 -0.004521126679620779 
 2032  -0.2832391067674006 0.004288144405107979 
 2033  -0.2793981378775142 -0.00265242526636492 
 2034  -0.2819457181407895 0.003438670769544837 
 2035   -0.281789685046585 -0.004366519530321717 
 2036  -0.2813093822729702 0.004512974527990665 
 2037  -0.2835190506313057 0.003784287015211722 
 2038  -0.2798047756208285 0.003266775413323079 
 2039  -0.2822831832550791 0.002005348275382545 
 2040  -0.2814276133529212 0.003626553899150076 
 2041  -0.2806280182448209 0.002659400009072345 
 2042  -0.2803487084585112 -0.00355660066542326 
 2043  -0.2805453217630794 0.003227385772159049 
 2044  -0.2810931158008216 0.002607005641394567 
 2045  -0.2824931142153563 -0.001895049950393099 
 2046  -0.2822214782658248 -0.003336799046890569 
 2047  -0.2804261932968923 0.002142307544348815 
 2048  -0.2805615591282041 0.002082017429942313 
 2049  -0.2809380592317725 0.002483421361894281 
 2050  -0.2826697135238465 0.001244983126863098 
 2051  -0.2790015157063995 -0.0006626146474500812 
 2052  -0.2782467356479055 -0.0007125166980988282 
