6 16 16 16 16 16 16 0 1 2 3 4 5
6 16 16 16 16 16 16 0 1 2 3 5 4
6 16 16 16 16 16 16 0 1 2 4 3 5
6 16 16 16 16 16 16 0 1 2 4 5 3
6 16 16 16 16 16 16 0 1 2 5 3 4
6 16 16 16 16 16 16 0 1 2 5 4 3
6 16 16 16 16 16 16 0 1 3 2 4 5
6 16 16 16 16 16 16 0 1 3 2 5 4
6 16 16 16 16 16 16 0 1 3 4 2 5
6 16 16 16 16 16 16 0 1 3 4 5 2
6 16 16 16 16 16 16 0 1 3 5 2 4
6 16 16 16 16 16 16 0 1 3 5 4 2
6 16 16 16 16 16 16 0 1 4 2 3 5
6 16 16 16 16 16 16 0 1 4 2 5 3
6 16 16 16 16 16 16 0 1 4 3 2 5
6 16 16 16 16 16 16 0 1 4 3 5 2
6 16 16 16 16 16 16 0 1 4 5 2 3
6 16 16 16 16 16 16 0 1 4 5 3 2
6 16 16 16 16 16 16 0 1 5 2 3 4
6 16 16 16 16 16 16 0 1 5 2 4 3
6 16 16 16 16 16 16 0 1 5 3 2 4
6 16 16 16 16 16 16 0 1 5 3 4 2
6 16 16 16 16 16 16 0 1 5 4 2 3
6 16 16 16 16 16 16 0 1 5 4 3 2
6 16 16 16 16 16 16 0 2 1 3 4 5
6 16 16 16 16 16 16 0 2 1 3 5 4
6 16 16 16 16 16 16 0 2 1 4 3 5
6 16 16 16 16 16 16 0 2 1 4 5 3
6 16 16 16 16 16 16 0 2 1 5 3 4
6 16 16 16 16 16 16 0 2 1 5 4 3
6 16 16 16 16 16 16 0 2 3 1 4 5
6 16 16 16 16 16 16 0 2 3 1 5 4
6 16 16 16 16 16 16 0 2 3 4 1 5
6 16 16 16 16 16 16 0 2 3 4 5 1
6 16 16 16 16 16 16 0 2 3 5 1 4
6 16 16 16 16 16 16 0 2 3 5 4 1
6 16 16 16 16 16 16 0 2 4 1 3 5
6 16 16 16 16 16 16 0 2 4 1 5 3
6 16 16 16 16 16 16 0 2 4 3 1 5
6 16 16 16 16 16 16 0 2 4 3 5 1
6 16 16 16 16 16 16 0 2 4 5 1 3
6 16 16 16 16 16 16 0 2 4 5 3 1
6 16 16 16 16 16 16 0 2 5 1 3 4
6 16 16 16 16 16 16 0 2 5 1 4 3
6 16 16 16 16 16 16 0 2 5 3 1 4
6 16 16 16 16 16 16 0 2 5 3 4 1
6 16 16 16 16 16 16 0 2 5 4 1 3
6 16 16 16 16 16 16 0 2 5 4 3 1
6 16 16 16 16 16 16 0 3 1 2 4 5
6 16 16 16 16 16 16 0 3 1 2 5 4
6 16 16 16 16 16 16 0 3 1 4 2 5
6 16 16 16 16 16 16 0 3 1 4 5 2
6 16 16 16 16 16 16 0 3 1 5 2 4
6 16 16 16 16 16 16 0 3 1 5 4 2
6 16 16 16 16 16 16 0 3 2 1 4 5
6 16 16 16 16 16 16 0 3 2 1 5 4
6 16 16 16 16 16 16 0 3 2 4 1 5
6 16 16 16 16 16 16 0 3 2 4 5 1
6 16 16 16 16 16 16 0 3 2 5 1 4
6 16 16 16 16 16 16 0 3 2 5 4 1
6 16 16 16 16 16 16 0 3 4 1 2 5
6 16 16 16 16 16 16 0 3 4 1 5 2
6 16 16 16 16 16 16 0 3 4 2 1 5
6 16 16 16 16 16 16 0 3 4 2 5 1
6 16 16 16 16 16 16 0 3 4 5 1 2
6 16 16 16 16 16 16 0 3 4 5 2 1
6 16 16 16 16 16 16 0 3 5 1 2 4
6 16 16 16 16 16 16 0 3 5 1 4 2
6 16 16 16 16 16 16 0 3 5 2 1 4
6 16 16 16 16 16 16 0 3 5 2 4 1
6 16 16 16 16 16 16 0 3 5 4 1 2
6 16 16 16 16 16 16 0 3 5 4 2 1
6 16 16 16 16 16 16 0 4 1 2 3 5
6 16 16 16 16 16 16 0 4 1 2 5 3
6 16 16 16 16 16 16 0 4 1 3 2 5
6 16 16 16 16 16 16 0 4 1 3 5 2
6 16 16 16 16 16 16 0 4 1 5 2 3
6 16 16 16 16 16 16 0 4 1 5 3 2
6 16 16 16 16 16 16 0 4 2 1 3 5
6 16 16 16 16 16 16 0 4 2 1 5 3
6 16 16 16 16 16 16 0 4 2 3 1 5
6 16 16 16 16 16 16 0 4 2 3 5 1
6 16 16 16 16 16 16 0 4 2 5 1 3
6 16 16 16 16 16 16 0 4 2 5 3 1
6 16 16 16 16 16 16 0 4 3 1 2 5
6 16 16 16 16 16 16 0 4 3 1 5 2
6 16 16 16 16 16 16 0 4 3 2 1 5
6 16 16 16 16 16 16 0 4 3 2 5 1
6 16 16 16 16 16 16 0 4 3 5 1 2
6 16 16 16 16 16 16 0 4 3 5 2 1
6 16 16 16 16 16 16 0 4 5 1 2 3
6 16 16 16 16 16 16 0 4 5 1 3 2
6 16 16 16 16 16 16 0 4 5 2 1 3
6 16 16 16 16 16 16 0 4 5 2 3 1
6 16 16 16 16 16 16 0 4 5 3 1 2
6 16 16 16 16 16 16 0 4 5 3 2 1
6 16 16 16 16 16 16 0 5 1 2 3 4
6 16 16 16 16 16 16 0 5 1 2 4 3
6 16 16 16 16 16 16 0 5 1 3 2 4
6 16 16 16 16 16 16 0 5 1 3 4 2
6 16 16 16 16 16 16 0 5 1 4 2 3
6 16 16 16 16 16 16 0 5 1 4 3 2
6 16 16 16 16 16 16 0 5 2 1 3 4
6 16 16 16 16 16 16 0 5 2 1 4 3
6 16 16 16 16 16 16 0 5 2 3 1 4
6 16 16 16 16 16 16 0 5 2 3 4 1
6 16 16 16 16 16 16 0 5 2 4 1 3
6 16 16 16 16 16 16 0 5 2 4 3 1
6 16 16 16 16 16 16 0 5 3 1 2 4
6 16 16 16 16 16 16 0 5 3 1 4 2
6 16 16 16 16 16 16 0 5 3 2 1 4
6 16 16 16 16 16 16 0 5 3 2 4 1
6 16 16 16 16 16 16 0 5 3 4 1 2
6 16 16 16 16 16 16 0 5 3 4 2 1
6 16 16 16 16 16 16 0 5 4 1 2 3
6 16 16 16 16 16 16 0 5 4 1 3 2
6 16 16 16 16 16 16 0 5 4 2 1 3
6 16 16 16 16 16 16 0 5 4 2 3 1
6 16 16 16 16 16 16 0 5 4 3 1 2
6 16 16 16 16 16 16 0 5 4 3 2 1
6 16 16 16 16 16 16 1 0 2 3 4 5
6 16 16 16 16 16 16 1 0 2 3 5 4
6 16 16 16 16 16 16 1 0 2 4 3 5
6 16 16 16 16 16 16 1 0 2 4 5 3
6 16 16 16 16 16 16 1 0 2 5 3 4
6 16 16 16 16 16 16 1 0 2 5 4 3
6 16 16 16 16 16 16 1 0 3 2 4 5
6 16 16 16 16 16 16 1 0 3 2 5 4
6 16 16 16 16 16 16 1 0 3 4 2 5
6 16 16 16 16 16 16 1 0 3 4 5 2
6 16 16 16 16 16 16 1 0 3 5 2 4
6 16 16 16 16 16 16 1 0 3 5 4 2
6 16 16 16 16 16 16 1 0 4 2 3 5
6 16 16 16 16 16 16 1 0 4 2 5 3
6 16 16 16 16 16 16 1 0 4 3 2 5
6 16 16 16 16 16 16 1 0 4 3 5 2
6 16 16 16 16 16 16 1 0 4 5 2 3
6 16 16 16 16 16 16 1 0 4 5 3 2
6 16 16 16 16 16 16 1 0 5 2 3 4
6 16 16 16 16 16 16 1 0 5 2 4 3
6 16 16 16 16 16 16 1 0 5 3 2 4
6 16 16 16 16 16 16 1 0 5 3 4 2
6 16 16 16 16 16 16 1 0 5 4 2 3
6 16 16 16 16 16 16 1 0 5 4 3 2
6 16 16 16 16 16 16 1 2 0 3 4 5
6 16 16 16 16 16 16 1 2 0 3 5 4
6 16 16 16 16 16 16 1 2 0 4 3 5
6 16 16 16 16 16 16 1 2 0 4 5 3
6 16 16 16 16 16 16 1 2 0 5 3 4
6 16 16 16 16 16 16 1 2 0 5 4 3
6 16 16 16 16 16 16 1 2 3 0 4 5
6 16 16 16 16 16 16 1 2 3 0 5 4
6 16 16 16 16 16 16 1 2 3 4 0 5
6 16 16 16 16 16 16 1 2 3 4 5 0
6 16 16 16 16 16 16 1 2 3 5 0 4
6 16 16 16 16 16 16 1 2 3 5 4 0
6 16 16 16 16 16 16 1 2 4 0 3 5
6 16 16 16 16 16 16 1 2 4 0 5 3
6 16 16 16 16 16 16 1 2 4 3 0 5
6 16 16 16 16 16 16 1 2 4 3 5 0
6 16 16 16 16 16 16 1 2 4 5 0 3
6 16 16 16 16 16 16 1 2 4 5 3 0
6 16 16 16 16 16 16 1 2 5 0 3 4
6 16 16 16 16 16 16 1 2 5 0 4 3
6 16 16 16 16 16 16 1 2 5 3 0 4
6 16 16 16 16 16 16 1 2 5 3 4 0
6 16 16 16 16 16 16 1 2 5 4 0 3
6 16 16 16 16 16 16 1 2 5 4 3 0
6 16 16 16 16 16 16 1 3 0 2 4 5
6 16 16 16 16 16 16 1 3 0 2 5 4
6 16 16 16 16 16 16 1 3 0 4 2 5
6 16 16 16 16 16 16 1 3 0 4 5 2
6 16 16 16 16 16 16 1 3 0 5 2 4
6 16 16 16 16 16 16 1 3 0 5 4 2
6 16 16 16 16 16 16 1 3 2 0 4 5
6 16 16 16 16 16 16 1 3 2 0 5 4
6 16 16 16 16 16 16 1 3 2 4 0 5
6 16 16 16 16 16 16 1 3 2 4 5 0
6 16 16 16 16 16 16 1 3 2 5 0 4
6 16 16 16 16 16 16 1 3 2 5 4 0
6 16 16 16 16 16 16 1 3 4 0 2 5
6 16 16 16 16 16 16 1 3 4 0 5 2
6 16 16 16 16 16 16 1 3 4 2 0 5
6 16 16 16 16 16 16 1 3 4 2 5 0
6 16 16 16 16 16 16 1 3 4 5 0 2
6 16 16 16 16 16 16 1 3 4 5 2 0
6 16 16 16 16 16 16 1 3 5 0 2 4
6 16 16 16 16 16 16 1 3 5 0 4 2
6 16 16 16 16 16 16 1 3 5 2 0 4
6 16 16 16 16 16 16 1 3 5 2 4 0
6 16 16 16 16 16 16 1 3 5 4 0 2
6 16 16 16 16 16 16 1 3 5 4 2 0
6 16 16 16 16 16 16 1 4 0 2 3 5
6 16 16 16 16 16 16 1 4 0 2 5 3
6 16 16 16 16 16 16 1 4 0 3 2 5
6 16 16 16 16 16 16 1 4 0 3 5 2
6 16 16 16 16 16 16 1 4 0 5 2 3
6 16 16 16 16 16 16 1 4 0 5 3 2
6 16 16 16 16 16 16 1 4 2 0 3 5
6 16 16 16 16 16 16 1 4 2 0 5 3
6 16 16 16 16 16 16 1 4 2 3 0 5
6 16 16 16 16 16 16 1 4 2 3 5 0
6 16 16 16 16 16 16 1 4 2 5 0 3
6 16 16 16 16 16 16 1 4 2 5 3 0
6 16 16 16 16 16 16 1 4 3 0 2 5
6 16 16 16 16 16 16 1 4 3 0 5 2
6 16 16 16 16 16 16 1 4 3 2 0 5
6 16 16 16 16 16 16 1 4 3 2 5 0
6 16 16 16 16 16 16 1 4 3 5 0 2
6 16 16 16 16 16 16 1 4 3 5 2 0
6 16 16 16 16 16 16 1 4 5 0 2 3
6 16 16 16 16 16 16 1 4 5 0 3 2
6 16 16 16 16 16 16 1 4 5 2 0 3
6 16 16 16 16 16 16 1 4 5 2 3 0
6 16 16 16 16 16 16 1 4 5 3 0 2
6 16 16 16 16 16 16 1 4 5 3 2 0
6 16 16 16 16 16 16 1 5 0 2 3 4
6 16 16 16 16 16 16 1 5 0 2 4 3
6 16 16 16 16 16 16 1 5 0 3 2 4
6 16 16 16 16 16 16 1 5 0 3 4 2
6 16 16 16 16 16 16 1 5 0 4 2 3
6 16 16 16 16 16 16 1 5 0 4 3 2
6 16 16 16 16 16 16 1 5 2 0 3 4
6 16 16 16 16 16 16 1 5 2 0 4 3
6 16 16 16 16 16 16 1 5 2 3 0 4
6 16 16 16 16 16 16 1 5 2 3 4 0
6 16 16 16 16 16 16 1 5 2 4 0 3
6 16 16 16 16 16 16 1 5 2 4 3 0
6 16 16 16 16 16 16 1 5 3 0 2 4
6 16 16 16 16 16 16 1 5 3 0 4 2
6 16 16 16 16 16 16 1 5 3 2 0 4
6 16 16 16 16 16 16 1 5 3 2 4 0
6 16 16 16 16 16 16 1 5 3 4 0 2
6 16 16 16 16 16 16 1 5 3 4 2 0
6 16 16 16 16 16 16 1 5 4 0 2 3
6 16 16 16 16 16 16 1 5 4 0 3 2
6 16 16 16 16 16 16 1 5 4 2 0 3
6 16 16 16 16 16 16 1 5 4 2 3 0
6 16 16 16 16 16 16 1 5 4 3 0 2
6 16 16 16 16 16 16 1 5 4 3 2 0
6 16 16 16 16 16 16 2 0 1 3 4 5
6 16 16 16 16 16 16 2 0 1 3 5 4
6 16 16 16 16 16 16 2 0 1 4 3 5
6 16 16 16 16 16 16 2 0 1 4 5 3
6 16 16 16 16 16 16 2 0 1 5 3 4
6 16 16 16 16 16 16 2 0 1 5 4 3
6 16 16 16 16 16 16 2 0 3 1 4 5
6 16 16 16 16 16 16 2 0 3 1 5 4
6 16 16 16 16 16 16 2 0 3 4 1 5
6 16 16 16 16 16 16 2 0 3 4 5 1
6 16 16 16 16 16 16 2 0 3 5 1 4
6 16 16 16 16 16 16 2 0 3 5 4 1
6 16 16 16 16 16 16 2 0 4 1 3 5
6 16 16 16 16 16 16 2 0 4 1 5 3
6 16 16 16 16 16 16 2 0 4 3 1 5
6 16 16 16 16 16 16 2 0 4 3 5 1
6 16 16 16 16 16 16 2 0 4 5 1 3
6 16 16 16 16 16 16 2 0 4 5 3 1
6 16 16 16 16 16 16 2 0 5 1 3 4
6 16 16 16 16 16 16 2 0 5 1 4 3
6 16 16 16 16 16 16 2 0 5 3 1 4
6 16 16 16 16 16 16 2 0 5 3 4 1
6 16 16 16 16 16 16 2 0 5 4 1 3
6 16 16 16 16 16 16 2 0 5 4 3 1
6 16 16 16 16 16 16 2 1 0 3 4 5
6 16 16 16 16 16 16 2 1 0 3 5 4
6 16 16 16 16 16 16 2 1 0 4 3 5
6 16 16 16 16 16 16 2 1 0 4 5 3
6 16 16 16 16 16 16 2 1 0 5 3 4
6 16 16 16 16 16 16 2 1 0 5 4 3
6 16 16 16 16 16 16 2 1 3 0 4 5
6 16 16 16 16 16 16 2 1 3 0 5 4
6 16 16 16 16 16 16 2 1 3 4 0 5
6 16 16 16 16 16 16 2 1 3 4 5 0
6 16 16 16 16 16 16 2 1 3 5 0 4
6 16 16 16 16 16 16 2 1 3 5 4 0
6 16 16 16 16 16 16 2 1 4 0 3 5
6 16 16 16 16 16 16 2 1 4 0 5 3
6 16 16 16 16 16 16 2 1 4 3 0 5
6 16 16 16 16 16 16 2 1 4 3 5 0
6 16 16 16 16 16 16 2 1 4 5 0 3
6 16 16 16 16 16 16 2 1 4 5 3 0
6 16 16 16 16 16 16 2 1 5 0 3 4
6 16 16 16 16 16 16 2 1 5 0 4 3
6 16 16 16 16 16 16 2 1 5 3 0 4
6 16 16 16 16 16 16 2 1 5 3 4 0
6 16 16 16 16 16 16 2 1 5 4 0 3
6 16 16 16 16 16 16 2 1 5 4 3 0
6 16 16 16 16 16 16 2 3 0 1 4 5
6 16 16 16 16 16 16 2 3 0 1 5 4
6 16 16 16 16 16 16 2 3 0 4 1 5
6 16 16 16 16 16 16 2 3 0 4 5 1
6 16 16 16 16 16 16 2 3 0 5 1 4
6 16 16 16 16 16 16 2 3 0 5 4 1
6 16 16 16 16 16 16 2 3 1 0 4 5
6 16 16 16 16 16 16 2 3 1 0 5 4
6 16 16 16 16 16 16 2 3 1 4 0 5
6 16 16 16 16 16 16 2 3 1 4 5 0
6 16 16 16 16 16 16 2 3 1 5 0 4
6 16 16 16 16 16 16 2 3 1 5 4 0
6 16 16 16 16 16 16 2 3 4 0 1 5
6 16 16 16 16 16 16 2 3 4 0 5 1
6 16 16 16 16 16 16 2 3 4 1 0 5
6 16 16 16 16 16 16 2 3 4 1 5 0
6 16 16 16 16 16 16 2 3 4 5 0 1
6 16 16 16 16 16 16 2 3 4 5 1 0
6 16 16 16 16 16 16 2 3 5 0 1 4
6 16 16 16 16 16 16 2 3 5 0 4 1
6 16 16 16 16 16 16 2 3 5 1 0 4
6 16 16 16 16 16 16 2 3 5 1 4 0
6 16 16 16 16 16 16 2 3 5 4 0 1
6 16 16 16 16 16 16 2 3 5 4 1 0
6 16 16 16 16 16 16 2 4 0 1 3 5
6 16 16 16 16 16 16 2 4 0 1 5 3
6 16 16 16 16 16 16 2 4 0 3 1 5
6 16 16 16 16 16 16 2 4 0 3 5 1
6 16 16 16 16 16 16 2 4 0 5 1 3
6 16 16 16 16 16 16 2 4 0 5 3 1
6 16 16 16 16 16 16 2 4 1 0 3 5
6 16 16 16 16 16 16 2 4 1 0 5 3
6 16 16 16 16 16 16 2 4 1 3 0 5
6 16 16 16 16 16 16 2 4 1 3 5 0
6 16 16 16 16 16 16 2 4 1 5 0 3
6 16 16 16 16 16 16 2 4 1 5 3 0
6 16 16 16 16 16 16 2 4 3 0 1 5
6 16 16 16 16 16 16 2 4 3 0 5 1
6 16 16 16 16 16 16 2 4 3 1 0 5
6 16 16 16 16 16 16 2 4 3 1 5 0
6 16 16 16 16 16 16 2 4 3 5 0 1
6 16 16 16 16 16 16 2 4 3 5 1 0
6 16 16 16 16 16 16 2 4 5 0 1 3
6 16 16 16 16 16 16 2 4 5 0 3 1
6 16 16 16 16 16 16 2 4 5 1 0 3
6 16 16 16 16 16 16 2 4 5 1 3 0
6 16 16 16 16 16 16 2 4 5 3 0 1
6 16 16 16 16 16 16 2 4 5 3 1 0
6 16 16 16 16 16 16 2 5 0 1 3 4
6 16 16 16 16 16 16 2 5 0 1 4 3
6 16 16 16 16 16 16 2 5 0 3 1 4
6 16 16 16 16 16 16 2 5 0 3 4 1
6 16 16 16 16 16 16 2 5 0 4 1 3
6 16 16 16 16 16 16 2 5 0 4 3 1
6 16 16 16 16 16 16 2 5 1 0 3 4
6 16 16 16 16 16 16 2 5 1 0 4 3
6 16 16 16 16 16 16 2 5 1 3 0 4
6 16 16 16 16 16 16 2 5 1 3 4 0
6 16 16 16 16 16 16 2 5 1 4 0 3
6 16 16 16 16 16 16 2 5 1 4 3 0
6 16 16 16 16 16 16 2 5 3 0 1 4
6 16 16 16 16 16 16 2 5 3 0 4 1
6 16 16 16 16 16 16 2 5 3 1 0 4
6 16 16 16 16 16 16 2 5 3 1 4 0
6 16 16 16 16 16 16 2 5 3 4 0 1
6 16 16 16 16 16 16 2 5 3 4 1 0
6 16 16 16 16 16 16 2 5 4 0 1 3
6 16 16 16 16 16 16 2 5 4 0 3 1
6 16 16 16 16 16 16 2 5 4 1 0 3
6 16 16 16 16 16 16 2 5 4 1 3 0
6 16 16 16 16 16 16 2 5 4 3 0 1
6 16 16 16 16 16 16 2 5 4 3 1 0
6 16 16 16 16 16 16 3 0 1 2 4 5
6 16 16 16 16 16 16 3 0 1 2 5 4
6 16 16 16 16 16 16 3 0 1 4 2 5
6 16 16 16 16 16 16 3 0 1 4 5 2
6 16 16 16 16 16 16 3 0 1 5 2 4
6 16 16 16 16 16 16 3 0 1 5 4 2
6 16 16 16 16 16 16 3 0 2 1 4 5
6 16 16 16 16 16 16 3 0 2 1 5 4
6 16 16 16 16 16 16 3 0 2 4 1 5
6 16 16 16 16 16 16 3 0 2 4 5 1
6 16 16 16 16 16 16 3 0 2 5 1 4
6 16 16 16 16 16 16 3 0 2 5 4 1
6 16 16 16 16 16 16 3 0 4 1 2 5
6 16 16 16 16 16 16 3 0 4 1 5 2
6 16 16 16 16 16 16 3 0 4 2 1 5
6 16 16 16 16 16 16 3 0 4 2 5 1
6 16 16 16 16 16 16 3 0 4 5 1 2
6 16 16 16 16 16 16 3 0 4 5 2 1
6 16 16 16 16 16 16 3 0 5 1 2 4
6 16 16 16 16 16 16 3 0 5 1 4 2
6 16 16 16 16 16 16 3 0 5 2 1 4
6 16 16 16 16 16 16 3 0 5 2 4 1
6 16 16 16 16 16 16 3 0 5 4 1 2
6 16 16 16 16 16 16 3 0 5 4 2 1
6 16 16 16 16 16 16 3 1 0 2 4 5
6 16 16 16 16 16 16 3 1 0 2 5 4
6 16 16 16 16 16 16 3 1 0 4 2 5
6 16 16 16 16 16 16 3 1 0 4 5 2
6 16 16 16 16 16 16 3 1 0 5 2 4
6 16 16 16 16 16 16 3 1 0 5 4 2
6 16 16 16 16 16 16 3 1 2 0 4 5
6 16 16 16 16 16 16 3 1 2 0 5 4
6 16 16 16 16 16 16 3 1 2 4 0 5
6 16 16 16 16 16 16 3 1 2 4 5 0
6 16 16 16 16 16 16 3 1 2 5 0 4
6 16 16 16 16 16 16 3 1 2 5 4 0
6 16 16 16 16 16 16 3 1 4 0 2 5
6 16 16 16 16 16 16 3 1 4 0 5 2
6 16 16 16 16 16 16 3 1 4 2 0 5
6 16 16 16 16 16 16 3 1 4 2 5 0
6 16 16 16 16 16 16 3 1 4 5 0 2
6 16 16 16 16 16 16 3 1 4 5 2 0
6 16 16 16 16 16 16 3 1 5 0 2 4
6 16 16 16 16 16 16 3 1 5 0 4 2
6 16 16 16 16 16 16 3 1 5 2 0 4
6 16 16 16 16 16 16 3 1 5 2 4 0
6 16 16 16 16 16 16 3 1 5 4 0 2
6 16 16 16 16 16 16 3 1 5 4 2 0
6 16 16 16 16 16 16 3 2 0 1 4 5
6 16 16 16 16 16 16 3 2 0 1 5 4
6 16 16 16 16 16 16 3 2 0 4 1 5
6 16 16 16 16 16 16 3 2 0 4 5 1
6 16 16 16 16 16 16 3 2 0 5 1 4
6 16 16 16 16 16 16 3 2 0 5 4 1
6 16 16 16 16 16 16 3 2 1 0 4 5
6 16 16 16 16 16 16 3 2 1 0 5 4
6 16 16 16 16 16 16 3 2 1 4 0 5
6 16 16 16 16 16 16 3 2 1 4 5 0
6 16 16 16 16 16 16 3 2 1 5 0 4
6 16 16 16 16 16 16 3 2 1 5 4 0
6 16 16 16 16 16 16 3 2 4 0 1 5
6 16 16 16 16 16 16 3 2 4 0 5 1
6 16 16 16 16 16 16 3 2 4 1 0 5
6 16 16 16 16 16 16 3 2 4 1 5 0
6 16 16 16 16 16 16 3 2 4 5 0 1
6 16 16 16 16 16 16 3 2 4 5 1 0
6 16 16 16 16 16 16 3 2 5 0 1 4
6 16 16 16 16 16 16 3 2 5 0 4 1
6 16 16 16 16 16 16 3 2 5 1 0 4
6 16 16 16 16 16 16 3 2 5 1 4 0
6 16 16 16 16 16 16 3 2 5 4 0 1
6 16 16 16 16 16 16 3 2 5 4 1 0
6 16 16 16 16 16 16 3 4 0 1 2 5
6 16 16 16 16 16 16 3 4 0 1 5 2
6 16 16 16 16 16 16 3 4 0 2 1 5
6 16 16 16 16 16 16 3 4 0 2 5 1
6 16 16 16 16 16 16 3 4 0 5 1 2
6 16 16 16 16 16 16 3 4 0 5 2 1
6 16 16 16 16 16 16 3 4 1 0 2 5
6 16 16 16 16 16 16 3 4 1 0 5 2
6 16 16 16 16 16 16 3 4 1 2 0 5
6 16 16 16 16 16 16 3 4 1 2 5 0
6 16 16 16 16 16 16 3 4 1 5 0 2
6 16 16 16 16 16 16 3 4 1 5 2 0
6 16 16 16 16 16 16 3 4 2 0 1 5
6 16 16 16 16 16 16 3 4 2 0 5 1
6 16 16 16 16 16 16 3 4 2 1 0 5
6 16 16 16 16 16 16 3 4 2 1 5 0
6 16 16 16 16 16 16 3 4 2 5 0 1
6 16 16 16 16 16 16 3 4 2 5 1 0
6 16 16 16 16 16 16 3 4 5 0 1 2
6 16 16 16 16 16 16 3 4 5 0 2 1
6 16 16 16 16 16 16 3 4 5 1 0 2
6 16 16 16 16 16 16 3 4 5 1 2 0
6 16 16 16 16 16 16 3 4 5 2 0 1
6 16 16 16 16 16 16 3 4 5 2 1 0
6 16 16 16 16 16 16 3 5 0 1 2 4
6 16 16 16 16 16 16 3 5 0 1 4 2
6 16 16 16 16 16 16 3 5 0 2 1 4
6 16 16 16 16 16 16 3 5 0 2 4 1
6 16 16 16 16 16 16 3 5 0 4 1 2
6 16 16 16 16 16 16 3 5 0 4 2 1
6 16 16 16 16 16 16 3 5 1 0 2 4
6 16 16 16 16 16 16 3 5 1 0 4 2
6 16 16 16 16 16 16 3 5 1 2 0 4
6 16 16 16 16 16 16 3 5 1 2 4 0
6 16 16 16 16 16 16 3 5 1 4 0 2
6 16 16 16 16 16 16 3 5 1 4 2 0
6 16 16 16 16 16 16 3 5 2 0 1 4
6 16 16 16 16 16 16 3 5 2 0 4 1
6 16 16 16 16 16 16 3 5 2 1 0 4
6 16 16 16 16 16 16 3 5 2 1 4 0
6 16 16 16 16 16 16 3 5 2 4 0 1
6 16 16 16 16 16 16 3 5 2 4 1 0
6 16 16 16 16 16 16 3 5 4 0 1 2
6 16 16 16 16 16 16 3 5 4 0 2 1
6 16 16 16 16 16 16 3 5 4 1 0 2
6 16 16 16 16 16 16 3 5 4 1 2 0
6 16 16 16 16 16 16 3 5 4 2 0 1
6 16 16 16 16 16 16 3 5 4 2 1 0
6 16 16 16 16 16 16 4 0 1 2 3 5
6 16 16 16 16 16 16 4 0 1 2 5 3
6 16 16 16 16 16 16 4 0 1 3 2 5
6 16 16 16 16 16 16 4 0 1 3 5 2
6 16 16 16 16 16 16 4 0 1 5 2 3
6 16 16 16 16 16 16 4 0 1 5 3 2
6 16 16 16 16 16 16 4 0 2 1 3 5
6 16 16 16 16 16 16 4 0 2 1 5 3
6 16 16 16 16 16 16 4 0 2 3 1 5
6 16 16 16 16 16 16 4 0 2 3 5 1
6 16 16 16 16 16 16 4 0 2 5 1 3
6 16 16 16 16 16 16 4 0 2 5 3 1
6 16 16 16 16 16 16 4 0 3 1 2 5
6 16 16 16 16 16 16 4 0 3 1 5 2
6 16 16 16 16 16 16 4 0 3 2 1 5
6 16 16 16 16 16 16 4 0 3 2 5 1
6 16 16 16 16 16 16 4 0 3 5 1 2
6 16 16 16 16 16 16 4 0 3 5 2 1
6 16 16 16 16 16 16 4 0 5 1 2 3
6 16 16 16 16 16 16 4 0 5 1 3 2
6 16 16 16 16 16 16 4 0 5 2 1 3
6 16 16 16 16 16 16 4 0 5 2 3 1
6 16 16 16 16 16 16 4 0 5 3 1 2
6 16 16 16 16 16 16 4 0 5 3 2 1
6 16 16 16 16 16 16 4 1 0 2 3 5
6 16 16 16 16 16 16 4 1 0 2 5 3
6 16 16 16 16 16 16 4 1 0 3 2 5
6 16 16 16 16 16 16 4 1 0 3 5 2
6 16 16 16 16 16 16 4 1 0 5 2 3
6 16 16 16 16 16 16 4 1 0 5 3 2
6 16 16 16 16 16 16 4 1 2 0 3 5
6 16 16 16 16 16 16 4 1 2 0 5 3
6 16 16 16 16 16 16 4 1 2 3 0 5
6 16 16 16 16 16 16 4 1 2 3 5 0
6 16 16 16 16 16 16 4 1 2 5 0 3
6 16 16 16 16 16 16 4 1 2 5 3 0
6 16 16 16 16 16 16 4 1 3 0 2 5
6 16 16 16 16 16 16 4 1 3 0 5 2
6 16 16 16 16 16 16 4 1 3 2 0 5
6 16 16 16 16 16 16 4 1 3 2 5 0
6 16 16 16 16 16 16 4 1 3 5 0 2
6 16 16 16 16 16 16 4 1 3 5 2 0
6 16 16 16 16 16 16 4 1 5 0 2 3
6 16 16 16 16 16 16 4 1 5 0 3 2
6 16 16 16 16 16 16 4 1 5 2 0 3
6 16 16 16 16 16 16 4 1 5 2 3 0
6 16 16 16 16 16 16 4 1 5 3 0 2
6 16 16 16 16 16 16 4 1 5 3 2 0
6 16 16 16 16 16 16 4 2 0 1 3 5
6 16 16 16 16 16 16 4 2 0 1 5 3
6 16 16 16 16 16 16 4 2 0 3 1 5
6 16 16 16 16 16 16 4 2 0 3 5 1
6 16 16 16 16 16 16 4 2 0 5 1 3
6 16 16 16 16 16 16 4 2 0 5 3 1
6 16 16 16 16 16 16 4 2 1 0 3 5
6 16 16 16 16 16 16 4 2 1 0 5 3
6 16 16 16 16 16 16 4 2 1 3 0 5
6 16 16 16 16 16 16 4 2 1 3 5 0
6 16 16 16 16 16 16 4 2 1 5 0 3
6 16 16 16 16 16 16 4 2 1 5 3 0
6 16 16 16 16 16 16 4 2 3 0 1 5
6 16 16 16 16 16 16 4 2 3 0 5 1
6 16 16 16 16 16 16 4 2 3 1 0 5
6 16 16 16 16 16 16 4 2 3 1 5 0
6 16 16 16 16 16 16 4 2 3 5 0 1
6 16 16 16 16 16 16 4 2 3 5 1 0
6 16 16 16 16 16 16 4 2 5 0 1 3
6 16 16 16 16 16 16 4 2 5 0 3 1
6 16 16 16 16 16 16 4 2 5 1 0 3
6 16 16 16 16 16 16 4 2 5 1 3 0
6 16 16 16 16 16 16 4 2 5 3 0 1
6 16 16 16 16 16 16 4 2 5 3 1 0
6 16 16 16 16 16 16 4 3 0 1 2 5
6 16 16 16 16 16 16 4 3 0 1 5 2
6 16 16 16 16 16 16 4 3 0 2 1 5
6 16 16 16 16 16 16 4 3 0 2 5 1
6 16 16 16 16 16 16 4 3 0 5 1 2
6 16 16 16 16 16 16 4 3 0 5 2 1
6 16 16 16 16 16 16 4 3 1 0 2 5
6 16 16 16 16 16 16 4 3 1 0 5 2
6 16 16 16 16 16 16 4 3 1 2 0 5
6 16 16 16 16 16 16 4 3 1 2 5 0
6 16 16 16 16 16 16 4 3 1 5 0 2
6 16 16 16 16 16 16 4 3 1 5 2 0
6 16 16 16 16 16 16 4 3 2 0 1 5
6 16 16 16 16 16 16 4 3 2 0 5 1
6 16 16 16 16 16 16 4 3 2 1 0 5
6 16 16 16 16 16 16 4 3 2 1 5 0
6 16 16 16 16 16 16 4 3 2 5 0 1
6 16 16 16 16 16 16 4 3 2 5 1 0
6 16 16 16 16 16 16 4 3 5 0 1 2
6 16 16 16 16 16 16 4 3 5 0 2 1
6 16 16 16 16 16 16 4 3 5 1 0 2
6 16 16 16 16 16 16 4 3 5 1 2 0
6 16 16 16 16 16 16 4 3 5 2 0 1
6 16 16 16 16 16 16 4 3 5 2 1 0
6 16 16 16 16 16 16 4 5 0 1 2 3
6 16 16 16 16 16 16 4 5 0 1 3 2
6 16 16 16 16 16 16 4 5 0 2 1 3
6 16 16 16 16 16 16 4 5 0 2 3 1
6 16 16 16 16 16 16 4 5 0 3 1 2
6 16 16 16 16 16 16 4 5 0 3 2 1
6 16 16 16 16 16 16 4 5 1 0 2 3
6 16 16 16 16 16 16 4 5 1 0 3 2
6 16 16 16 16 16 16 4 5 1 2 0 3
6 16 16 16 16 16 16 4 5 1 2 3 0
6 16 16 16 16 16 16 4 5 1 3 0 2
6 16 16 16 16 16 16 4 5 1 3 2 0
6 16 16 16 16 16 16 4 5 2 0 1 3
6 16 16 16 16 16 16 4 5 2 0 3 1
6 16 16 16 16 16 16 4 5 2 1 0 3
6 16 16 16 16 16 16 4 5 2 1 3 0
6 16 16 16 16 16 16 4 5 2 3 0 1
6 16 16 16 16 16 16 4 5 2 3 1 0
6 16 16 16 16 16 16 4 5 3 0 1 2
6 16 16 16 16 16 16 4 5 3 0 2 1
6 16 16 16 16 16 16 4 5 3 1 0 2
6 16 16 16 16 16 16 4 5 3 1 2 0
6 16 16 16 16 16 16 4 5 3 2 0 1
6 16 16 16 16 16 16 4 5 3 2 1 0
6 16 16 16 16 16 16 5 0 1 2 3 4
6 16 16 16 16 16 16 5 0 1 2 4 3
6 16 16 16 16 16 16 5 0 1 3 2 4
6 16 16 16 16 16 16 5 0 1 3 4 2
6 16 16 16 16 16 16 5 0 1 4 2 3
6 16 16 16 16 16 16 5 0 1 4 3 2
6 16 16 16 16 16 16 5 0 2 1 3 4
6 16 16 16 16 16 16 5 0 2 1 4 3
6 16 16 16 16 16 16 5 0 2 3 1 4
6 16 16 16 16 16 16 5 0 2 3 4 1
6 16 16 16 16 16 16 5 0 2 4 1 3
6 16 16 16 16 16 16 5 0 2 4 3 1
6 16 16 16 16 16 16 5 0 3 1 2 4
6 16 16 16 16 16 16 5 0 3 1 4 2
6 16 16 16 16 16 16 5 0 3 2 1 4
6 16 16 16 16 16 16 5 0 3 2 4 1
6 16 16 16 16 16 16 5 0 3 4 1 2
6 16 16 16 16 16 16 5 0 3 4 2 1
6 16 16 16 16 16 16 5 0 4 1 2 3
6 16 16 16 16 16 16 5 0 4 1 3 2
6 16 16 16 16 16 16 5 0 4 2 1 3
6 16 16 16 16 16 16 5 0 4 2 3 1
6 16 16 16 16 16 16 5 0 4 3 1 2
6 16 16 16 16 16 16 5 0 4 3 2 1
6 16 16 16 16 16 16 5 1 0 2 3 4
6 16 16 16 16 16 16 5 1 0 2 4 3
6 16 16 16 16 16 16 5 1 0 3 2 4
6 16 16 16 16 16 16 5 1 0 3 4 2
6 16 16 16 16 16 16 5 1 0 4 2 3
6 16 16 16 16 16 16 5 1 0 4 3 2
6 16 16 16 16 16 16 5 1 2 0 3 4
6 16 16 16 16 16 16 5 1 2 0 4 3
6 16 16 16 16 16 16 5 1 2 3 0 4
6 16 16 16 16 16 16 5 1 2 3 4 0
6 16 16 16 16 16 16 5 1 2 4 0 3
6 16 16 16 16 16 16 5 1 2 4 3 0
6 16 16 16 16 16 16 5 1 3 0 2 4
6 16 16 16 16 16 16 5 1 3 0 4 2
6 16 16 16 16 16 16 5 1 3 2 0 4
6 16 16 16 16 16 16 5 1 3 2 4 0
6 16 16 16 16 16 16 5 1 3 4 0 2
6 16 16 16 16 16 16 5 1 3 4 2 0
6 16 16 16 16 16 16 5 1 4 0 2 3
6 16 16 16 16 16 16 5 1 4 0 3 2
6 16 16 16 16 16 16 5 1 4 2 0 3
6 16 16 16 16 16 16 5 1 4 2 3 0
6 16 16 16 16 16 16 5 1 4 3 0 2
6 16 16 16 16 16 16 5 1 4 3 2 0
6 16 16 16 16 16 16 5 2 0 1 3 4
6 16 16 16 16 16 16 5 2 0 1 4 3
6 16 16 16 16 16 16 5 2 0 3 1 4
6 16 16 16 16 16 16 5 2 0 3 4 1
6 16 16 16 16 16 16 5 2 0 4 1 3
6 16 16 16 16 16 16 5 2 0 4 3 1
6 16 16 16 16 16 16 5 2 1 0 3 4
6 16 16 16 16 16 16 5 2 1 0 4 3
6 16 16 16 16 16 16 5 2 1 3 0 4
6 16 16 16 16 16 16 5 2 1 3 4 0
6 16 16 16 16 16 16 5 2 1 4 0 3
6 16 16 16 16 16 16 5 2 1 4 3 0
6 16 16 16 16 16 16 5 2 3 0 1 4
6 16 16 16 16 16 16 5 2 3 0 4 1
6 16 16 16 16 16 16 5 2 3 1 0 4
6 16 16 16 16 16 16 5 2 3 1 4 0
6 16 16 16 16 16 16 5 2 3 4 0 1
6 16 16 16 16 16 16 5 2 3 4 1 0
6 16 16 16 16 16 16 5 2 4 0 1 3
6 16 16 16 16 16 16 5 2 4 0 3 1
6 16 16 16 16 16 16 5 2 4 1 0 3
6 16 16 16 16 16 16 5 2 4 1 3 0
6 16 16 16 16 16 16 5 2 4 3 0 1
6 16 16 16 16 16 16 5 2 4 3 1 0
6 16 16 16 16 16 16 5 3 0 1 2 4
6 16 16 16 16 16 16 5 3 0 1 4 2
6 16 16 16 16 16 16 5 3 0 2 1 4
6 16 16 16 16 16 16 5 3 0 2 4 1
6 16 16 16 16 16 16 5 3 0 4 1 2
6 16 16 16 16 16 16 5 3 0 4 2 1
6 16 16 16 16 16 16 5 3 1 0 2 4
6 16 16 16 16 16 16 5 3 1 0 4 2
6 16 16 16 16 16 16 5 3 1 2 0 4
6 16 16 16 16 16 16 5 3 1 2 4 0
6 16 16 16 16 16 16 5 3 1 4 0 2
6 16 16 16 16 16 16 5 3 1 4 2 0
6 16 16 16 16 16 16 5 3 2 0 1 4
6 16 16 16 16 16 16 5 3 2 0 4 1
6 16 16 16 16 16 16 5 3 2 1 0 4
6 16 16 16 16 16 16 5 3 2 1 4 0
6 16 16 16 16 16 16 5 3 2 4 0 1
6 16 16 16 16 16 16 5 3 2 4 1 0
6 16 16 16 16 16 16 5 3 4 0 1 2
6 16 16 16 16 16 16 5 3 4 0 2 1
6 16 16 16 16 16 16 5 3 4 1 0 2
6 16 16 16 16 16 16 5 3 4 1 2 0
6 16 16 16 16 16 16 5 3 4 2 0 1
6 16 16 16 16 16 16 5 3 4 2 1 0
6 16 16 16 16 16 16 5 4 0 1 2 3
6 16 16 16 16 16 16 5 4 0 1 3 2
6 16 16 16 16 16 16 5 4 0 2 1 3
6 16 16 16 16 16 16 5 4 0 2 3 1
6 16 16 16 16 16 16 5 4 0 3 1 2
6 16 16 16 16 16 16 5 4 0 3 2 1
6 16 16 16 16 16 16 5 4 1 0 2 3
6 16 16 16 16 16 16 5 4 1 0 3 2
6 16 16 16 16 16 16 5 4 1 2 0 3
6 16 16 16 16 16 16 5 4 1 2 3 0
6 16 16 16 16 16 16 5 4 1 3 0 2
6 16 16 16 16 16 16 5 4 1 3 2 0
6 16 16 16 16 16 16 5 4 2 0 1 3
6 16 16 16 16 16 16 5 4 2 0 3 1
6 16 16 16 16 16 16 5 4 2 1 0 3
6 16 16 16 16 16 16 5 4 2 1 3 0
6 16 16 16 16 16 16 5 4 2 3 0 1
6 16 16 16 16 16 16 5 4 2 3 1 0
6 16 16 16 16 16 16 5 4 3 0 1 2
6 16 16 16 16 16 16 5 4 3 0 2 1
6 16 16 16 16 16 16 5 4 3 1 0 2
6 16 16 16 16 16 16 5 4 3 1 2 0
6 16 16 16 16 16 16 5 4 3 2 0 1
6 16 16 16 16 16 16 5 4 3 2 1 0
