3 529 529 529 1 0 2 
4 529 529 23 23 1 0 3 2 
3 529 12167 23 1 0 2 
2 529 279841 1 0 
4 529 529 23 23 1 3 0 2 
4 529 529 23 23 1 3 2 0 
3 12167 529 23 1 0 2 
4 529 23 529 23 2 0 3 1 
4 529 23 529 23 2 1 0 3 
4 529 23 529 23 2 1 3 0 
2 12167 12167 1 0 
3 529 23 12167 2 1 0 
2 279841 529 1 0 
4 529 23 23 529 3 0 2 1 
4 529 23 23 529 3 1 0 2 
3 529 529 529 2 1 0 
3 12167 23 529 2 1 0 
4 529 23 23 529 3 2 1 0 
3 77 529 3174 1 0 2 
4 77 529 46 69 1 0 3 2 
3 77 24334 69 1 0 2 
2 77 1679046 1 0 
4 77 529 46 69 1 3 0 2 
4 77 529 46 69 1 3 2 0 
3 1771 1058 69 1 0 2 
4 77 23 1058 69 2 0 3 1 
4 77 23 1058 69 2 1 0 3 
4 77 23 1058 69 2 1 3 0 
2 1771 73002 1 0 
3 77 23 73002 2 1 0 
3 40733 46 69 1 0 2 
4 1771 23 46 69 2 0 3 1 
5 77 23 23 46 69 3 0 2 1 4 
5 77 23 23 46 69 3 0 2 4 1 
4 77 529 46 69 2 0 3 1 
5 77 23 23 46 69 3 0 4 2 1 
5 77 23 23 46 69 3 1 0 2 4 
5 77 23 23 46 69 3 1 0 4 2 
4 77 529 46 69 2 1 0 3 
4 77 529 46 69 2 1 3 0 
5 77 23 23 46 69 3 1 4 0 2 
5 77 23 23 46 69 3 1 4 2 0 
4 1771 23 46 69 2 1 0 3 
5 77 23 23 46 69 3 2 0 4 1 
5 77 23 23 46 69 3 2 1 0 4 
5 77 23 23 46 69 3 2 1 4 0 
4 1771 23 46 69 2 1 3 0 
5 77 23 23 46 69 3 2 4 1 0 
2 40733 3174 1 0 
4 77 23 23 3174 3 0 2 1 
4 77 23 23 3174 3 1 0 2 
3 77 529 3174 2 1 0 
3 1771 23 3174 2 1 0 
4 77 23 23 3174 3 2 1 0 
2 1873718 69 1 0 
4 1771 23 46 69 3 0 2 1 
5 77 23 23 46 69 4 0 2 1 3 
4 77 23 1058 69 3 0 2 1 
4 77 529 46 69 3 0 2 1 
5 77 23 23 46 69 4 0 3 2 1 
4 77 23 1058 69 3 1 0 2 
5 77 23 23 46 69 4 1 0 3 2 
4 77 529 46 69 3 1 0 2 
3 77 24334 69 2 1 0 
5 77 23 23 46 69 4 1 3 0 2 
5 77 23 23 46 69 4 1 3 2 0 
4 1771 23 46 69 3 1 0 2 
5 77 23 23 46 69 4 2 0 3 1 
5 77 23 23 46 69 4 2 1 0 3 
5 77 23 23 46 69 4 2 1 3 0 
3 1771 1058 69 2 1 0 
4 77 23 1058 69 3 2 1 0 
3 40733 46 69 2 1 0 
5 77 23 23 46 69 4 3 0 2 1 
5 77 23 23 46 69 4 3 1 0 2 
4 77 529 46 69 3 2 1 0 
4 1771 23 46 69 3 2 1 0 
5 77 23 23 46 69 4 3 2 1 0 
3 69 46 40733 1 0 2 
5 69 46 529 11 7 1 0 2 4 3 
6 69 46 23 23 11 7 1 0 2 4 3 5 
5 69 46 23 23 77 1 0 2 4 3 
5 69 46 23 253 7 1 0 2 4 3 
6 69 46 23 23 11 7 1 0 2 5 4 3 
5 69 46 23 23 77 1 0 3 2 4 
6 69 46 23 23 11 7 1 0 3 2 5 4 
5 69 46 23 253 7 1 0 3 2 4 
4 69 46 23 1771 1 0 3 2 
6 69 46 23 23 11 7 1 0 3 5 2 4 
6 69 46 23 23 11 7 1 0 3 5 4 2 
5 69 46 529 11 7 1 0 3 2 4 
6 69 46 23 23 11 7 1 0 4 2 5 3 
6 69 46 23 23 11 7 1 0 4 3 2 5 
6 69 46 23 23 11 7 1 0 4 3 5 2 
4 69 46 529 77 1 0 3 2 
5 69 46 23 23 77 1 0 4 3 2 
4 69 46 5819 7 1 0 3 2 
6 69 46 23 23 11 7 1 0 5 2 4 3 
6 69 46 23 23 11 7 1 0 5 3 2 4 
5 69 46 23 253 7 1 0 4 3 2 
5 69 46 529 11 7 1 0 4 3 2 
6 69 46 23 23 11 7 1 0 5 4 3 2 
3 69 1058 1771 1 0 2 
5 69 1058 23 11 7 1 0 2 4 3 
5 69 1058 23 11 7 1 0 3 2 4 
4 69 1058 23 77 1 0 3 2 
4 69 1058 253 7 1 0 3 2 
5 69 1058 23 11 7 1 0 4 3 2 
3 69 24334 77 1 0 2 
4 69 24334 11 7 1 0 3 2 
3 69 267674 7 1 0 2 
2 69 1873718 1 0 
4 69 24334 11 7 1 3 0 2 
4 69 24334 11 7 1 3 2 0 
5 69 1058 23 11 7 1 3 0 2 4 
5 69 1058 23 11 7 1 3 0 4 2 
5 69 1058 23 11 7 1 3 2 0 4 
5 69 1058 23 11 7 1 3 2 4 0 
4 69 1058 23 77 1 3 0 2 
4 69 1058 23 77 1 3 2 0 
4 69 1058 253 7 1 3 0 2 
5 69 1058 23 11 7 1 4 0 3 2 
5 69 1058 23 11 7 1 4 2 0 3 
4 69 1058 253 7 1 3 2 0 
5 69 1058 23 11 7 1 4 3 0 2 
5 69 1058 23 11 7 1 4 3 2 0 
5 69 46 23 23 77 1 3 0 2 4 
6 69 46 23 23 11 7 1 3 0 2 5 4 
6 69 46 23 23 11 7 1 3 0 4 2 5 
5 69 46 23 23 77 1 3 0 4 2 
6 69 46 23 23 11 7 1 3 0 5 2 4 
6 69 46 23 23 11 7 1 3 0 5 4 2 
5 69 46 23 23 77 1 3 2 0 4 
6 69 46 23 23 11 7 1 3 2 0 5 4 
6 69 46 23 23 11 7 1 3 2 4 0 5 
5 69 46 23 23 77 1 3 2 4 0 
6 69 46 23 23 11 7 1 3 2 5 0 4 
6 69 46 23 23 11 7 1 3 2 5 4 0 
5 69 46 23 253 7 1 3 0 2 4 
5 69 46 23 253 7 1 3 0 4 2 
5 69 46 23 253 7 1 3 2 0 4 
5 69 46 23 253 7 1 3 2 4 0 
4 69 46 23 1771 1 3 0 2 
4 69 46 23 1771 1 3 2 0 
6 69 46 23 23 11 7 1 3 5 0 2 4 
6 69 46 23 23 11 7 1 3 5 0 4 2 
6 69 46 23 23 11 7 1 3 5 2 0 4 
6 69 46 23 23 11 7 1 3 5 2 4 0 
6 69 46 23 23 11 7 1 3 5 4 0 2 
6 69 46 23 23 11 7 1 3 5 4 2 0 
5 69 46 529 11 7 1 3 0 2 4 
6 69 46 23 23 11 7 1 4 0 2 5 3 
6 69 46 23 23 11 7 1 4 0 3 2 5 
6 69 46 23 23 11 7 1 4 0 3 5 2 
5 69 46 529 11 7 1 3 0 4 2 
6 69 46 23 23 11 7 1 4 0 5 3 2 
6 69 46 23 23 11 7 1 4 2 0 3 5 
6 69 46 23 23 11 7 1 4 2 0 5 3 
5 69 46 529 11 7 1 3 2 0 4 
5 69 46 529 11 7 1 3 2 4 0 
6 69 46 23 23 11 7 1 4 2 5 0 3 
6 69 46 23 23 11 7 1 4 2 5 3 0 
6 69 46 23 23 11 7 1 4 3 0 2 5 
6 69 46 23 23 11 7 1 4 3 0 5 2 
6 69 46 23 23 11 7 1 4 3 2 0 5 
6 69 46 23 23 11 7 1 4 3 2 5 0 
6 69 46 23 23 11 7 1 4 3 5 0 2 
6 69 46 23 23 11 7 1 4 3 5 2 0 
4 69 46 529 77 1 3 0 2 
5 69 46 23 23 77 1 4 0 3 2 
5 69 46 23 23 77 1 4 2 0 3 
4 69 46 529 77 1 3 2 0 
5 69 46 23 23 77 1 4 3 0 2 
5 69 46 23 23 77 1 4 3 2 0 
4 69 46 5819 7 1 3 0 2 
6 69 46 23 23 11 7 1 5 0 2 4 3 
6 69 46 23 23 11 7 1 5 0 3 2 4 
5 69 46 23 253 7 1 4 0 3 2 
5 69 46 529 11 7 1 4 0 3 2 
6 69 46 23 23 11 7 1 5 0 4 3 2 
5 69 46 23 253 7 1 4 2 0 3 
6 69 46 23 23 11 7 1 5 2 0 4 3 
5 69 46 529 11 7 1 4 2 0 3 
4 69 46 5819 7 1 3 2 0 
6 69 46 23 23 11 7 1 5 2 4 0 3 
6 69 46 23 23 11 7 1 5 2 4 3 0 
6 69 46 23 23 11 7 1 5 3 0 2 4 
6 69 46 23 23 11 7 1 5 3 0 4 2 
6 69 46 23 23 11 7 1 5 3 2 0 4 
6 69 46 23 23 11 7 1 5 3 2 4 0 
5 69 46 23 253 7 1 4 3 0 2 
5 69 46 23 253 7 1 4 3 2 0 
5 69 46 529 11 7 1 4 3 0 2 
6 69 46 23 23 11 7 1 5 4 0 3 2 
6 69 46 23 23 11 7 1 5 4 2 0 3 
5 69 46 529 11 7 1 4 3 2 0 
6 69 46 23 23 11 7 1 5 4 3 0 2 
6 69 46 23 23 11 7 1 5 4 3 2 0 
3 3174 529 77 1 0 2 
4 3174 529 11 7 1 0 3 2 
5 69 46 529 11 7 2 0 3 1 4 
4 69 46 529 77 2 0 3 1 
5 69 46 529 11 7 2 0 4 1 3 
5 69 46 529 11 7 2 0 4 3 1 
4 69 46 529 77 2 1 0 3 
5 69 46 529 11 7 2 1 0 4 3 
5 69 46 529 11 7 2 1 3 0 4 
4 69 46 529 77 2 1 3 0 
5 69 46 529 11 7 2 1 4 0 3 
5 69 46 529 11 7 2 1 4 3 0 
3 3174 5819 7 1 0 2 
4 69 46 5819 7 2 0 3 1 
4 69 46 5819 7 2 1 0 3 
4 69 46 5819 7 2 1 3 0 
2 3174 40733 1 0 
3 69 46 40733 2 1 0 
4 3174 529 11 7 1 3 0 2 
5 69 46 529 11 7 2 4 0 3 1 
5 69 46 529 11 7 2 4 1 0 3 
5 69 46 529 11 7 2 4 1 3 0 
4 3174 529 11 7 1 3 2 0 
5 69 46 529 11 7 2 4 3 1 0 
3 73002 253 7 1 0 2 
4 3174 23 253 7 2 0 3 1 
5 69 46 23 253 7 3 0 2 1 4 
5 69 46 23 253 7 3 0 2 4 1 
4 69 1058 253 7 2 0 3 1 
5 69 46 23 253 7 3 0 4 2 1 
5 69 46 23 253 7 3 1 0 2 4 
5 69 46 23 253 7 3 1 0 4 2 
4 69 1058 253 7 2 1 0 3 
4 69 1058 253 7 2 1 3 0 
5 69 46 23 253 7 3 1 4 0 2 
5 69 46 23 253 7 3 1 4 2 0 
4 3174 23 253 7 2 1 0 3 
5 69 46 23 253 7 3 2 0 4 1 
5 69 46 23 253 7 3 2 1 0 4 
5 69 46 23 253 7 3 2 1 4 0 
4 3174 23 253 7 2 1 3 0 
5 69 46 23 253 7 3 2 4 1 0 
2 73002 1771 1 0 
4 69 46 23 1771 3 0 2 1 
4 69 46 23 1771 3 1 0 2 
3 69 1058 1771 2 1 0 
3 3174 23 1771 2 1 0 
4 69 46 23 1771 3 2 1 0 
2 1679046 77 1 0 
4 3174 23 23 77 3 0 2 1 
5 69 46 23 23 77 4 0 2 1 3 
4 69 46 529 77 3 0 2 1 
4 69 1058 23 77 3 0 2 1 
5 69 46 23 23 77 4 0 3 2 1 
4 69 46 529 77 3 1 0 2 
5 69 46 23 23 77 4 1 0 3 2 
4 69 1058 23 77 3 1 0 2 
3 69 24334 77 2 1 0 
5 69 46 23 23 77 4 1 3 0 2 
5 69 46 23 23 77 4 1 3 2 0 
4 3174 23 23 77 3 1 0 2 
5 69 46 23 23 77 4 2 0 3 1 
5 69 46 23 23 77 4 2 1 0 3 
5 69 46 23 23 77 4 2 1 3 0 
3 3174 529 77 2 1 0 
4 69 46 529 77 3 2 1 0 
3 73002 23 77 2 1 0 
5 69 46 23 23 77 4 3 0 2 1 
5 69 46 23 23 77 4 3 1 0 2 
4 69 1058 23 77 3 2 1 0 
4 3174 23 23 77 3 2 1 0 
5 69 46 23 23 77 4 3 2 1 0 
3 104 1254 1014 1 0 2 
4 104 1254 39 26 1 0 3 2 
3 104 48906 26 1 0 2 
2 104 1271556 1 0 
4 104 1254 39 26 1 3 0 2 
4 104 1254 39 26 1 3 2 0 
3 1976 66 1014 1 0 2 
4 1976 66 39 26 1 0 3 2 
5 104 19 66 39 26 2 0 3 1 4 
4 104 19 66 1014 2 0 3 1 
5 104 19 66 39 26 2 0 4 1 3 
5 104 19 66 39 26 2 0 4 3 1 
4 104 19 66 1014 2 1 0 3 
5 104 19 66 39 26 2 1 0 4 3 
5 104 19 66 39 26 2 1 3 0 4 
4 104 19 66 1014 2 1 3 0 
5 104 19 66 39 26 2 1 4 0 3 
5 104 19 66 39 26 2 1 4 3 0 
3 1976 2574 26 1 0 2 
4 104 19 2574 26 2 0 3 1 
4 104 19 2574 26 2 1 0 3 
4 104 19 2574 26 2 1 3 0 
2 1976 66924 1 0 
3 104 19 66924 2 1 0 
4 1976 66 39 26 1 3 0 2 
5 104 19 66 39 26 2 4 0 3 1 
5 104 19 66 39 26 2 4 1 0 3 
5 104 19 66 39 26 2 4 1 3 0 
4 1976 66 39 26 1 3 2 0 
5 104 19 66 39 26 2 4 3 1 0 
3 130416 39 26 1 0 2 
4 1976 66 39 26 2 0 3 1 
5 104 19 66 39 26 3 0 2 1 4 
5 104 19 66 39 26 3 0 2 4 1 
4 104 1254 39 26 2 0 3 1 
5 104 19 66 39 26 3 0 4 2 1 
5 104 19 66 39 26 3 1 0 2 4 
5 104 19 66 39 26 3 1 0 4 2 
4 104 1254 39 26 2 1 0 3 
4 104 1254 39 26 2 1 3 0 
5 104 19 66 39 26 3 1 4 0 2 
5 104 19 66 39 26 3 1 4 2 0 
4 1976 66 39 26 2 1 0 3 
5 104 19 66 39 26 3 2 0 4 1 
5 104 19 66 39 26 3 2 1 0 4 
5 104 19 66 39 26 3 2 1 4 0 
4 1976 66 39 26 2 1 3 0 
5 104 19 66 39 26 3 2 4 1 0 
2 130416 1014 1 0 
4 104 19 66 1014 3 0 2 1 
4 104 19 66 1014 3 1 0 2 
3 104 1254 1014 2 1 0 
3 1976 66 1014 2 1 0 
4 104 19 66 1014 3 2 1 0 
3 66 32 154128 1 0 2 
5 66 32 507 16 19 1 0 2 4 3 
6 66 32 39 13 16 19 1 0 2 4 3 5 
5 66 32 39 13 304 1 0 2 4 3 
5 66 32 39 208 19 1 0 2 4 3 
6 66 32 39 13 16 19 1 0 2 5 4 3 
5 66 32 39 13 304 1 0 3 2 4 
6 66 32 39 13 16 19 1 0 3 2 5 4 
5 66 32 39 208 19 1 0 3 2 4 
4 66 32 39 3952 1 0 3 2 
6 66 32 39 13 16 19 1 0 3 5 2 4 
6 66 32 39 13 16 19 1 0 3 5 4 2 
5 66 32 507 16 19 1 0 3 2 4 
6 66 32 39 13 16 19 1 0 4 2 5 3 
6 66 32 39 13 16 19 1 0 4 3 2 5 
6 66 32 39 13 16 19 1 0 4 3 5 2 
4 66 32 507 304 1 0 3 2 
5 66 32 39 13 304 1 0 4 3 2 
4 66 32 8112 19 1 0 3 2 
6 66 32 39 13 16 19 1 0 5 2 4 3 
6 66 32 39 13 16 19 1 0 5 3 2 4 
5 66 32 39 208 19 1 0 4 3 2 
5 66 32 507 16 19 1 0 4 3 2 
6 66 32 39 13 16 19 1 0 5 4 3 2 
3 66 1248 3952 1 0 2 
5 66 1248 13 16 19 1 0 2 4 3 
5 66 1248 13 16 19 1 0 3 2 4 
4 66 1248 13 304 1 0 3 2 
4 66 1248 208 19 1 0 3 2 
5 66 1248 13 16 19 1 0 4 3 2 
3 66 16224 304 1 0 2 
4 66 16224 16 19 1 0 3 2 
3 66 259584 19 1 0 2 
2 66 4932096 1 0 
4 66 16224 16 19 1 3 0 2 
4 66 16224 16 19 1 3 2 0 
5 66 1248 13 16 19 1 3 0 2 4 
5 66 1248 13 16 19 1 3 0 4 2 
5 66 1248 13 16 19 1 3 2 0 4 
5 66 1248 13 16 19 1 3 2 4 0 
4 66 1248 13 304 1 3 0 2 
4 66 1248 13 304 1 3 2 0 
4 66 1248 208 19 1 3 0 2 
5 66 1248 13 16 19 1 4 0 3 2 
5 66 1248 13 16 19 1 4 2 0 3 
4 66 1248 208 19 1 3 2 0 
5 66 1248 13 16 19 1 4 3 0 2 
5 66 1248 13 16 19 1 4 3 2 0 
5 66 32 39 13 304 1 3 0 2 4 
6 66 32 39 13 16 19 1 3 0 2 5 4 
6 66 32 39 13 16 19 1 3 0 4 2 5 
5 66 32 39 13 304 1 3 0 4 2 
6 66 32 39 13 16 19 1 3 0 5 2 4 
6 66 32 39 13 16 19 1 3 0 5 4 2 
5 66 32 39 13 304 1 3 2 0 4 
6 66 32 39 13 16 19 1 3 2 0 5 4 
6 66 32 39 13 16 19 1 3 2 4 0 5 
5 66 32 39 13 304 1 3 2 4 0 
6 66 32 39 13 16 19 1 3 2 5 0 4 
6 66 32 39 13 16 19 1 3 2 5 4 0 
5 66 32 39 208 19 1 3 0 2 4 
5 66 32 39 208 19 1 3 0 4 2 
5 66 32 39 208 19 1 3 2 0 4 
5 66 32 39 208 19 1 3 2 4 0 
4 66 32 39 3952 1 3 0 2 
4 66 32 39 3952 1 3 2 0 
6 66 32 39 13 16 19 1 3 5 0 2 4 
6 66 32 39 13 16 19 1 3 5 0 4 2 
6 66 32 39 13 16 19 1 3 5 2 0 4 
6 66 32 39 13 16 19 1 3 5 2 4 0 
6 66 32 39 13 16 19 1 3 5 4 0 2 
6 66 32 39 13 16 19 1 3 5 4 2 0 
5 66 32 507 16 19 1 3 0 2 4 
6 66 32 39 13 16 19 1 4 0 2 5 3 
6 66 32 39 13 16 19 1 4 0 3 2 5 
6 66 32 39 13 16 19 1 4 0 3 5 2 
5 66 32 507 16 19 1 3 0 4 2 
6 66 32 39 13 16 19 1 4 0 5 3 2 
6 66 32 39 13 16 19 1 4 2 0 3 5 
6 66 32 39 13 16 19 1 4 2 0 5 3 
5 66 32 507 16 19 1 3 2 0 4 
5 66 32 507 16 19 1 3 2 4 0 
6 66 32 39 13 16 19 1 4 2 5 0 3 
6 66 32 39 13 16 19 1 4 2 5 3 0 
6 66 32 39 13 16 19 1 4 3 0 2 5 
6 66 32 39 13 16 19 1 4 3 0 5 2 
6 66 32 39 13 16 19 1 4 3 2 0 5 
6 66 32 39 13 16 19 1 4 3 2 5 0 
6 66 32 39 13 16 19 1 4 3 5 0 2 
6 66 32 39 13 16 19 1 4 3 5 2 0 
4 66 32 507 304 1 3 0 2 
5 66 32 39 13 304 1 4 0 3 2 
5 66 32 39 13 304 1 4 2 0 3 
4 66 32 507 304 1 3 2 0 
5 66 32 39 13 304 1 4 3 0 2 
5 66 32 39 13 304 1 4 3 2 0 
4 66 32 8112 19 1 3 0 2 
6 66 32 39 13 16 19 1 5 0 2 4 3 
6 66 32 39 13 16 19 1 5 0 3 2 4 
5 66 32 39 208 19 1 4 0 3 2 
5 66 32 507 16 19 1 4 0 3 2 
6 66 32 39 13 16 19 1 5 0 4 3 2 
5 66 32 39 208 19 1 4 2 0 3 
6 66 32 39 13 16 19 1 5 2 0 4 3 
5 66 32 507 16 19 1 4 2 0 3 
4 66 32 8112 19 1 3 2 0 
6 66 32 39 13 16 19 1 5 2 4 0 3 
6 66 32 39 13 16 19 1 5 2 4 3 0 
6 66 32 39 13 16 19 1 5 3 0 2 4 
6 66 32 39 13 16 19 1 5 3 0 4 2 
6 66 32 39 13 16 19 1 5 3 2 0 4 
6 66 32 39 13 16 19 1 5 3 2 4 0 
5 66 32 39 208 19 1 4 3 0 2 
5 66 32 39 208 19 1 4 3 2 0 
5 66 32 507 16 19 1 4 3 0 2 
6 66 32 39 13 16 19 1 5 4 0 3 2 
6 66 32 39 13 16 19 1 5 4 2 0 3 
5 66 32 507 16 19 1 4 3 2 0 
6 66 32 39 13 16 19 1 5 4 3 0 2 
6 66 32 39 13 16 19 1 5 4 3 2 0 
3 2112 39 3952 1 0 2 
5 2112 39 13 16 19 1 0 2 4 3 
5 2112 39 13 16 19 1 0 3 2 4 
4 2112 39 13 304 1 0 3 2 
4 2112 39 208 19 1 0 3 2 
5 2112 39 13 16 19 1 0 4 3 2 
5 66 32 39 13 304 2 0 3 1 4 
6 66 32 39 13 16 19 2 0 3 1 5 4 
5 66 32 39 208 19 2 0 3 1 4 
4 66 32 39 3952 2 0 3 1 
6 66 32 39 13 16 19 2 0 3 5 1 4 
6 66 32 39 13 16 19 2 0 3 5 4 1 
6 66 32 39 13 16 19 2 0 4 1 3 5 
6 66 32 39 13 16 19 2 0 4 1 5 3 
6 66 32 39 13 16 19 2 0 4 3 1 5 
6 66 32 39 13 16 19 2 0 4 3 5 1 
5 66 32 39 13 304 2 0 4 1 3 
5 66 32 39 13 304 2 0 4 3 1 
5 66 32 39 208 19 2 0 4 1 3 
6 66 32 39 13 16 19 2 0 5 1 4 3 
6 66 32 39 13 16 19 2 0 5 3 1 4 
5 66 32 39 208 19 2 0 4 3 1 
6 66 32 39 13 16 19 2 0 5 4 1 3 
6 66 32 39 13 16 19 2 0 5 4 3 1 
4 66 32 39 3952 2 1 0 3 
6 66 32 39 13 16 19 2 1 0 3 5 4 
6 66 32 39 13 16 19 2 1 0 4 3 5 
5 66 32 39 13 304 2 1 0 4 3 
5 66 32 39 208 19 2 1 0 4 3 
6 66 32 39 13 16 19 2 1 0 5 4 3 
5 66 32 39 13 304 2 1 3 0 4 
6 66 32 39 13 16 19 2 1 3 0 5 4 
5 66 32 39 208 19 2 1 3 0 4 
4 66 32 39 3952 2 1 3 0 
6 66 32 39 13 16 19 2 1 3 5 0 4 
6 66 32 39 13 16 19 2 1 3 5 4 0 
6 66 32 39 13 16 19 2 1 4 0 3 5 
6 66 32 39 13 16 19 2 1 4 0 5 3 
6 66 32 39 13 16 19 2 1 4 3 0 5 
6 66 32 39 13 16 19 2 1 4 3 5 0 
5 66 32 39 13 304 2 1 4 0 3 
5 66 32 39 13 304 2 1 4 3 0 
5 66 32 39 208 19 2 1 4 0 3 
6 66 32 39 13 16 19 2 1 5 0 4 3 
6 66 32 39 13 16 19 2 1 5 3 0 4 
5 66 32 39 208 19 2 1 4 3 0 
6 66 32 39 13 16 19 2 1 5 4 0 3 
6 66 32 39 13 16 19 2 1 5 4 3 0 
3 2112 507 304 1 0 2 
4 2112 507 16 19 1 0 3 2 
5 66 32 507 16 19 2 0 3 1 4 
4 66 32 507 304 2 0 3 1 
5 66 32 507 16 19 2 0 4 1 3 
5 66 32 507 16 19 2 0 4 3 1 
4 66 32 507 304 2 1 0 3 
5 66 32 507 16 19 2 1 0 4 3 
5 66 32 507 16 19 2 1 3 0 4 
4 66 32 507 304 2 1 3 0 
5 66 32 507 16 19 2 1 4 0 3 
5 66 32 507 16 19 2 1 4 3 0 
3 2112 8112 19 1 0 2 
4 66 32 8112 19 2 0 3 1 
4 66 32 8112 19 2 1 0 3 
4 66 32 8112 19 2 1 3 0 
2 2112 154128 1 0 
3 66 32 154128 2 1 0 
4 2112 507 16 19 1 3 0 2 
5 66 32 507 16 19 2 4 0 3 1 
5 66 32 507 16 19 2 4 1 0 3 
5 66 32 507 16 19 2 4 1 3 0 
4 2112 507 16 19 1 3 2 0 
5 66 32 507 16 19 2 4 3 1 0 
5 2112 39 13 16 19 1 3 0 2 4 
5 2112 39 13 16 19 1 3 0 4 2 
6 66 32 39 13 16 19 2 4 0 3 1 5 
6 66 32 39 13 16 19 2 4 0 3 5 1 
6 66 32 39 13 16 19 2 4 0 5 1 3 
6 66 32 39 13 16 19 2 4 0 5 3 1 
6 66 32 39 13 16 19 2 4 1 0 3 5 
6 66 32 39 13 16 19 2 4 1 0 5 3 
6 66 32 39 13 16 19 2 4 1 3 0 5 
6 66 32 39 13 16 19 2 4 1 3 5 0 
6 66 32 39 13 16 19 2 4 1 5 0 3 
6 66 32 39 13 16 19 2 4 1 5 3 0 
5 2112 39 13 16 19 1 3 2 0 4 
6 66 32 39 13 16 19 2 4 3 0 5 1 
6 66 32 39 13 16 19 2 4 3 1 0 5 
6 66 32 39 13 16 19 2 4 3 1 5 0 
5 2112 39 13 16 19 1 3 2 4 0 
6 66 32 39 13 16 19 2 4 3 5 1 0 
4 2112 39 13 304 1 3 0 2 
5 66 32 39 13 304 2 4 0 3 1 
5 66 32 39 13 304 2 4 1 0 3 
5 66 32 39 13 304 2 4 1 3 0 
4 2112 39 13 304 1 3 2 0 
5 66 32 39 13 304 2 4 3 1 0 
4 2112 39 208 19 1 3 0 2 
5 2112 39 13 16 19 1 4 0 3 2 
6 66 32 39 13 16 19 2 5 0 3 1 4 
5 66 32 39 208 19 2 4 0 3 1 
6 66 32 39 13 16 19 2 5 0 4 1 3 
6 66 32 39 13 16 19 2 5 0 4 3 1 
5 66 32 39 208 19 2 4 1 0 3 
6 66 32 39 13 16 19 2 5 1 0 4 3 
6 66 32 39 13 16 19 2 5 1 3 0 4 
5 66 32 39 208 19 2 4 1 3 0 
6 66 32 39 13 16 19 2 5 1 4 0 3 
6 66 32 39 13 16 19 2 5 1 4 3 0 
5 2112 39 13 16 19 1 4 2 0 3 
6 66 32 39 13 16 19 2 5 3 0 4 1 
6 66 32 39 13 16 19 2 5 3 1 0 4 
6 66 32 39 13 16 19 2 5 3 1 4 0 
4 2112 39 208 19 1 3 2 0 
5 66 32 39 208 19 2 4 3 1 0 
5 2112 39 13 16 19 1 4 3 0 2 
6 66 32 39 13 16 19 2 5 4 0 3 1 
6 66 32 39 13 16 19 2 5 4 1 0 3 
6 66 32 39 13 16 19 2 5 4 1 3 0 
5 2112 39 13 16 19 1 4 3 2 0 
6 66 32 39 13 16 19 2 5 4 3 1 0 
3 82368 208 19 1 0 2 
4 2112 39 208 19 2 0 3 1 
5 66 32 39 208 19 3 0 2 1 4 
5 66 32 39 208 19 3 0 2 4 1 
4 66 1248 208 19 2 0 3 1 
5 66 32 39 208 19 3 0 4 2 1 
5 66 32 39 208 19 3 1 0 2 4 
5 66 32 39 208 19 3 1 0 4 2 
4 66 1248 208 19 2 1 0 3 
4 66 1248 208 19 2 1 3 0 
5 66 32 39 208 19 3 1 4 0 2 
5 66 32 39 208 19 3 1 4 2 0 
4 2112 39 208 19 2 1 0 3 
5 66 32 39 208 19 3 2 0 4 1 
5 66 32 39 208 19 3 2 1 0 4 
5 66 32 39 208 19 3 2 1 4 0 
4 2112 39 208 19 2 1 3 0 
5 66 32 39 208 19 3 2 4 1 0 
2 82368 3952 1 0 
4 66 32 39 3952 3 0 2 1 
4 66 32 39 3952 3 1 0 2 
3 66 1248 3952 2 1 0 
3 2112 39 3952 2 1 0 
4 66 32 39 3952 3 2 1 0 
2 1070784 304 1 0 
4 2112 39 13 304 3 0 2 1 
5 66 32 39 13 304 4 0 2 1 3 
4 66 32 507 304 3 0 2 1 
4 66 1248 13 304 3 0 2 1 
5 66 32 39 13 304 4 0 3 2 1 
4 66 32 507 304 3 1 0 2 
5 66 32 39 13 304 4 1 0 3 2 
4 66 1248 13 304 3 1 0 2 
3 66 16224 304 2 1 0 
5 66 32 39 13 304 4 1 3 0 2 
5 66 32 39 13 304 4 1 3 2 0 
4 2112 39 13 304 3 1 0 2 
5 66 32 39 13 304 4 2 0 3 1 
5 66 32 39 13 304 4 2 1 0 3 
5 66 32 39 13 304 4 2 1 3 0 
3 2112 507 304 2 1 0 
4 66 32 507 304 3 2 1 0 
3 82368 13 304 2 1 0 
5 66 32 39 13 304 4 3 0 2 1 
5 66 32 39 13 304 4 3 1 0 2 
4 66 1248 13 304 3 2 1 0 
4 2112 39 13 304 3 2 1 0 
5 66 32 39 13 304 4 3 2 1 0 
3 64 64 64 1 0 2 
4 64 64 8 8 1 0 3 2 
3 64 512 8 1 0 2 
2 64 4096 1 0 
4 64 64 8 8 1 3 0 2 
4 64 64 8 8 1 3 2 0 
3 512 64 8 1 0 2 
4 64 8 64 8 2 0 3 1 
4 64 8 64 8 2 1 0 3 
4 64 8 64 8 2 1 3 0 
2 512 512 1 0 
3 64 8 512 2 1 0 
2 4096 64 1 0 
4 64 8 8 64 3 0 2 1 
4 64 8 8 64 3 1 0 2 
3 64 64 64 2 1 0 
3 512 8 64 2 1 0 
4 64 8 8 64 3 2 1 0 
3 64 128 24 1 0 2 
2 64 3072 1 0 
2 512 384 1 0 
3 64 8 384 2 1 0 
3 384 64 8 1 0 2 
4 384 64 4 2 1 0 3 2 
3 384 256 2 1 0 2 
2 384 512 1 0 
4 384 64 4 2 1 3 0 2 
4 384 64 4 2 1 3 2 0 
3 3072 32 2 1 0 2 
4 384 8 32 2 2 0 3 1 
4 384 8 32 2 2 1 0 3 
4 384 8 32 2 2 1 3 0 
2 3072 64 1 0 
3 384 8 64 2 1 0 
3 48 299 9 1 0 2 
2 48 2691 1 0 
2 1104 117 1 0 
3 48 23 117 2 1 0 
3 253 52 30 1 0 2 
4 253 52 5 6 1 0 3 2 
3 253 260 6 1 0 2 
2 253 1560 1 0 
4 253 52 5 6 1 3 0 2 
4 253 52 5 6 1 3 2 0 
2 3289 120 1 0 
3 253 13 120 2 1 0 
3 81 81 81 1 0 2 
4 81 81 9 9 1 0 3 2 
3 81 729 9 1 0 2 
2 81 6561 1 0 
4 81 81 9 9 1 3 0 2 
4 81 81 9 9 1 3 2 0 
3 729 81 9 1 0 2 
4 81 9 81 9 2 0 3 1 
4 81 9 81 9 2 1 0 3 
4 81 9 81 9 2 1 3 0 
2 729 729 1 0 
3 81 9 729 2 1 0 
2 6561 81 1 0 
4 81 9 9 81 3 0 2 1 
4 81 9 9 81 3 1 0 2 
3 81 81 81 2 1 0 
3 729 9 81 2 1 0 
4 81 9 9 81 3 2 1 0 
3 108 162 27 1 0 2 
2 108 4374 1 0 
2 972 486 1 0 
3 108 9 486 2 1 0 
3 486 81 12 1 0 2 
4 486 81 4 3 1 0 3 2 
3 486 324 3 1 0 2 
2 486 972 1 0 
4 486 81 4 3 1 3 0 2 
4 486 81 4 3 1 3 2 0 
3 4374 36 3 1 0 2 
4 486 9 36 3 2 0 3 1 
4 486 9 36 3 2 1 0 3 
4 486 9 36 3 2 1 3 0 
2 4374 108 1 0 
3 486 9 108 2 1 0 
3 105 390 10 1 0 2 
2 105 3900 1 0 
2 2730 150 1 0 
3 105 26 150 2 1 0 
3 312 75 42 1 0 2 
4 312 75 6 7 1 0 3 2 
3 312 450 7 1 0 2 
2 312 3150 1 0 
4 312 75 6 7 1 3 0 2 
4 312 75 6 7 1 3 2 0 
2 4680 210 1 0 
3 312 15 210 2 1 0 
2 23400 42 1 0 
4 312 15 5 42 3 0 2 1 
4 312 15 5 42 3 1 0 2 
3 312 75 42 2 1 0 
3 4680 5 42 2 1 0 
4 312 15 5 42 3 2 1 0 
3 144 144 144 1 0 2 
4 144 144 12 12 1 0 3 2 
3 144 1728 12 1 0 2 
2 144 20736 1 0 
4 144 144 12 12 1 3 0 2 
4 144 144 12 12 1 3 2 0 
3 1728 144 12 1 0 2 
4 144 12 144 12 2 0 3 1 
4 144 12 144 12 2 1 0 3 
4 144 12 144 12 2 1 3 0 
2 1728 1728 1 0 
3 144 12 1728 2 1 0 
2 20736 144 1 0 
4 144 12 12 144 3 0 2 1 
4 144 12 12 144 3 1 0 2 
3 144 144 144 2 1 0 
3 1728 12 144 2 1 0 
4 144 12 12 144 3 2 1 0 
3 288 288 36 1 0 2 
2 288 10368 1 0 
2 3456 864 1 0 
3 288 12 864 2 1 0 
2 82944 36 1 0 
4 288 12 24 36 3 0 2 1 
4 288 12 24 36 3 1 0 2 
3 288 288 36 2 1 0 
3 3456 24 36 2 1 0 
4 288 12 24 36 3 2 1 0 
3 36 288 288 1 0 2 
5 36 288 12 6 4 1 0 2 4 3 
5 36 288 12 6 4 1 0 3 2 4 
4 36 288 12 24 1 0 3 2 
4 36 288 72 4 1 0 3 2 
5 36 288 12 6 4 1 0 4 3 2 
3 36 3456 24 1 0 2 
4 36 3456 6 4 1 0 3 2 
3 36 20736 4 1 0 2 
2 36 82944 1 0 
4 36 3456 6 4 1 3 0 2 
4 36 3456 6 4 1 3 2 0 
5 36 288 12 6 4 1 3 0 2 4 
5 36 288 12 6 4 1 3 0 4 2 
5 36 288 12 6 4 1 3 2 0 4 
5 36 288 12 6 4 1 3 2 4 0 
4 36 288 12 24 1 3 0 2 
4 36 288 12 24 1 3 2 0 
4 36 288 72 4 1 3 0 2 
5 36 288 12 6 4 1 4 0 3 2 
5 36 288 12 6 4 1 4 2 0 3 
4 36 288 72 4 1 3 2 0 
5 36 288 12 6 4 1 4 3 0 2 
5 36 288 12 6 4 1 4 3 2 0 
3 864 144 24 1 0 2 
4 864 144 6 4 1 0 3 2 
5 36 24 144 6 4 2 0 3 1 4 
4 36 24 144 24 2 0 3 1 
5 36 24 144 6 4 2 0 4 1 3 
5 36 24 144 6 4 2 0 4 3 1 
4 36 24 144 24 2 1 0 3 
5 36 24 144 6 4 2 1 0 4 3 
5 36 24 144 6 4 2 1 3 0 4 
4 36 24 144 24 2 1 3 0 
5 36 24 144 6 4 2 1 4 0 3 
5 36 24 144 6 4 2 1 4 3 0 
3 864 864 4 1 0 2 
4 36 24 864 4 2 0 3 1 
4 36 24 864 4 2 1 0 3 
4 36 24 864 4 2 1 3 0 
2 864 3456 1 0 
3 36 24 3456 2 1 0 
4 864 144 6 4 1 3 0 2 
5 36 24 144 6 4 2 4 0 3 1 
5 36 24 144 6 4 2 4 1 0 3 
5 36 24 144 6 4 2 4 1 3 0 
4 864 144 6 4 1 3 2 0 
5 36 24 144 6 4 2 4 3 1 0 
3 10368 72 4 1 0 2 
4 864 12 72 4 2 0 3 1 
5 36 24 12 72 4 3 0 2 1 4 
5 36 24 12 72 4 3 0 2 4 1 
4 36 288 72 4 2 0 3 1 
5 36 24 12 72 4 3 0 4 2 1 
5 36 24 12 72 4 3 1 0 2 4 
5 36 24 12 72 4 3 1 0 4 2 
4 36 288 72 4 2 1 0 3 
4 36 288 72 4 2 1 3 0 
5 36 24 12 72 4 3 1 4 0 2 
5 36 24 12 72 4 3 1 4 2 0 
4 864 12 72 4 2 1 0 3 
5 36 24 12 72 4 3 2 0 4 1 
5 36 24 12 72 4 3 2 1 0 4 
5 36 24 12 72 4 3 2 1 4 0 
4 864 12 72 4 2 1 3 0 
5 36 24 12 72 4 3 2 4 1 0 
2 10368 288 1 0 
4 36 24 12 288 3 0 2 1 
4 36 24 12 288 3 1 0 2 
3 36 288 288 2 1 0 
3 864 12 288 2 1 0 
4 36 24 12 288 3 2 1 0 
3 280 34 280 1 0 2 
4 280 34 20 14 1 0 3 2 
3 280 680 14 1 0 2 
2 280 9520 1 0 
4 280 34 20 14 1 3 0 2 
4 280 34 20 14 1 3 2 0 
2 9520 280 1 0 
3 280 34 280 2 1 0 
3 34 340 560 1 0 2 
5 34 340 7 8 10 1 0 2 4 3 
5 34 340 7 8 10 1 0 3 2 4 
4 34 340 7 80 1 0 3 2 
4 34 340 56 10 1 0 3 2 
5 34 340 7 8 10 1 0 4 3 2 
3 34 2380 80 1 0 2 
4 34 2380 8 10 1 0 3 2 
3 34 19040 10 1 0 2 
2 34 190400 1 0 
4 34 2380 8 10 1 3 0 2 
4 34 2380 8 10 1 3 2 0 
5 34 340 7 8 10 1 3 0 2 4 
5 34 340 7 8 10 1 3 0 4 2 
5 34 340 7 8 10 1 3 2 0 4 
5 34 340 7 8 10 1 3 2 4 0 
4 34 340 7 80 1 3 0 2 
4 34 340 7 80 1 3 2 0 
4 34 340 56 10 1 3 0 2 
5 34 340 7 8 10 1 4 0 3 2 
5 34 340 7 8 10 1 4 2 0 3 
4 34 340 56 10 1 3 2 0 
5 34 340 7 8 10 1 4 3 0 2 
5 34 340 7 8 10 1 4 3 2 0 
3 578 140 80 1 0 2 
4 578 140 8 10 1 0 3 2 
5 34 17 140 8 10 2 0 3 1 4 
4 34 17 140 80 2 0 3 1 
5 34 17 140 8 10 2 0 4 1 3 
5 34 17 140 8 10 2 0 4 3 1 
4 34 17 140 80 2 1 0 3 
5 34 17 140 8 10 2 1 0 4 3 
5 34 17 140 8 10 2 1 3 0 4 
4 34 17 140 80 2 1 3 0 
5 34 17 140 8 10 2 1 4 0 3 
5 34 17 140 8 10 2 1 4 3 0 
3 578 1120 10 1 0 2 
4 34 17 1120 10 2 0 3 1 
4 34 17 1120 10 2 1 0 3 
4 34 17 1120 10 2 1 3 0 
2 578 11200 1 0 
3 34 17 11200 2 1 0 
4 578 140 8 10 1 3 0 2 
5 34 17 140 8 10 2 4 0 3 1 
5 34 17 140 8 10 2 4 1 0 3 
5 34 17 140 8 10 2 4 1 3 0 
4 578 140 8 10 1 3 2 0 
5 34 17 140 8 10 2 4 3 1 0 
3 11560 56 10 1 0 2 
4 578 20 56 10 2 0 3 1 
5 34 17 20 56 10 3 0 2 1 4 
5 34 17 20 56 10 3 0 2 4 1 
4 34 340 56 10 2 0 3 1 
5 34 17 20 56 10 3 0 4 2 1 
5 34 17 20 56 10 3 1 0 2 4 
5 34 17 20 56 10 3 1 0 4 2 
4 34 340 56 10 2 1 0 3 
4 34 340 56 10 2 1 3 0 
5 34 17 20 56 10 3 1 4 0 2 
5 34 17 20 56 10 3 1 4 2 0 
4 578 20 56 10 2 1 0 3 
5 34 17 20 56 10 3 2 0 4 1 
5 34 17 20 56 10 3 2 1 0 4 
5 34 17 20 56 10 3 2 1 4 0 
4 578 20 56 10 2 1 3 0 
5 34 17 20 56 10 3 2 4 1 0 
2 11560 560 1 0 
4 34 17 20 560 3 0 2 1 
4 34 17 20 560 3 1 0 2 
3 34 340 560 2 1 0 
3 578 20 560 2 1 0 
4 34 17 20 560 3 2 1 0 
2 80920 80 1 0 
4 578 20 7 80 3 0 2 1 
5 34 17 20 7 80 4 0 2 1 3 
4 34 17 140 80 3 0 2 1 
4 34 340 7 80 3 0 2 1 
5 34 17 20 7 80 4 0 3 2 1 
4 34 17 140 80 3 1 0 2 
5 34 17 20 7 80 4 1 0 3 2 
4 34 340 7 80 3 1 0 2 
3 34 2380 80 2 1 0 
5 34 17 20 7 80 4 1 3 0 2 
5 34 17 20 7 80 4 1 3 2 0 
4 578 20 7 80 3 1 0 2 
5 34 17 20 7 80 4 2 0 3 1 
5 34 17 20 7 80 4 2 1 0 3 
5 34 17 20 7 80 4 2 1 3 0 
3 578 140 80 2 1 0 
4 34 17 140 80 3 2 1 0 
3 11560 7 80 2 1 0 
5 34 17 20 7 80 4 3 0 2 1 
5 34 17 20 7 80 4 3 1 0 2 
4 34 340 7 80 3 2 1 0 
4 578 20 7 80 3 2 1 0 
5 34 17 20 7 80 4 3 2 1 0 
3 225 225 225 1 0 2 
4 225 225 15 15 1 0 3 2 
3 225 3375 15 1 0 2 
2 225 50625 1 0 
4 225 225 15 15 1 3 0 2 
4 225 225 15 15 1 3 2 0 
3 3375 225 15 1 0 2 
4 225 15 225 15 2 0 3 1 
4 225 15 225 15 2 1 0 3 
4 225 15 225 15 2 1 3 0 
2 3375 3375 1 0 
3 225 15 3375 2 1 0 
2 50625 225 1 0 
4 225 15 15 225 3 0 2 1 
4 225 15 15 225 3 1 0 2 
3 225 225 225 2 1 0 
3 3375 15 225 2 1 0 
4 225 15 15 225 3 2 1 0 
3 35 225 1350 1 0 2 
4 35 225 30 45 1 0 3 2 
3 35 6750 45 1 0 2 
2 35 303750 1 0 
4 35 225 30 45 1 3 0 2 
4 35 225 30 45 1 3 2 0 
3 525 450 45 1 0 2 
4 35 15 450 45 2 0 3 1 
4 35 15 450 45 2 1 0 3 
4 35 15 450 45 2 1 3 0 
2 525 20250 1 0 
3 35 15 20250 2 1 0 
2 7875 1350 1 0 
4 35 15 15 1350 3 0 2 1 
4 35 15 15 1350 3 1 0 2 
3 35 225 1350 2 1 0 
3 525 15 1350 2 1 0 
4 35 15 15 1350 3 2 1 0 
2 236250 45 1 0 
4 525 15 30 45 3 0 2 1 
5 35 15 15 30 45 4 0 2 1 3 
4 35 15 450 45 3 0 2 1 
4 35 225 30 45 3 0 2 1 
5 35 15 15 30 45 4 0 3 2 1 
4 35 15 450 45 3 1 0 2 
5 35 15 15 30 45 4 1 0 3 2 
4 35 225 30 45 3 1 0 2 
3 35 6750 45 2 1 0 
5 35 15 15 30 45 4 1 3 0 2 
5 35 15 15 30 45 4 1 3 2 0 
4 525 15 30 45 3 1 0 2 
5 35 15 15 30 45 4 2 0 3 1 
5 35 15 15 30 45 4 2 1 0 3 
5 35 15 15 30 45 4 2 1 3 0 
3 525 450 45 2 1 0 
4 35 15 450 45 3 2 1 0 
3 7875 30 45 2 1 0 
5 35 15 15 30 45 4 3 0 2 1 
5 35 15 15 30 45 4 3 1 0 2 
4 35 225 30 45 3 2 1 0 
4 525 15 30 45 3 2 1 0 
5 35 15 15 30 45 4 3 2 1 0 
3 45 450 525 1 0 2 
5 45 450 15 7 5 1 0 2 4 3 
5 45 450 15 7 5 1 0 3 2 4 
4 45 450 15 35 1 0 3 2 
4 45 450 105 5 1 0 3 2 
5 45 450 15 7 5 1 0 4 3 2 
3 45 6750 35 1 0 2 
4 45 6750 7 5 1 0 3 2 
3 45 47250 5 1 0 2 
2 45 236250 1 0 
4 45 6750 7 5 1 3 0 2 
4 45 6750 7 5 1 3 2 0 
5 45 450 15 7 5 1 3 0 2 4 
5 45 450 15 7 5 1 3 0 4 2 
5 45 450 15 7 5 1 3 2 0 4 
5 45 450 15 7 5 1 3 2 4 0 
4 45 450 15 35 1 3 0 2 
4 45 450 15 35 1 3 2 0 
4 45 450 105 5 1 3 0 2 
5 45 450 15 7 5 1 4 0 3 2 
5 45 450 15 7 5 1 4 2 0 3 
4 45 450 105 5 1 3 2 0 
5 45 450 15 7 5 1 4 3 0 2 
5 45 450 15 7 5 1 4 3 2 0 
3 1350 225 35 1 0 2 
4 1350 225 7 5 1 0 3 2 
5 45 30 225 7 5 2 0 3 1 4 
4 45 30 225 35 2 0 3 1 
5 45 30 225 7 5 2 0 4 1 3 
5 45 30 225 7 5 2 0 4 3 1 
4 45 30 225 35 2 1 0 3 
5 45 30 225 7 5 2 1 0 4 3 
5 45 30 225 7 5 2 1 3 0 4 
4 45 30 225 35 2 1 3 0 
5 45 30 225 7 5 2 1 4 0 3 
5 45 30 225 7 5 2 1 4 3 0 
3 1350 1575 5 1 0 2 
4 45 30 1575 5 2 0 3 1 
4 45 30 1575 5 2 1 0 3 
4 45 30 1575 5 2 1 3 0 
2 1350 7875 1 0 
3 45 30 7875 2 1 0 
4 1350 225 7 5 1 3 0 2 
5 45 30 225 7 5 2 4 0 3 1 
5 45 30 225 7 5 2 4 1 0 3 
5 45 30 225 7 5 2 4 1 3 0 
4 1350 225 7 5 1 3 2 0 
5 45 30 225 7 5 2 4 3 1 0 
3 20250 105 5 1 0 2 
4 1350 15 105 5 2 0 3 1 
5 45 30 15 105 5 3 0 2 1 4 
5 45 30 15 105 5 3 0 2 4 1 
4 45 450 105 5 2 0 3 1 
5 45 30 15 105 5 3 0 4 2 1 
5 45 30 15 105 5 3 1 0 2 4 
5 45 30 15 105 5 3 1 0 4 2 
4 45 450 105 5 2 1 0 3 
4 45 450 105 5 2 1 3 0 
5 45 30 15 105 5 3 1 4 0 2 
5 45 30 15 105 5 3 1 4 2 0 
4 1350 15 105 5 2 1 0 3 
5 45 30 15 105 5 3 2 0 4 1 
5 45 30 15 105 5 3 2 1 0 4 
5 45 30 15 105 5 3 2 1 4 0 
4 1350 15 105 5 2 1 3 0 
5 45 30 15 105 5 3 2 4 1 0 
2 20250 525 1 0 
4 45 30 15 525 3 0 2 1 
4 45 30 15 525 3 1 0 2 
3 45 450 525 2 1 0 
3 1350 15 525 2 1 0 
4 45 30 15 525 3 2 1 0 
2 303750 35 1 0 
4 1350 15 15 35 3 0 2 1 
5 45 30 15 15 35 4 0 2 1 3 
4 45 30 225 35 3 0 2 1 
4 45 450 15 35 3 0 2 1 
5 45 30 15 15 35 4 0 3 2 1 
4 45 30 225 35 3 1 0 2 
5 45 30 15 15 35 4 1 0 3 2 
4 45 450 15 35 3 1 0 2 
3 45 6750 35 2 1 0 
5 45 30 15 15 35 4 1 3 0 2 
5 45 30 15 15 35 4 1 3 2 0 
4 1350 15 15 35 3 1 0 2 
5 45 30 15 15 35 4 2 0 3 1 
5 45 30 15 15 35 4 2 1 0 3 
5 45 30 15 15 35 4 2 1 3 0 
3 1350 225 35 2 1 0 
4 45 30 225 35 3 2 1 0 
3 20250 15 35 2 1 0 
5 45 30 15 15 35 4 3 0 2 1 
5 45 30 15 15 35 4 3 1 0 2 
4 45 450 15 35 3 2 1 0 
4 1350 15 15 35 3 2 1 0 
5 45 30 15 15 35 4 3 2 1 0 
3 45 516 425 1 0 2 
4 45 516 25 17 1 0 3 2 
3 45 12900 17 1 0 2 
2 45 219300 1 0 
4 45 516 25 17 1 3 0 2 
4 45 516 25 17 1 3 2 0 
3 540 43 425 1 0 2 
4 540 43 25 17 1 0 3 2 
5 45 12 43 25 17 2 0 3 1 4 
4 45 12 43 425 2 0 3 1 
5 45 12 43 25 17 2 0 4 1 3 
5 45 12 43 25 17 2 0 4 3 1 
4 45 12 43 425 2 1 0 3 
5 45 12 43 25 17 2 1 0 4 3 
5 45 12 43 25 17 2 1 3 0 4 
4 45 12 43 425 2 1 3 0 
5 45 12 43 25 17 2 1 4 0 3 
5 45 12 43 25 17 2 1 4 3 0 
3 540 1075 17 1 0 2 
4 45 12 1075 17 2 0 3 1 
4 45 12 1075 17 2 1 0 3 
4 45 12 1075 17 2 1 3 0 
2 540 18275 1 0 
3 45 12 18275 2 1 0 
4 540 43 25 17 1 3 0 2 
5 45 12 43 25 17 2 4 0 3 1 
5 45 12 43 25 17 2 4 1 0 3 
5 45 12 43 25 17 2 4 1 3 0 
4 540 43 25 17 1 3 2 0 
5 45 12 43 25 17 2 4 3 1 0 
2 23220 425 1 0 
4 45 12 43 425 3 0 2 1 
4 45 12 43 425 3 1 0 2 
3 45 516 425 2 1 0 
3 540 43 425 2 1 0 
4 45 12 43 425 3 2 1 0 
3 43 525 1080 1 0 2 
5 43 525 9 10 12 1 0 2 4 3 
5 43 525 9 10 12 1 0 3 2 4 
4 43 525 9 120 1 0 3 2 
4 43 525 90 12 1 0 3 2 
5 43 525 9 10 12 1 0 4 3 2 
3 43 4725 120 1 0 2 
4 43 4725 10 12 1 0 3 2 
3 43 47250 12 1 0 2 
2 43 567000 1 0 
4 43 4725 10 12 1 3 0 2 
4 43 4725 10 12 1 3 2 0 
5 43 525 9 10 12 1 3 0 2 4 
5 43 525 9 10 12 1 3 0 4 2 
5 43 525 9 10 12 1 3 2 0 4 
5 43 525 9 10 12 1 3 2 4 0 
4 43 525 9 120 1 3 0 2 
4 43 525 9 120 1 3 2 0 
4 43 525 90 12 1 3 0 2 
5 43 525 9 10 12 1 4 0 3 2 
5 43 525 9 10 12 1 4 2 0 3 
4 43 525 90 12 1 3 2 0 
5 43 525 9 10 12 1 4 3 0 2 
5 43 525 9 10 12 1 4 3 2 0 
3 903 225 120 1 0 2 
4 903 225 10 12 1 0 3 2 
5 43 21 225 10 12 2 0 3 1 4 
4 43 21 225 120 2 0 3 1 
5 43 21 225 10 12 2 0 4 1 3 
5 43 21 225 10 12 2 0 4 3 1 
4 43 21 225 120 2 1 0 3 
5 43 21 225 10 12 2 1 0 4 3 
5 43 21 225 10 12 2 1 3 0 4 
4 43 21 225 120 2 1 3 0 
5 43 21 225 10 12 2 1 4 0 3 
5 43 21 225 10 12 2 1 4 3 0 
3 903 2250 12 1 0 2 
4 43 21 2250 12 2 0 3 1 
4 43 21 2250 12 2 1 0 3 
4 43 21 2250 12 2 1 3 0 
2 903 27000 1 0 
3 43 21 27000 2 1 0 
4 903 225 10 12 1 3 0 2 
5 43 21 225 10 12 2 4 0 3 1 
5 43 21 225 10 12 2 4 1 0 3 
5 43 21 225 10 12 2 4 1 3 0 
4 903 225 10 12 1 3 2 0 
5 43 21 225 10 12 2 4 3 1 0 
3 22575 90 12 1 0 2 
4 903 25 90 12 2 0 3 1 
5 43 21 25 90 12 3 0 2 1 4 
5 43 21 25 90 12 3 0 2 4 1 
4 43 525 90 12 2 0 3 1 
5 43 21 25 90 12 3 0 4 2 1 
5 43 21 25 90 12 3 1 0 2 4 
5 43 21 25 90 12 3 1 0 4 2 
4 43 525 90 12 2 1 0 3 
4 43 525 90 12 2 1 3 0 
5 43 21 25 90 12 3 1 4 0 2 
5 43 21 25 90 12 3 1 4 2 0 
4 903 25 90 12 2 1 0 3 
5 43 21 25 90 12 3 2 0 4 1 
5 43 21 25 90 12 3 2 1 0 4 
5 43 21 25 90 12 3 2 1 4 0 
4 903 25 90 12 2 1 3 0 
5 43 21 25 90 12 3 2 4 1 0 
2 22575 1080 1 0 
4 43 21 25 1080 3 0 2 1 
4 43 21 25 1080 3 1 0 2 
3 43 525 1080 2 1 0 
3 903 25 1080 2 1 0 
4 43 21 25 1080 3 2 1 0 
2 203175 120 1 0 
4 903 25 9 120 3 0 2 1 
5 43 21 25 9 120 4 0 2 1 3 
4 43 21 225 120 3 0 2 1 
4 43 525 9 120 3 0 2 1 
5 43 21 25 9 120 4 0 3 2 1 
4 43 21 225 120 3 1 0 2 
5 43 21 25 9 120 4 1 0 3 2 
4 43 525 9 120 3 1 0 2 
3 43 4725 120 2 1 0 
5 43 21 25 9 120 4 1 3 0 2 
5 43 21 25 9 120 4 1 3 2 0 
4 903 25 9 120 3 1 0 2 
5 43 21 25 9 120 4 2 0 3 1 
5 43 21 25 9 120 4 2 1 0 3 
5 43 21 25 9 120 4 2 1 3 0 
3 903 225 120 2 1 0 
4 43 21 225 120 3 2 1 0 
3 22575 9 120 2 1 0 
5 43 21 25 9 120 4 3 0 2 1 
5 43 21 25 9 120 4 3 1 0 2 
4 43 525 9 120 3 2 1 0 
4 903 25 9 120 3 2 1 0 
5 43 21 25 9 120 4 3 2 1 0 
3 324 324 324 1 0 2 
4 324 324 18 18 1 0 3 2 
3 324 5832 18 1 0 2 
2 324 104976 1 0 
4 324 324 18 18 1 3 0 2 
4 324 324 18 18 1 3 2 0 
3 5832 324 18 1 0 2 
4 324 18 324 18 2 0 3 1 
4 324 18 324 18 2 1 0 3 
4 324 18 324 18 2 1 3 0 
2 5832 5832 1 0 
3 324 18 5832 2 1 0 
2 104976 324 1 0 
4 324 18 18 324 3 0 2 1 
4 324 18 18 324 3 1 0 2 
3 324 324 324 2 1 0 
3 5832 18 324 2 1 0 
4 324 18 18 324 3 2 1 0 
3 54 324 1944 1 0 2 
4 54 324 36 54 1 0 3 2 
3 54 11664 54 1 0 2 
2 54 629856 1 0 
4 54 324 36 54 1 3 0 2 
4 54 324 36 54 1 3 2 0 
3 972 648 54 1 0 2 
4 54 18 648 54 2 0 3 1 
4 54 18 648 54 2 1 0 3 
4 54 18 648 54 2 1 3 0 
2 972 34992 1 0 
3 54 18 34992 2 1 0 
3 17496 36 54 1 0 2 
4 972 18 36 54 2 0 3 1 
5 54 18 18 36 54 3 0 2 1 4 
5 54 18 18 36 54 3 0 2 4 1 
4 54 324 36 54 2 0 3 1 
5 54 18 18 36 54 3 0 4 2 1 
5 54 18 18 36 54 3 1 0 2 4 
5 54 18 18 36 54 3 1 0 4 2 
4 54 324 36 54 2 1 0 3 
4 54 324 36 54 2 1 3 0 
5 54 18 18 36 54 3 1 4 0 2 
5 54 18 18 36 54 3 1 4 2 0 
4 972 18 36 54 2 1 0 3 
5 54 18 18 36 54 3 2 0 4 1 
5 54 18 18 36 54 3 2 1 0 4 
5 54 18 18 36 54 3 2 1 4 0 
4 972 18 36 54 2 1 3 0 
5 54 18 18 36 54 3 2 4 1 0 
2 17496 1944 1 0 
4 54 18 18 1944 3 0 2 1 
4 54 18 18 1944 3 1 0 2 
3 54 324 1944 2 1 0 
3 972 18 1944 2 1 0 
4 54 18 18 1944 3 2 1 0 
2 629856 54 1 0 
4 972 18 36 54 3 0 2 1 
5 54 18 18 36 54 4 0 2 1 3 
4 54 18 648 54 3 0 2 1 
4 54 324 36 54 3 0 2 1 
5 54 18 18 36 54 4 0 3 2 1 
4 54 18 648 54 3 1 0 2 
5 54 18 18 36 54 4 1 0 3 2 
4 54 324 36 54 3 1 0 2 
3 54 11664 54 2 1 0 
5 54 18 18 36 54 4 1 3 0 2 
5 54 18 18 36 54 4 1 3 2 0 
4 972 18 36 54 3 1 0 2 
5 54 18 18 36 54 4 2 0 3 1 
5 54 18 18 36 54 4 2 1 0 3 
5 54 18 18 36 54 4 2 1 3 0 
3 972 648 54 2 1 0 
4 54 18 648 54 3 2 1 0 
3 17496 36 54 2 1 0 
5 54 18 18 36 54 4 3 0 2 1 
5 54 18 18 36 54 4 3 1 0 2 
4 54 324 36 54 3 2 1 0 
4 972 18 36 54 3 2 1 0 
5 54 18 18 36 54 4 3 2 1 0 
3 54 36 17496 1 0 2 
5 54 36 324 9 6 1 0 2 4 3 
6 54 36 18 18 9 6 1 0 2 4 3 5 
5 54 36 18 18 54 1 0 2 4 3 
5 54 36 18 162 6 1 0 2 4 3 
6 54 36 18 18 9 6 1 0 2 5 4 3 
5 54 36 18 18 54 1 0 3 2 4 
6 54 36 18 18 9 6 1 0 3 2 5 4 
5 54 36 18 162 6 1 0 3 2 4 
4 54 36 18 972 1 0 3 2 
6 54 36 18 18 9 6 1 0 3 5 2 4 
6 54 36 18 18 9 6 1 0 3 5 4 2 
5 54 36 324 9 6 1 0 3 2 4 
6 54 36 18 18 9 6 1 0 4 2 5 3 
6 54 36 18 18 9 6 1 0 4 3 2 5 
6 54 36 18 18 9 6 1 0 4 3 5 2 
4 54 36 324 54 1 0 3 2 
5 54 36 18 18 54 1 0 4 3 2 
4 54 36 2916 6 1 0 3 2 
6 54 36 18 18 9 6 1 0 5 2 4 3 
6 54 36 18 18 9 6 1 0 5 3 2 4 
5 54 36 18 162 6 1 0 4 3 2 
5 54 36 324 9 6 1 0 4 3 2 
6 54 36 18 18 9 6 1 0 5 4 3 2 
3 54 648 972 1 0 2 
5 54 648 18 9 6 1 0 2 4 3 
5 54 648 18 9 6 1 0 3 2 4 
4 54 648 18 54 1 0 3 2 
4 54 648 162 6 1 0 3 2 
5 54 648 18 9 6 1 0 4 3 2 
3 54 11664 54 1 0 2 
4 54 11664 9 6 1 0 3 2 
3 54 104976 6 1 0 2 
2 54 629856 1 0 
4 54 11664 9 6 1 3 0 2 
4 54 11664 9 6 1 3 2 0 
5 54 648 18 9 6 1 3 0 2 4 
5 54 648 18 9 6 1 3 0 4 2 
5 54 648 18 9 6 1 3 2 0 4 
5 54 648 18 9 6 1 3 2 4 0 
4 54 648 18 54 1 3 0 2 
4 54 648 18 54 1 3 2 0 
4 54 648 162 6 1 3 0 2 
5 54 648 18 9 6 1 4 0 3 2 
5 54 648 18 9 6 1 4 2 0 3 
4 54 648 162 6 1 3 2 0 
5 54 648 18 9 6 1 4 3 0 2 
5 54 648 18 9 6 1 4 3 2 0 
5 54 36 18 18 54 1 3 0 2 4 
6 54 36 18 18 9 6 1 3 0 2 5 4 
6 54 36 18 18 9 6 1 3 0 4 2 5 
5 54 36 18 18 54 1 3 0 4 2 
6 54 36 18 18 9 6 1 3 0 5 2 4 
6 54 36 18 18 9 6 1 3 0 5 4 2 
5 54 36 18 18 54 1 3 2 0 4 
6 54 36 18 18 9 6 1 3 2 0 5 4 
6 54 36 18 18 9 6 1 3 2 4 0 5 
5 54 36 18 18 54 1 3 2 4 0 
6 54 36 18 18 9 6 1 3 2 5 0 4 
6 54 36 18 18 9 6 1 3 2 5 4 0 
5 54 36 18 162 6 1 3 0 2 4 
5 54 36 18 162 6 1 3 0 4 2 
5 54 36 18 162 6 1 3 2 0 4 
5 54 36 18 162 6 1 3 2 4 0 
4 54 36 18 972 1 3 0 2 
4 54 36 18 972 1 3 2 0 
6 54 36 18 18 9 6 1 3 5 0 2 4 
6 54 36 18 18 9 6 1 3 5 0 4 2 
6 54 36 18 18 9 6 1 3 5 2 0 4 
6 54 36 18 18 9 6 1 3 5 2 4 0 
6 54 36 18 18 9 6 1 3 5 4 0 2 
6 54 36 18 18 9 6 1 3 5 4 2 0 
5 54 36 324 9 6 1 3 0 2 4 
6 54 36 18 18 9 6 1 4 0 2 5 3 
6 54 36 18 18 9 6 1 4 0 3 2 5 
6 54 36 18 18 9 6 1 4 0 3 5 2 
5 54 36 324 9 6 1 3 0 4 2 
6 54 36 18 18 9 6 1 4 0 5 3 2 
6 54 36 18 18 9 6 1 4 2 0 3 5 
6 54 36 18 18 9 6 1 4 2 0 5 3 
5 54 36 324 9 6 1 3 2 0 4 
5 54 36 324 9 6 1 3 2 4 0 
6 54 36 18 18 9 6 1 4 2 5 0 3 
6 54 36 18 18 9 6 1 4 2 5 3 0 
6 54 36 18 18 9 6 1 4 3 0 2 5 
6 54 36 18 18 9 6 1 4 3 0 5 2 
6 54 36 18 18 9 6 1 4 3 2 0 5 
6 54 36 18 18 9 6 1 4 3 2 5 0 
6 54 36 18 18 9 6 1 4 3 5 0 2 
6 54 36 18 18 9 6 1 4 3 5 2 0 
4 54 36 324 54 1 3 0 2 
5 54 36 18 18 54 1 4 0 3 2 
5 54 36 18 18 54 1 4 2 0 3 
4 54 36 324 54 1 3 2 0 
5 54 36 18 18 54 1 4 3 0 2 
5 54 36 18 18 54 1 4 3 2 0 
4 54 36 2916 6 1 3 0 2 
6 54 36 18 18 9 6 1 5 0 2 4 3 
6 54 36 18 18 9 6 1 5 0 3 2 4 
5 54 36 18 162 6 1 4 0 3 2 
5 54 36 324 9 6 1 4 0 3 2 
6 54 36 18 18 9 6 1 5 0 4 3 2 
5 54 36 18 162 6 1 4 2 0 3 
6 54 36 18 18 9 6 1 5 2 0 4 3 
5 54 36 324 9 6 1 4 2 0 3 
4 54 36 2916 6 1 3 2 0 
6 54 36 18 18 9 6 1 5 2 4 0 3 
6 54 36 18 18 9 6 1 5 2 4 3 0 
6 54 36 18 18 9 6 1 5 3 0 2 4 
6 54 36 18 18 9 6 1 5 3 0 4 2 
6 54 36 18 18 9 6 1 5 3 2 0 4 
6 54 36 18 18 9 6 1 5 3 2 4 0 
5 54 36 18 162 6 1 4 3 0 2 
5 54 36 18 162 6 1 4 3 2 0 
5 54 36 324 9 6 1 4 3 0 2 
6 54 36 18 18 9 6 1 5 4 0 3 2 
6 54 36 18 18 9 6 1 5 4 2 0 3 
5 54 36 324 9 6 1 4 3 2 0 
6 54 36 18 18 9 6 1 5 4 3 0 2 
6 54 36 18 18 9 6 1 5 4 3 2 0 
3 1944 324 54 1 0 2 
4 1944 324 9 6 1 0 3 2 
5 54 36 324 9 6 2 0 3 1 4 
4 54 36 324 54 2 0 3 1 
5 54 36 324 9 6 2 0 4 1 3 
5 54 36 324 9 6 2 0 4 3 1 
4 54 36 324 54 2 1 0 3 
5 54 36 324 9 6 2 1 0 4 3 
5 54 36 324 9 6 2 1 3 0 4 
4 54 36 324 54 2 1 3 0 
5 54 36 324 9 6 2 1 4 0 3 
5 54 36 324 9 6 2 1 4 3 0 
3 1944 2916 6 1 0 2 
4 54 36 2916 6 2 0 3 1 
4 54 36 2916 6 2 1 0 3 
4 54 36 2916 6 2 1 3 0 
2 1944 17496 1 0 
3 54 36 17496 2 1 0 
4 1944 324 9 6 1 3 0 2 
5 54 36 324 9 6 2 4 0 3 1 
5 54 36 324 9 6 2 4 1 0 3 
5 54 36 324 9 6 2 4 1 3 0 
4 1944 324 9 6 1 3 2 0 
5 54 36 324 9 6 2 4 3 1 0 
3 34992 162 6 1 0 2 
4 1944 18 162 6 2 0 3 1 
5 54 36 18 162 6 3 0 2 1 4 
5 54 36 18 162 6 3 0 2 4 1 
4 54 648 162 6 2 0 3 1 
5 54 36 18 162 6 3 0 4 2 1 
5 54 36 18 162 6 3 1 0 2 4 
5 54 36 18 162 6 3 1 0 4 2 
4 54 648 162 6 2 1 0 3 
4 54 648 162 6 2 1 3 0 
5 54 36 18 162 6 3 1 4 0 2 
5 54 36 18 162 6 3 1 4 2 0 
4 1944 18 162 6 2 1 0 3 
5 54 36 18 162 6 3 2 0 4 1 
5 54 36 18 162 6 3 2 1 0 4 
5 54 36 18 162 6 3 2 1 4 0 
4 1944 18 162 6 2 1 3 0 
5 54 36 18 162 6 3 2 4 1 0 
2 34992 972 1 0 
4 54 36 18 972 3 0 2 1 
4 54 36 18 972 3 1 0 2 
3 54 648 972 2 1 0 
3 1944 18 972 2 1 0 
4 54 36 18 972 3 2 1 0 
2 629856 54 1 0 
4 1944 18 18 54 3 0 2 1 
5 54 36 18 18 54 4 0 2 1 3 
4 54 36 324 54 3 0 2 1 
4 54 648 18 54 3 0 2 1 
5 54 36 18 18 54 4 0 3 2 1 
4 54 36 324 54 3 1 0 2 
5 54 36 18 18 54 4 1 0 3 2 
4 54 648 18 54 3 1 0 2 
3 54 11664 54 2 1 0 
5 54 36 18 18 54 4 1 3 0 2 
5 54 36 18 18 54 4 1 3 2 0 
4 1944 18 18 54 3 1 0 2 
5 54 36 18 18 54 4 2 0 3 1 
5 54 36 18 18 54 4 2 1 0 3 
5 54 36 18 18 54 4 2 1 3 0 
3 1944 324 54 2 1 0 
4 54 36 324 54 3 2 1 0 
3 34992 18 54 2 1 0 
5 54 36 18 18 54 4 3 0 2 1 
5 54 36 18 18 54 4 3 1 0 2 
4 54 648 18 54 3 2 1 0 
4 1944 18 18 54 3 2 1 0 
5 54 36 18 18 54 4 3 2 1 0 
3 60 780 630 1 0 2 
4 60 780 30 21 1 0 3 2 
3 60 23400 21 1 0 2 
2 60 491400 1 0 
4 60 780 30 21 1 3 0 2 
4 60 780 30 21 1 3 2 0 
3 900 52 630 1 0 2 
4 900 52 30 21 1 0 3 2 
5 60 15 52 30 21 2 0 3 1 4 
4 60 15 52 630 2 0 3 1 
5 60 15 52 30 21 2 0 4 1 3 
5 60 15 52 30 21 2 0 4 3 1 
4 60 15 52 630 2 1 0 3 
5 60 15 52 30 21 2 1 0 4 3 
5 60 15 52 30 21 2 1 3 0 4 
4 60 15 52 630 2 1 3 0 
5 60 15 52 30 21 2 1 4 0 3 
5 60 15 52 30 21 2 1 4 3 0 
3 900 1560 21 1 0 2 
4 60 15 1560 21 2 0 3 1 
4 60 15 1560 21 2 1 0 3 
4 60 15 1560 21 2 1 3 0 
2 900 32760 1 0 
3 60 15 32760 2 1 0 
4 900 52 30 21 1 3 0 2 
5 60 15 52 30 21 2 4 0 3 1 
5 60 15 52 30 21 2 4 1 0 3 
5 60 15 52 30 21 2 4 1 3 0 
4 900 52 30 21 1 3 2 0 
5 60 15 52 30 21 2 4 3 1 0 
2 46800 630 1 0 
4 60 15 52 630 3 0 2 1 
4 60 15 52 630 3 1 0 2 
3 60 780 630 2 1 0 
3 900 52 630 2 1 0 
4 60 15 52 630 3 2 1 0 
3 52 750 1800 1 0 2 
5 52 750 10 12 15 1 0 2 4 3 
5 52 750 10 12 15 1 0 3 2 4 
4 52 750 10 180 1 0 3 2 
4 52 750 120 15 1 0 3 2 
5 52 750 10 12 15 1 0 4 3 2 
3 52 7500 180 1 0 2 
4 52 7500 12 15 1 0 3 2 
3 52 90000 15 1 0 2 
2 52 1350000 1 0 
4 52 7500 12 15 1 3 0 2 
4 52 7500 12 15 1 3 2 0 
5 52 750 10 12 15 1 3 0 2 4 
5 52 750 10 12 15 1 3 0 4 2 
5 52 750 10 12 15 1 3 2 0 4 
5 52 750 10 12 15 1 3 2 4 0 
4 52 750 10 180 1 3 0 2 
4 52 750 10 180 1 3 2 0 
4 52 750 120 15 1 3 0 2 
5 52 750 10 12 15 1 4 0 3 2 
5 52 750 10 12 15 1 4 2 0 3 
4 52 750 120 15 1 3 2 0 
5 52 750 10 12 15 1 4 3 0 2 
5 52 750 10 12 15 1 4 3 2 0 
3 1300 300 180 1 0 2 
4 1300 300 12 15 1 0 3 2 
5 52 25 300 12 15 2 0 3 1 4 
4 52 25 300 180 2 0 3 1 
5 52 25 300 12 15 2 0 4 1 3 
5 52 25 300 12 15 2 0 4 3 1 
4 52 25 300 180 2 1 0 3 
5 52 25 300 12 15 2 1 0 4 3 
5 52 25 300 12 15 2 1 3 0 4 
4 52 25 300 180 2 1 3 0 
5 52 25 300 12 15 2 1 4 0 3 
5 52 25 300 12 15 2 1 4 3 0 
3 1300 3600 15 1 0 2 
4 52 25 3600 15 2 0 3 1 
4 52 25 3600 15 2 1 0 3 
4 52 25 3600 15 2 1 3 0 
2 1300 54000 1 0 
3 52 25 54000 2 1 0 
4 1300 300 12 15 1 3 0 2 
5 52 25 300 12 15 2 4 0 3 1 
5 52 25 300 12 15 2 4 1 0 3 
5 52 25 300 12 15 2 4 1 3 0 
4 1300 300 12 15 1 3 2 0 
5 52 25 300 12 15 2 4 3 1 0 
3 39000 120 15 1 0 2 
4 1300 30 120 15 2 0 3 1 
5 52 25 30 120 15 3 0 2 1 4 
5 52 25 30 120 15 3 0 2 4 1 
4 52 750 120 15 2 0 3 1 
5 52 25 30 120 15 3 0 4 2 1 
5 52 25 30 120 15 3 1 0 2 4 
5 52 25 30 120 15 3 1 0 4 2 
4 52 750 120 15 2 1 0 3 
4 52 750 120 15 2 1 3 0 
5 52 25 30 120 15 3 1 4 0 2 
5 52 25 30 120 15 3 1 4 2 0 
4 1300 30 120 15 2 1 0 3 
5 52 25 30 120 15 3 2 0 4 1 
5 52 25 30 120 15 3 2 1 0 4 
5 52 25 30 120 15 3 2 1 4 0 
4 1300 30 120 15 2 1 3 0 
5 52 25 30 120 15 3 2 4 1 0 
2 39000 1800 1 0 
4 52 25 30 1800 3 0 2 1 
4 52 25 30 1800 3 1 0 2 
3 52 750 1800 2 1 0 
3 1300 30 1800 2 1 0 
4 52 25 30 1800 3 2 1 0 
2 390000 180 1 0 
4 1300 30 10 180 3 0 2 1 
5 52 25 30 10 180 4 0 2 1 3 
4 52 25 300 180 3 0 2 1 
4 52 750 10 180 3 0 2 1 
5 52 25 30 10 180 4 0 3 2 1 
4 52 25 300 180 3 1 0 2 
5 52 25 30 10 180 4 1 0 3 2 
4 52 750 10 180 3 1 0 2 
3 52 7500 180 2 1 0 
5 52 25 30 10 180 4 1 3 0 2 
5 52 25 30 10 180 4 1 3 2 0 
4 1300 30 10 180 3 1 0 2 
5 52 25 30 10 180 4 2 0 3 1 
5 52 25 30 10 180 4 2 1 0 3 
5 52 25 30 10 180 4 2 1 3 0 
3 1300 300 180 2 1 0 
4 52 25 300 180 3 2 1 0 
3 39000 10 180 2 1 0 
5 52 25 30 10 180 4 3 0 2 1 
5 52 25 30 10 180 4 3 1 0 2 
4 52 750 10 180 3 2 1 0 
4 1300 30 10 180 3 2 1 0 
5 52 25 30 10 180 4 3 2 1 0 
