6	16 19 16 15 20 20	0 2 3 4 5 1
6	16 19 16 15 20 20	0 2 3 5 4 1
6	16 19 16 20 15 20	0 2 4 3 5 1
6	16 19 16 20 20 15	0 2 5 3 4 1
6	16 19 16 20 15 20	0 2 4 5 3 1
6	16 19 16 20 20 15	0 2 5 4 3 1
6	16 16 19 15 20 20	0 1 3 4 5 2
6	16 16 19 15 20 20	0 1 3 5 4 2
6	16 16 19 20 15 20	0 1 4 3 5 2
6	16 16 19 20 20 15	0 1 5 3 4 2
6	16 16 19 20 15 20	0 1 4 5 3 2
6	16 16 19 20 20 15	0 1 5 4 3 2
6	16 19 16 15 20 20	0 3 2 4 5 1
6	16 19 16 15 20 20	0 3 2 5 4 1
6	16 19 16 20 15 20	0 4 2 3 5 1
6	16 19 16 20 20 15	0 5 2 3 4 1
6	16 19 16 20 15 20	0 4 2 5 3 1
6	16 19 16 20 20 15	0 5 2 4 3 1
6	16 16 19 15 20 20	0 3 1 4 5 2
6	16 16 19 15 20 20	0 3 1 5 4 2
6	16 16 19 20 15 20	0 4 1 3 5 2
6	16 16 19 20 20 15	0 5 1 3 4 2
6	16 16 19 20 15 20	0 4 1 5 3 2
6	16 16 19 20 20 15	0 5 1 4 3 2
6	16 19 16 15 20 20	0 2 3 4 1 5
6	16 19 16 15 20 20	0 2 3 5 1 4
6	16 19 16 20 15 20	0 2 4 3 1 5
6	16 19 16 20 20 15	0 2 5 3 1 4
6	16 19 16 20 15 20	0 2 4 5 1 3
6	16 19 16 20 20 15	0 2 5 4 1 3
6	16 16 19 15 20 20	0 1 3 4 2 5
6	16 16 19 15 20 20	0 1 3 5 2 4
6	16 16 19 20 15 20	0 1 4 3 2 5
6	16 16 19 20 20 15	0 1 5 3 2 4
6	16 16 19 20 15 20	0 1 4 5 2 3
6	16 16 19 20 20 15	0 1 5 4 2 3
6	16 19 16 15 20 20	0 3 2 4 1 5
6	16 19 16 15 20 20	0 3 2 5 1 4
6	16 19 16 20 15 20	0 4 2 3 1 5
6	16 19 16 20 20 15	0 5 2 3 1 4
6	16 19 16 20 15 20	0 4 2 5 1 3
6	16 19 16 20 20 15	0 5 2 4 1 3
6	16 16 19 15 20 20	0 3 1 4 2 5
6	16 16 19 15 20 20	0 3 1 5 2 4
6	16 16 19 20 15 20	0 4 1 3 2 5
6	16 16 19 20 20 15	0 5 1 3 2 4
6	16 16 19 20 15 20	0 4 1 5 2 3
6	16 16 19 20 20 15	0 5 1 4 2 3
6	15 20 20 19 16 16	0 5 4 3 1 2
6	15 20 20 19 16 16	0 4 5 3 1 2
6	15 20 20 16 19 16	0 5 3 4 1 2
6	15 20 20 16 16 19	0 4 3 5 1 2
6	15 20 20 16 19 16	0 3 5 4 1 2
6	15 20 20 16 16 19	0 3 4 5 1 2
6	15 20 20 19 16 16	0 5 4 3 2 1
6	15 20 20 19 16 16	0 4 5 3 2 1
6	15 20 20 16 19 16	0 5 3 4 2 1
6	15 20 20 16 16 19	0 4 3 5 2 1
6	15 20 20 16 19 16	0 3 5 4 2 1
6	15 20 20 16 16 19	0 3 4 5 2 1
6	16 19 16 15 20 20	0 2 3 1 4 5
6	16 19 16 15 20 20	0 2 3 1 5 4
6	16 19 16 20 15 20	0 2 4 1 3 5
6	16 19 16 20 20 15	0 2 5 1 3 4
6	16 19 16 20 15 20	0 2 4 1 5 3
6	16 19 16 20 20 15	0 2 5 1 4 3
6	16 16 19 15 20 20	0 1 3 2 4 5
6	16 16 19 15 20 20	0 1 3 2 5 4
6	16 16 19 20 15 20	0 1 4 2 3 5
6	16 16 19 20 20 15	0 1 5 2 3 4
6	16 16 19 20 15 20	0 1 4 2 5 3
6	16 16 19 20 20 15	0 1 5 2 4 3
6	16 19 16 15 20 20	0 3 2 1 4 5
6	16 19 16 15 20 20	0 3 2 1 5 4
6	16 19 16 20 15 20	0 4 2 1 3 5
6	16 19 16 20 20 15	0 5 2 1 3 4
6	16 19 16 20 15 20	0 4 2 1 5 3
6	16 19 16 20 20 15	0 5 2 1 4 3
6	16 16 19 15 20 20	0 3 1 2 4 5
6	16 16 19 15 20 20	0 3 1 2 5 4
6	16 16 19 20 15 20	0 4 1 2 3 5
6	16 16 19 20 20 15	0 5 1 2 3 4
6	16 16 19 20 15 20	0 4 1 2 5 3
6	16 16 19 20 20 15	0 5 1 2 4 3

