6   23 23 23 23 23 23   0 2 1 3 4 5
6   23 23 23 23 23 23   0 2 1 3 5 4
6   23 23 23 23 23 23   0 2 1 4 3 5
6   23 23 23 23 23 23   0 2 1 4 5 3
6   23 23 23 23 23 23   0 2 1 5 3 4
6   23 23 23 23 23 23   0 2 1 5 4 3
6   23 23 23 23 23 23   0 2 3 1 4 5
6   23 23 23 23 23 23   0 2 3 1 5 4
6   23 23 23 23 23 23   0 2 3 4 1 5
6   23 23 23 23 23 23   0 2 3 4 5 1
6   23 23 23 23 23 23   0 2 3 5 1 4
6   23 23 23 23 23 23   0 2 3 5 4 1
6   23 23 23 23 23 23   0 2 4 1 3 5
6   23 23 23 23 23 23   0 2 4 1 5 3
6   23 23 23 23 23 23   0 2 4 3 1 5
6   23 23 23 23 23 23   0 2 4 3 5 1
6   23 23 23 23 23 23   0 2 4 5 1 3
6   23 23 23 23 23 23   0 2 4 5 3 1
6   23 23 23 23 23 23   0 2 5 1 3 4
6   23 23 23 23 23 23   0 2 5 1 4 3
6   23 23 23 23 23 23   0 2 5 3 1 4
6   23 23 23 23 23 23   0 2 5 3 4 1
6   23 23 23 23 23 23   0 2 5 4 1 3
6   23 23 23 23 23 23   0 2 5 4 3 1
6   23 23 23 23 23 23   0 3 1 2 4 5
6   23 23 23 23 23 23   0 3 1 2 5 4
6   23 23 23 23 23 23   0 3 1 4 2 5
6   23 23 23 23 23 23   0 3 1 4 5 2
6   23 23 23 23 23 23   0 3 1 5 2 4
6   23 23 23 23 23 23   0 3 1 5 4 2
6   23 23 23 23 23 23   0 3 2 1 4 5
6   23 23 23 23 23 23   0 3 2 1 5 4
6   23 23 23 23 23 23   0 3 2 4 1 5
6   23 23 23 23 23 23   0 3 2 4 5 1
6   23 23 23 23 23 23   0 3 2 5 1 4
6   23 23 23 23 23 23   0 3 2 5 4 1
6   23 23 23 23 23 23   0 3 4 1 2 5
6   23 23 23 23 23 23   0 3 4 1 5 2
6   23 23 23 23 23 23   0 3 4 2 1 5
6   23 23 23 23 23 23   0 3 4 2 5 1
6   23 23 23 23 23 23   0 3 4 5 1 2
6   23 23 23 23 23 23   0 3 4 5 2 1
6   23 23 23 23 23 23   0 3 5 1 2 4
6   23 23 23 23 23 23   0 3 5 1 4 2
6   23 23 23 23 23 23   0 3 5 2 1 4
6   23 23 23 23 23 23   0 3 5 2 4 1
6   23 23 23 23 23 23   0 3 5 4 1 2
6   23 23 23 23 23 23   0 3 5 4 2 1
6   23 23 23 23 23 23   0 4 1 2 3 5
6   23 23 23 23 23 23   0 4 1 2 5 3
6   23 23 23 23 23 23   0 4 1 3 2 5
6   23 23 23 23 23 23   0 4 1 3 5 2
6   23 23 23 23 23 23   0 4 1 5 2 3
6   23 23 23 23 23 23   0 4 1 5 3 2
6   23 23 23 23 23 23   0 4 2 1 3 5
6   23 23 23 23 23 23   0 4 2 1 5 3
6   23 23 23 23 23 23   0 4 2 3 1 5
6   23 23 23 23 23 23   0 4 2 3 5 1
6   23 23 23 23 23 23   0 4 2 5 1 3
6   23 23 23 23 23 23   0 4 2 5 3 1
6   23 23 23 23 23 23   0 4 3 1 2 5
6   23 23 23 23 23 23   0 4 3 1 5 2
6   23 23 23 23 23 23   0 4 3 2 1 5
6   23 23 23 23 23 23   0 4 3 2 5 1
6   23 23 23 23 23 23   0 4 3 5 1 2
6   23 23 23 23 23 23   0 4 3 5 2 1
6   23 23 23 23 23 23   0 4 5 1 2 3
6   23 23 23 23 23 23   0 4 5 1 3 2
6   23 23 23 23 23 23   0 4 5 2 1 3
6   23 23 23 23 23 23   0 4 5 2 3 1
6   23 23 23 23 23 23   0 4 5 3 1 2
6   23 23 23 23 23 23   0 4 5 3 2 1
6   23 23 23 23 23 23   0 5 1 2 3 4
6   23 23 23 23 23 23   0 5 1 2 4 3
6   23 23 23 23 23 23   0 5 1 3 2 4
6   23 23 23 23 23 23   0 5 1 3 4 2
6   23 23 23 23 23 23   0 5 1 4 2 3
6   23 23 23 23 23 23   0 5 1 4 3 2
6   23 23 23 23 23 23   0 5 2 1 3 4
6   23 23 23 23 23 23   0 5 2 1 4 3
6   23 23 23 23 23 23   0 5 2 3 1 4
6   23 23 23 23 23 23   0 5 2 3 4 1
6   23 23 23 23 23 23   0 5 2 4 1 3
6   23 23 23 23 23 23   0 5 2 4 3 1
6   23 23 23 23 23 23   0 5 3 1 2 4
6   23 23 23 23 23 23   0 5 3 1 4 2
6   23 23 23 23 23 23   0 5 3 2 1 4
6   23 23 23 23 23 23   0 5 3 2 4 1
6   23 23 23 23 23 23   0 5 3 4 1 2
6   23 23 23 23 23 23   0 5 3 4 2 1
6   23 23 23 23 23 23   0 5 4 1 2 3
6   23 23 23 23 23 23   0 5 4 1 3 2
6   23 23 23 23 23 23   0 5 4 2 1 3
6   23 23 23 23 23 23   0 5 4 2 3 1
6   23 23 23 23 23 23   0 5 4 3 1 2
6   23 23 23 23 23 23   0 5 4 3 2 1
6   7 11 23 23 46 69   0 2 1 3 4 5
6   7 11 23 23 46 69   0 2 1 3 5 4
6   7 11 23 23 46 69   0 2 1 4 3 5
6   7 11 23 23 46 69   0 2 1 4 5 3
6   7 11 23 23 46 69   0 2 1 5 3 4
6   7 11 23 23 46 69   0 2 1 5 4 3
6   7 11 23 23 46 69   0 2 3 1 4 5
6   7 11 23 23 46 69   0 2 3 1 5 4
6   7 11 23 23 46 69   0 2 3 4 1 5
6   7 11 23 23 46 69   0 2 3 4 5 1
6   7 11 23 23 46 69   0 2 3 5 1 4
6   7 11 23 23 46 69   0 2 3 5 4 1
6   7 11 23 23 46 69   0 2 4 1 3 5
6   7 11 23 23 46 69   0 2 4 1 5 3
6   7 11 23 23 46 69   0 2 4 3 1 5
6   7 11 23 23 46 69   0 2 4 3 5 1
6   7 11 23 23 46 69   0 2 4 5 1 3
6   7 11 23 23 46 69   0 2 4 5 3 1
6   7 11 23 23 46 69   0 2 5 1 3 4
6   7 11 23 23 46 69   0 2 5 1 4 3
6   7 11 23 23 46 69   0 2 5 3 1 4
6   7 11 23 23 46 69   0 2 5 3 4 1
6   7 11 23 23 46 69   0 2 5 4 1 3
6   7 11 23 23 46 69   0 2 5 4 3 1
6   7 11 23 23 46 69   0 3 1 2 4 5
6   7 11 23 23 46 69   0 3 1 2 5 4
6   7 11 23 23 46 69   0 3 1 4 2 5
6   7 11 23 23 46 69   0 3 1 4 5 2
6   7 11 23 23 46 69   0 3 1 5 2 4
6   7 11 23 23 46 69   0 3 1 5 4 2
6   7 11 23 23 46 69   0 3 2 1 4 5
6   7 11 23 23 46 69   0 3 2 1 5 4
6   7 11 23 23 46 69   0 3 2 4 1 5
6   7 11 23 23 46 69   0 3 2 4 5 1
6   7 11 23 23 46 69   0 3 2 5 1 4
6   7 11 23 23 46 69   0 3 2 5 4 1
6   7 11 23 23 46 69   0 3 4 1 2 5
6   7 11 23 23 46 69   0 3 4 1 5 2
6   7 11 23 23 46 69   0 3 4 2 1 5
6   7 11 23 23 46 69   0 3 4 2 5 1
6   7 11 23 23 46 69   0 3 4 5 1 2
6   7 11 23 23 46 69   0 3 4 5 2 1
6   7 11 23 23 46 69   0 3 5 1 2 4
6   7 11 23 23 46 69   0 3 5 1 4 2
6   7 11 23 23 46 69   0 3 5 2 1 4
6   7 11 23 23 46 69   0 3 5 2 4 1
6   7 11 23 23 46 69   0 3 5 4 1 2
6   7 11 23 23 46 69   0 3 5 4 2 1
6   7 11 23 23 46 69   0 4 1 2 3 5
6   7 11 23 23 46 69   0 4 1 2 5 3
6   7 11 23 23 46 69   0 4 1 3 2 5
6   7 11 23 23 46 69   0 4 1 3 5 2
6   7 11 23 23 46 69   0 4 1 5 2 3
6   7 11 23 23 46 69   0 4 1 5 3 2
6   7 11 23 23 46 69   0 4 2 1 3 5
6   7 11 23 23 46 69   0 4 2 1 5 3
6   7 11 23 23 46 69   0 4 2 3 1 5
6   7 11 23 23 46 69   0 4 2 3 5 1
6   7 11 23 23 46 69   0 4 2 5 1 3
6   7 11 23 23 46 69   0 4 2 5 3 1
6   7 11 23 23 46 69   0 4 3 1 2 5
6   7 11 23 23 46 69   0 4 3 1 5 2
6   7 11 23 23 46 69   0 4 3 2 1 5
6   7 11 23 23 46 69   0 4 3 2 5 1
6   7 11 23 23 46 69   0 4 3 5 1 2
6   7 11 23 23 46 69   0 4 3 5 2 1
6   7 11 23 23 46 69   0 4 5 1 2 3
6   7 11 23 23 46 69   0 4 5 1 3 2
6   7 11 23 23 46 69   0 4 5 2 1 3
6   7 11 23 23 46 69   0 4 5 2 3 1
6   7 11 23 23 46 69   0 4 5 3 1 2
6   7 11 23 23 46 69   0 4 5 3 2 1
6   7 11 23 23 46 69   0 5 1 2 3 4
6   7 11 23 23 46 69   0 5 1 2 4 3
6   7 11 23 23 46 69   0 5 1 3 2 4
6   7 11 23 23 46 69   0 5 1 3 4 2
6   7 11 23 23 46 69   0 5 1 4 2 3
6   7 11 23 23 46 69   0 5 1 4 3 2
6   7 11 23 23 46 69   0 5 2 1 3 4
6   7 11 23 23 46 69   0 5 2 1 4 3
6   7 11 23 23 46 69   0 5 2 3 1 4
6   7 11 23 23 46 69   0 5 2 3 4 1
6   7 11 23 23 46 69   0 5 2 4 1 3
6   7 11 23 23 46 69   0 5 2 4 3 1
6   7 11 23 23 46 69   0 5 3 1 2 4
6   7 11 23 23 46 69   0 5 3 1 4 2
6   7 11 23 23 46 69   0 5 3 2 1 4
6   7 11 23 23 46 69   0 5 3 2 4 1
6   7 11 23 23 46 69   0 5 3 4 1 2
6   7 11 23 23 46 69   0 5 3 4 2 1
6   7 11 23 23 46 69   0 5 4 1 2 3
6   7 11 23 23 46 69   0 5 4 1 3 2
6   7 11 23 23 46 69   0 5 4 2 1 3
6   7 11 23 23 46 69   0 5 4 2 3 1
6   7 11 23 23 46 69   0 5 4 3 1 2
6   7 11 23 23 46 69   0 5 4 3 2 1
6   8 13 19 66 39 26   0 2 1 3 4 5
6   8 13 19 66 39 26   0 2 1 3 5 4
6   8 13 19 66 39 26   0 2 1 4 3 5
6   8 13 19 66 39 26   0 2 1 4 5 3
6   8 13 19 66 39 26   0 2 1 5 3 4
6   8 13 19 66 39 26   0 2 1 5 4 3
6   8 13 19 66 39 26   0 2 3 1 4 5
6   8 13 19 66 39 26   0 2 3 1 5 4
6   8 13 19 66 39 26   0 2 3 4 1 5
6   8 13 19 66 39 26   0 2 3 4 5 1
6   8 13 19 66 39 26   0 2 3 5 1 4
6   8 13 19 66 39 26   0 2 3 5 4 1
6   8 13 19 66 39 26   0 2 4 1 3 5
6   8 13 19 66 39 26   0 2 4 1 5 3
6   8 13 19 66 39 26   0 2 4 3 1 5
6   8 13 19 66 39 26   0 2 4 3 5 1
6   8 13 19 66 39 26   0 2 4 5 1 3
6   8 13 19 66 39 26   0 2 4 5 3 1
6   8 13 19 66 39 26   0 2 5 1 3 4
6   8 13 19 66 39 26   0 2 5 1 4 3
6   8 13 19 66 39 26   0 2 5 3 1 4
6   8 13 19 66 39 26   0 2 5 3 4 1
6   8 13 19 66 39 26   0 2 5 4 1 3
6   8 13 19 66 39 26   0 2 5 4 3 1
6   8 13 19 66 39 26   0 3 1 2 4 5
6   8 13 19 66 39 26   0 3 1 2 5 4
6   8 13 19 66 39 26   0 3 1 4 2 5
6   8 13 19 66 39 26   0 3 1 4 5 2
6   8 13 19 66 39 26   0 3 1 5 2 4
6   8 13 19 66 39 26   0 3 1 5 4 2
6   8 13 19 66 39 26   0 3 2 1 4 5
6   8 13 19 66 39 26   0 3 2 1 5 4
6   8 13 19 66 39 26   0 3 2 4 1 5
6   8 13 19 66 39 26   0 3 2 4 5 1
6   8 13 19 66 39 26   0 3 2 5 1 4
6   8 13 19 66 39 26   0 3 2 5 4 1
6   8 13 19 66 39 26   0 3 4 1 2 5
6   8 13 19 66 39 26   0 3 4 1 5 2
6   8 13 19 66 39 26   0 3 4 2 1 5
6   8 13 19 66 39 26   0 3 4 2 5 1
6   8 13 19 66 39 26   0 3 4 5 1 2
6   8 13 19 66 39 26   0 3 4 5 2 1
6   8 13 19 66 39 26   0 3 5 1 2 4
6   8 13 19 66 39 26   0 3 5 1 4 2
6   8 13 19 66 39 26   0 3 5 2 1 4
6   8 13 19 66 39 26   0 3 5 2 4 1
6   8 13 19 66 39 26   0 3 5 4 1 2
6   8 13 19 66 39 26   0 3 5 4 2 1
6   8 13 19 66 39 26   0 4 1 2 3 5
6   8 13 19 66 39 26   0 4 1 2 5 3
6   8 13 19 66 39 26   0 4 1 3 2 5
6   8 13 19 66 39 26   0 4 1 3 5 2
6   8 13 19 66 39 26   0 4 1 5 2 3
6   8 13 19 66 39 26   0 4 1 5 3 2
6   8 13 19 66 39 26   0 4 2 1 3 5
6   8 13 19 66 39 26   0 4 2 1 5 3
6   8 13 19 66 39 26   0 4 2 3 1 5
6   8 13 19 66 39 26   0 4 2 3 5 1
6   8 13 19 66 39 26   0 4 2 5 1 3
6   8 13 19 66 39 26   0 4 2 5 3 1
6   8 13 19 66 39 26   0 4 3 1 2 5
6   8 13 19 66 39 26   0 4 3 1 5 2
6   8 13 19 66 39 26   0 4 3 2 1 5
6   8 13 19 66 39 26   0 4 3 2 5 1
6   8 13 19 66 39 26   0 4 3 5 1 2
6   8 13 19 66 39 26   0 4 3 5 2 1
6   8 13 19 66 39 26   0 4 5 1 2 3
6   8 13 19 66 39 26   0 4 5 1 3 2
6   8 13 19 66 39 26   0 4 5 2 1 3
6   8 13 19 66 39 26   0 4 5 2 3 1
6   8 13 19 66 39 26   0 4 5 3 1 2
6   8 13 19 66 39 26   0 4 5 3 2 1
6   8 13 19 66 39 26   0 5 1 2 3 4
6   8 13 19 66 39 26   0 5 1 2 4 3
6   8 13 19 66 39 26   0 5 1 3 2 4
6   8 13 19 66 39 26   0 5 1 3 4 2
6   8 13 19 66 39 26   0 5 1 4 2 3
6   8 13 19 66 39 26   0 5 1 4 3 2
6   8 13 19 66 39 26   0 5 2 1 3 4
6   8 13 19 66 39 26   0 5 2 1 4 3
6   8 13 19 66 39 26   0 5 2 3 1 4
6   8 13 19 66 39 26   0 5 2 3 4 1
6   8 13 19 66 39 26   0 5 2 4 1 3
6   8 13 19 66 39 26   0 5 2 4 3 1
6   8 13 19 66 39 26   0 5 3 1 2 4
6   8 13 19 66 39 26   0 5 3 1 4 2
6   8 13 19 66 39 26   0 5 3 2 1 4
6   8 13 19 66 39 26   0 5 3 2 4 1
6   8 13 19 66 39 26   0 5 3 4 1 2
6   8 13 19 66 39 26   0 5 3 4 2 1
6   8 13 19 66 39 26   0 5 4 1 2 3
6   8 13 19 66 39 26   0 5 4 1 3 2
6   8 13 19 66 39 26   0 5 4 2 1 3
6   8 13 19 66 39 26   0 5 4 2 3 1
6   8 13 19 66 39 26   0 5 4 3 1 2
6   8 13 19 66 39 26   0 5 4 3 2 1
6   8 8 8 8 8 8   0 3 4 1 2 5
6   8 8 8 8 8 8   0 3 4 5 1 2
6   8 8 8 8 8 8   0 4 5 1 2 3
6   8 8 8 8 8 8   0 4 5 3 1 2
6   2 4 8 8 16 24   0 1 4 2 3 5
6   2 4 8 8 16 24   0 1 4 5 2 3
6   2 4 8 8 16 24   0 1 5 2 3 4
6   2 4 8 8 16 24   0 1 5 4 2 3
6   2 4 8 8 16 24   0 3 4 1 2 5
6   2 4 8 8 16 24   0 3 4 5 1 2
6   2 4 8 8 16 24   0 4 1 2 3 5
6   2 4 8 8 16 24   0 4 1 2 5 3
6   2 4 8 8 16 24   0 4 3 1 2 5
6   2 4 8 8 16 24   0 4 3 5 1 2
6   2 4 8 8 16 24   0 4 5 1 2 3
6   2 4 8 8 16 24   0 4 5 3 1 2
6   2 4 8 8 16 24   0 5 1 2 3 4
6   2 4 8 8 16 24   0 5 1 2 4 3
6   2 4 8 8 16 24   0 5 3 1 2 4
6   2 4 8 8 16 24   0 5 3 4 1 2
6   2 4 8 8 16 24   0 5 4 1 2 3
6   2 4 8 8 16 24   0 5 4 3 1 2
6   24 16 8 8 4 2   0 2 1 3 4 5
6   24 16 8 8 4 2   0 2 1 3 5 4
6   24 16 8 8 4 2   0 2 1 4 3 5
6   24 16 8 8 4 2   0 2 1 4 5 3
6   24 16 8 8 4 2   0 2 1 5 3 4
6   24 16 8 8 4 2   0 2 1 5 4 3
6   24 16 8 8 4 2   0 2 3 1 4 5
6   24 16 8 8 4 2   0 2 3 1 5 4
6   24 16 8 8 4 2   0 2 3 4 1 5
6   24 16 8 8 4 2   0 2 3 4 5 1
6   24 16 8 8 4 2   0 2 3 5 1 4
6   24 16 8 8 4 2   0 2 3 5 4 1
6   24 16 8 8 4 2   0 2 4 1 3 5
6   24 16 8 8 4 2   0 2 4 1 5 3
6   24 16 8 8 4 2   0 2 4 3 1 5
6   24 16 8 8 4 2   0 2 4 3 5 1
6   24 16 8 8 4 2   0 2 4 5 1 3
6   24 16 8 8 4 2   0 2 4 5 3 1
6   24 16 8 8 4 2   0 2 5 1 3 4
6   24 16 8 8 4 2   0 2 5 1 4 3
6   24 16 8 8 4 2   0 2 5 3 1 4
6   24 16 8 8 4 2   0 2 5 3 4 1
6   24 16 8 8 4 2   0 2 5 4 1 3
6   24 16 8 8 4 2   0 2 5 4 3 1
6   24 16 8 8 4 2   0 3 1 2 4 5
6   24 16 8 8 4 2   0 3 1 2 5 4
6   24 16 8 8 4 2   0 3 1 4 2 5
6   24 16 8 8 4 2   0 3 1 4 5 2
6   24 16 8 8 4 2   0 3 1 5 2 4
6   24 16 8 8 4 2   0 3 1 5 4 2
6   24 16 8 8 4 2   0 3 2 1 4 5
6   24 16 8 8 4 2   0 3 2 1 5 4
6   24 16 8 8 4 2   0 3 2 4 1 5
6   24 16 8 8 4 2   0 3 2 4 5 1
6   24 16 8 8 4 2   0 3 2 5 1 4
6   24 16 8 8 4 2   0 3 2 5 4 1
6   24 16 8 8 4 2   0 3 4 1 2 5
6   24 16 8 8 4 2   0 3 4 1 5 2
6   24 16 8 8 4 2   0 3 4 2 1 5
6   24 16 8 8 4 2   0 3 4 2 5 1
6   24 16 8 8 4 2   0 3 4 5 1 2
6   24 16 8 8 4 2   0 3 4 5 2 1
6   24 16 8 8 4 2   0 3 5 1 2 4
6   24 16 8 8 4 2   0 3 5 1 4 2
6   24 16 8 8 4 2   0 3 5 2 1 4
6   24 16 8 8 4 2   0 3 5 2 4 1
6   24 16 8 8 4 2   0 3 5 4 1 2
6   24 16 8 8 4 2   0 3 5 4 2 1
6   24 16 8 8 4 2   0 4 5 1 2 3
6   24 16 8 8 4 2   0 4 5 1 3 2
6   24 16 8 8 4 2   0 4 5 2 1 3
6   24 16 8 8 4 2   0 4 5 2 3 1
6   24 16 8 8 4 2   0 4 5 3 1 2
6   24 16 8 8 4 2   0 4 5 3 2 1
6   2 4 6 23 13 9   0 1 4 2 3 5
6   2 4 6 23 13 9   0 1 4 5 2 3
6   2 4 6 23 13 9   0 1 5 2 3 4
6   2 4 6 23 13 9   0 1 5 4 2 3
6   2 4 6 23 13 9   0 3 1 2 4 5
6   2 4 6 23 13 9   0 3 1 2 5 4
6   2 4 6 23 13 9   0 3 4 1 2 5
6   2 4 6 23 13 9   0 3 4 5 1 2
6   2 4 6 23 13 9   0 3 5 1 2 4
6   2 4 6 23 13 9   0 3 5 4 1 2
6   2 4 6 23 13 9   0 4 1 2 3 5
6   2 4 6 23 13 9   0 4 1 2 5 3
6   2 4 6 23 13 9   0 4 3 1 2 5
6   2 4 6 23 13 9   0 4 3 5 1 2
6   2 4 6 23 13 9   0 4 5 1 2 3
6   2 4 6 23 13 9   0 4 5 3 1 2
6   23 11 13 4 5 6   0 2 1 3 4 5
6   23 11 13 4 5 6   0 2 1 3 5 4
6   23 11 13 4 5 6   0 2 1 4 3 5
6   23 11 13 4 5 6   0 2 1 4 5 3
6   23 11 13 4 5 6   0 2 1 5 3 4
6   23 11 13 4 5 6   0 2 1 5 4 3
6   23 11 13 4 5 6   0 2 3 1 4 5
6   23 11 13 4 5 6   0 2 3 1 5 4
6   23 11 13 4 5 6   0 2 3 4 1 5
6   23 11 13 4 5 6   0 2 3 4 5 1
6   23 11 13 4 5 6   0 2 3 5 1 4
6   23 11 13 4 5 6   0 2 3 5 4 1
6   23 11 13 4 5 6   0 2 4 1 3 5
6   23 11 13 4 5 6   0 2 4 1 5 3
6   23 11 13 4 5 6   0 2 4 3 1 5
6   23 11 13 4 5 6   0 2 4 3 5 1
6   23 11 13 4 5 6   0 2 4 5 1 3
6   23 11 13 4 5 6   0 2 4 5 3 1
6   23 11 13 4 5 6   0 2 5 1 3 4
6   23 11 13 4 5 6   0 2 5 1 4 3
6   23 11 13 4 5 6   0 2 5 3 1 4
6   23 11 13 4 5 6   0 2 5 3 4 1
6   23 11 13 4 5 6   0 2 5 4 1 3
6   23 11 13 4 5 6   0 2 5 4 3 1
6   23 11 13 4 5 6   0 3 4 1 2 5
6   23 11 13 4 5 6   0 3 4 1 5 2
6   23 11 13 4 5 6   0 3 4 2 1 5
6   23 11 13 4 5 6   0 3 4 2 5 1
6   23 11 13 4 5 6   0 3 4 5 1 2
6   23 11 13 4 5 6   0 3 4 5 2 1
6   23 11 13 4 5 6   0 4 1 2 3 5
6   23 11 13 4 5 6   0 4 1 2 5 3
6   23 11 13 4 5 6   0 4 1 3 2 5
6   23 11 13 4 5 6   0 4 1 3 5 2
6   23 11 13 4 5 6   0 4 1 5 2 3
6   23 11 13 4 5 6   0 4 1 5 3 2
6   23 11 13 4 5 6   0 4 2 1 3 5
6   23 11 13 4 5 6   0 4 2 1 5 3
6   23 11 13 4 5 6   0 4 2 3 1 5
6   23 11 13 4 5 6   0 4 2 3 5 1
6   23 11 13 4 5 6   0 4 2 5 1 3
6   23 11 13 4 5 6   0 4 2 5 3 1
6   23 11 13 4 5 6   0 4 3 1 2 5
6   23 11 13 4 5 6   0 4 3 1 5 2
6   23 11 13 4 5 6   0 4 3 2 1 5
6   23 11 13 4 5 6   0 4 3 2 5 1
6   23 11 13 4 5 6   0 4 3 5 1 2
6   23 11 13 4 5 6   0 4 3 5 2 1
6   23 11 13 4 5 6   0 4 5 1 2 3
6   23 11 13 4 5 6   0 4 5 1 3 2
6   23 11 13 4 5 6   0 4 5 2 1 3
6   23 11 13 4 5 6   0 4 5 2 3 1
6   23 11 13 4 5 6   0 4 5 3 1 2
6   23 11 13 4 5 6   0 4 5 3 2 1
6   23 11 13 4 5 6   0 5 1 2 3 4
6   23 11 13 4 5 6   0 5 1 2 4 3
6   23 11 13 4 5 6   0 5 1 3 2 4
6   23 11 13 4 5 6   0 5 1 3 4 2
6   23 11 13 4 5 6   0 5 1 4 2 3
6   23 11 13 4 5 6   0 5 1 4 3 2
6   23 11 13 4 5 6   0 5 2 1 3 4
6   23 11 13 4 5 6   0 5 2 1 4 3
6   23 11 13 4 5 6   0 5 2 3 1 4
6   23 11 13 4 5 6   0 5 2 3 4 1
6   23 11 13 4 5 6   0 5 2 4 1 3
6   23 11 13 4 5 6   0 5 2 4 3 1
6   23 11 13 4 5 6   0 5 3 1 2 4
6   23 11 13 4 5 6   0 5 3 1 4 2
6   23 11 13 4 5 6   0 5 3 2 1 4
6   23 11 13 4 5 6   0 5 3 2 4 1
6   23 11 13 4 5 6   0 5 3 4 1 2
6   23 11 13 4 5 6   0 5 3 4 2 1
6   23 11 13 4 5 6   0 5 4 1 2 3
6   23 11 13 4 5 6   0 5 4 1 3 2
6   23 11 13 4 5 6   0 5 4 2 1 3
6   23 11 13 4 5 6   0 5 4 2 3 1
6   23 11 13 4 5 6   0 5 4 3 1 2
6   23 11 13 4 5 6   0 5 4 3 2 1
6   9 9 9 9 9 9   0 2 1 3 4 5
6   9 9 9 9 9 9   0 2 1 3 5 4
6   9 9 9 9 9 9   0 2 1 4 3 5
6   9 9 9 9 9 9   0 2 1 4 5 3
6   9 9 9 9 9 9   0 2 1 5 3 4
6   9 9 9 9 9 9   0 2 1 5 4 3
6   9 9 9 9 9 9   0 2 3 1 4 5
6   9 9 9 9 9 9   0 2 3 1 5 4
6   9 9 9 9 9 9   0 2 3 4 1 5
6   9 9 9 9 9 9   0 2 3 4 5 1
6   9 9 9 9 9 9   0 2 3 5 1 4
6   9 9 9 9 9 9   0 2 3 5 4 1
6   9 9 9 9 9 9   0 2 4 1 3 5
6   9 9 9 9 9 9   0 2 4 1 5 3
6   9 9 9 9 9 9   0 2 4 3 1 5
6   9 9 9 9 9 9   0 2 4 3 5 1
6   9 9 9 9 9 9   0 2 4 5 1 3
6   9 9 9 9 9 9   0 2 4 5 3 1
6   9 9 9 9 9 9   0 2 5 1 3 4
6   9 9 9 9 9 9   0 2 5 1 4 3
6   9 9 9 9 9 9   0 2 5 3 1 4
6   9 9 9 9 9 9   0 2 5 3 4 1
6   9 9 9 9 9 9   0 2 5 4 1 3
6   9 9 9 9 9 9   0 2 5 4 3 1
6   9 9 9 9 9 9   0 3 1 2 4 5
6   9 9 9 9 9 9   0 3 1 2 5 4
6   9 9 9 9 9 9   0 3 1 4 2 5
6   9 9 9 9 9 9   0 3 1 4 5 2
6   9 9 9 9 9 9   0 3 1 5 2 4
6   9 9 9 9 9 9   0 3 1 5 4 2
6   9 9 9 9 9 9   0 3 2 1 4 5
6   9 9 9 9 9 9   0 3 2 1 5 4
6   9 9 9 9 9 9   0 3 2 4 1 5
6   9 9 9 9 9 9   0 3 2 4 5 1
6   9 9 9 9 9 9   0 3 2 5 1 4
6   9 9 9 9 9 9   0 3 2 5 4 1
6   9 9 9 9 9 9   0 3 4 1 2 5
6   9 9 9 9 9 9   0 3 4 1 5 2
6   9 9 9 9 9 9   0 3 4 2 1 5
6   9 9 9 9 9 9   0 3 4 2 5 1
6   9 9 9 9 9 9   0 3 4 5 1 2
6   9 9 9 9 9 9   0 3 4 5 2 1
6   9 9 9 9 9 9   0 3 5 1 2 4
6   9 9 9 9 9 9   0 3 5 1 4 2
6   9 9 9 9 9 9   0 3 5 2 1 4
6   9 9 9 9 9 9   0 3 5 2 4 1
6   9 9 9 9 9 9   0 3 5 4 1 2
6   9 9 9 9 9 9   0 3 5 4 2 1
6   9 9 9 9 9 9   0 4 1 2 3 5
6   9 9 9 9 9 9   0 4 1 2 5 3
6   9 9 9 9 9 9   0 4 1 3 2 5
6   9 9 9 9 9 9   0 4 1 3 5 2
6   9 9 9 9 9 9   0 4 1 5 2 3
6   9 9 9 9 9 9   0 4 1 5 3 2
6   9 9 9 9 9 9   0 4 2 1 3 5
6   9 9 9 9 9 9   0 4 2 1 5 3
6   9 9 9 9 9 9   0 4 2 3 1 5
6   9 9 9 9 9 9   0 4 2 3 5 1
6   9 9 9 9 9 9   0 4 2 5 1 3
6   9 9 9 9 9 9   0 4 2 5 3 1
6   9 9 9 9 9 9   0 4 3 1 2 5
6   9 9 9 9 9 9   0 4 3 1 5 2
6   9 9 9 9 9 9   0 4 3 2 1 5
6   9 9 9 9 9 9   0 4 3 2 5 1
6   9 9 9 9 9 9   0 4 3 5 1 2
6   9 9 9 9 9 9   0 4 3 5 2 1
6   9 9 9 9 9 9   0 4 5 1 2 3
6   9 9 9 9 9 9   0 4 5 1 3 2
6   9 9 9 9 9 9   0 4 5 2 1 3
6   9 9 9 9 9 9   0 4 5 2 3 1
6   9 9 9 9 9 9   0 4 5 3 1 2
6   9 9 9 9 9 9   0 4 5 3 2 1
6   9 9 9 9 9 9   0 5 1 2 3 4
6   9 9 9 9 9 9   0 5 1 2 4 3
6   9 9 9 9 9 9   0 5 1 3 2 4
6   9 9 9 9 9 9   0 5 1 3 4 2
6   9 9 9 9 9 9   0 5 1 4 2 3
6   9 9 9 9 9 9   0 5 1 4 3 2
6   9 9 9 9 9 9   0 5 2 1 3 4
6   9 9 9 9 9 9   0 5 2 1 4 3
6   9 9 9 9 9 9   0 5 2 3 1 4
6   9 9 9 9 9 9   0 5 2 3 4 1
6   9 9 9 9 9 9   0 5 2 4 1 3
6   9 9 9 9 9 9   0 5 2 4 3 1
6   9 9 9 9 9 9   0 5 3 1 2 4
6   9 9 9 9 9 9   0 5 3 1 4 2
6   9 9 9 9 9 9   0 5 3 2 1 4
6   9 9 9 9 9 9   0 5 3 2 4 1
6   9 9 9 9 9 9   0 5 3 4 1 2
6   9 9 9 9 9 9   0 5 3 4 2 1
6   9 9 9 9 9 9   0 5 4 1 2 3
6   9 9 9 9 9 9   0 5 4 1 3 2
6   9 9 9 9 9 9   0 5 4 2 1 3
6   9 9 9 9 9 9   0 5 4 2 3 1
6   9 9 9 9 9 9   0 5 4 3 1 2
6   9 9 9 9 9 9   0 5 4 3 2 1
6   3 4 9 9 18 27   0 1 3 2 4 5
6   3 4 9 9 18 27   0 1 3 2 5 4
6   3 4 9 9 18 27   0 1 3 4 2 5
6   3 4 9 9 18 27   0 1 3 4 5 2
6   3 4 9 9 18 27   0 1 3 5 2 4
6   3 4 9 9 18 27   0 1 3 5 4 2
6   3 4 9 9 18 27   0 1 4 2 3 5
6   3 4 9 9 18 27   0 1 4 2 5 3
6   3 4 9 9 18 27   0 1 4 3 2 5
6   3 4 9 9 18 27   0 1 4 3 5 2
6   3 4 9 9 18 27   0 1 4 5 2 3
6   3 4 9 9 18 27   0 1 4 5 3 2
6   3 4 9 9 18 27   0 1 5 2 3 4
6   3 4 9 9 18 27   0 1 5 2 4 3
6   3 4 9 9 18 27   0 1 5 3 2 4
6   3 4 9 9 18 27   0 1 5 3 4 2
6   3 4 9 9 18 27   0 1 5 4 2 3
6   3 4 9 9 18 27   0 1 5 4 3 2
6   3 4 9 9 18 27   0 3 4 1 2 5
6   3 4 9 9 18 27   0 3 4 5 1 2
6   3 4 9 9 18 27   0 4 1 2 3 5
6   3 4 9 9 18 27   0 4 1 2 5 3
6   3 4 9 9 18 27   0 4 3 1 2 5
6   3 4 9 9 18 27   0 4 3 5 1 2
6   3 4 9 9 18 27   0 4 5 1 2 3
6   3 4 9 9 18 27   0 4 5 3 1 2
6   3 4 9 9 18 27   0 5 1 2 3 4
6   3 4 9 9 18 27   0 5 1 2 4 3
6   3 4 9 9 18 27   0 5 3 1 2 4
6   3 4 9 9 18 27   0 5 3 4 1 2
6   3 4 9 9 18 27   0 5 4 1 2 3
6   3 4 9 9 18 27   0 5 4 3 1 2
6   27 18 9 9 4 3   0 2 1 3 4 5
6   27 18 9 9 4 3   0 2 1 3 5 4
6   27 18 9 9 4 3   0 2 1 4 3 5
6   27 18 9 9 4 3   0 2 1 4 5 3
6   27 18 9 9 4 3   0 2 1 5 3 4
6   27 18 9 9 4 3   0 2 1 5 4 3
6   27 18 9 9 4 3   0 2 3 1 4 5
6   27 18 9 9 4 3   0 2 3 1 5 4
6   27 18 9 9 4 3   0 2 3 4 1 5
6   27 18 9 9 4 3   0 2 3 4 5 1
6   27 18 9 9 4 3   0 2 3 5 1 4
6   27 18 9 9 4 3   0 2 3 5 4 1
6   27 18 9 9 4 3   0 2 4 1 3 5
6   27 18 9 9 4 3   0 2 4 1 5 3
6   27 18 9 9 4 3   0 2 4 3 1 5
6   27 18 9 9 4 3   0 2 4 3 5 1
6   27 18 9 9 4 3   0 2 4 5 1 3
6   27 18 9 9 4 3   0 2 4 5 3 1
6   27 18 9 9 4 3   0 2 5 1 3 4
6   27 18 9 9 4 3   0 2 5 1 4 3
6   27 18 9 9 4 3   0 2 5 3 1 4
6   27 18 9 9 4 3   0 2 5 3 4 1
6   27 18 9 9 4 3   0 2 5 4 1 3
6   27 18 9 9 4 3   0 2 5 4 3 1
6   27 18 9 9 4 3   0 3 1 2 4 5
6   27 18 9 9 4 3   0 3 1 2 5 4
6   27 18 9 9 4 3   0 3 1 4 2 5
6   27 18 9 9 4 3   0 3 1 4 5 2
6   27 18 9 9 4 3   0 3 1 5 2 4
6   27 18 9 9 4 3   0 3 1 5 4 2
6   27 18 9 9 4 3   0 3 2 1 4 5
6   27 18 9 9 4 3   0 3 2 1 5 4
6   27 18 9 9 4 3   0 3 2 4 1 5
6   27 18 9 9 4 3   0 3 2 4 5 1
6   27 18 9 9 4 3   0 3 2 5 1 4
6   27 18 9 9 4 3   0 3 2 5 4 1
6   27 18 9 9 4 3   0 3 4 1 2 5
6   27 18 9 9 4 3   0 3 4 1 5 2
6   27 18 9 9 4 3   0 3 4 2 1 5
6   27 18 9 9 4 3   0 3 4 2 5 1
6   27 18 9 9 4 3   0 3 4 5 1 2
6   27 18 9 9 4 3   0 3 4 5 2 1
6   27 18 9 9 4 3   0 3 5 1 2 4
6   27 18 9 9 4 3   0 3 5 1 4 2
6   27 18 9 9 4 3   0 3 5 2 1 4
6   27 18 9 9 4 3   0 3 5 2 4 1
6   27 18 9 9 4 3   0 3 5 4 1 2
6   27 18 9 9 4 3   0 3 5 4 2 1
6   27 18 9 9 4 3   0 4 5 1 2 3
6   27 18 9 9 4 3   0 4 5 1 3 2
6   27 18 9 9 4 3   0 4 5 2 1 3
6   27 18 9 9 4 3   0 4 5 2 3 1
6   27 18 9 9 4 3   0 4 5 3 1 2
6   27 18 9 9 4 3   0 4 5 3 2 1
6   3 5 7 26 15 10   0 1 4 2 3 5
6   3 5 7 26 15 10   0 1 4 5 2 3
6   3 5 7 26 15 10   0 1 5 2 3 4
6   3 5 7 26 15 10   0 1 5 4 2 3
6   3 5 7 26 15 10   0 3 1 2 4 5
6   3 5 7 26 15 10   0 3 1 2 5 4
6   3 5 7 26 15 10   0 3 4 1 2 5
6   3 5 7 26 15 10   0 3 4 5 1 2
6   3 5 7 26 15 10   0 3 5 1 2 4
6   3 5 7 26 15 10   0 3 5 4 1 2
6   3 5 7 26 15 10   0 4 1 2 3 5
6   3 5 7 26 15 10   0 4 1 2 5 3
6   3 5 7 26 15 10   0 4 3 1 2 5
6   3 5 7 26 15 10   0 4 3 5 1 2
6   3 5 7 26 15 10   0 4 5 1 2 3
6   3 5 7 26 15 10   0 4 5 3 1 2
6   26 12 15 5 6 7   0 2 1 3 4 5
6   26 12 15 5 6 7   0 2 1 3 5 4
6   26 12 15 5 6 7   0 2 1 4 3 5
6   26 12 15 5 6 7   0 2 1 4 5 3
6   26 12 15 5 6 7   0 2 1 5 3 4
6   26 12 15 5 6 7   0 2 1 5 4 3
6   26 12 15 5 6 7   0 2 3 1 4 5
6   26 12 15 5 6 7   0 2 3 1 5 4
6   26 12 15 5 6 7   0 2 3 4 1 5
6   26 12 15 5 6 7   0 2 3 4 5 1
6   26 12 15 5 6 7   0 2 3 5 1 4
6   26 12 15 5 6 7   0 2 3 5 4 1
6   26 12 15 5 6 7   0 2 4 1 3 5
6   26 12 15 5 6 7   0 2 4 1 5 3
6   26 12 15 5 6 7   0 2 4 3 1 5
6   26 12 15 5 6 7   0 2 4 3 5 1
6   26 12 15 5 6 7   0 2 4 5 1 3
6   26 12 15 5 6 7   0 2 4 5 3 1
6   26 12 15 5 6 7   0 2 5 1 3 4
6   26 12 15 5 6 7   0 2 5 1 4 3
6   26 12 15 5 6 7   0 2 5 3 1 4
6   26 12 15 5 6 7   0 2 5 3 4 1
6   26 12 15 5 6 7   0 2 5 4 1 3
6   26 12 15 5 6 7   0 2 5 4 3 1
6   26 12 15 5 6 7   0 3 1 2 4 5
6   26 12 15 5 6 7   0 3 1 2 5 4
6   26 12 15 5 6 7   0 3 1 4 2 5
6   26 12 15 5 6 7   0 3 1 4 5 2
6   26 12 15 5 6 7   0 3 1 5 2 4
6   26 12 15 5 6 7   0 3 1 5 4 2
6   26 12 15 5 6 7   0 3 2 1 4 5
6   26 12 15 5 6 7   0 3 2 1 5 4
6   26 12 15 5 6 7   0 3 2 4 1 5
6   26 12 15 5 6 7   0 3 2 4 5 1
6   26 12 15 5 6 7   0 3 2 5 1 4
6   26 12 15 5 6 7   0 3 2 5 4 1
6   26 12 15 5 6 7   0 3 4 1 2 5
6   26 12 15 5 6 7   0 3 4 1 5 2
6   26 12 15 5 6 7   0 3 4 2 1 5
6   26 12 15 5 6 7   0 3 4 2 5 1
6   26 12 15 5 6 7   0 3 4 5 1 2
6   26 12 15 5 6 7   0 3 4 5 2 1
6   26 12 15 5 6 7   0 3 5 1 2 4
6   26 12 15 5 6 7   0 3 5 1 4 2
6   26 12 15 5 6 7   0 3 5 2 1 4
6   26 12 15 5 6 7   0 3 5 2 4 1
6   26 12 15 5 6 7   0 3 5 4 1 2
6   26 12 15 5 6 7   0 3 5 4 2 1
6   26 12 15 5 6 7   0 4 1 2 3 5
6   26 12 15 5 6 7   0 4 1 2 5 3
6   26 12 15 5 6 7   0 4 1 3 2 5
6   26 12 15 5 6 7   0 4 1 3 5 2
6   26 12 15 5 6 7   0 4 1 5 2 3
6   26 12 15 5 6 7   0 4 1 5 3 2
6   26 12 15 5 6 7   0 4 2 1 3 5
6   26 12 15 5 6 7   0 4 2 1 5 3
6   26 12 15 5 6 7   0 4 2 3 1 5
6   26 12 15 5 6 7   0 4 2 3 5 1
6   26 12 15 5 6 7   0 4 2 5 1 3
6   26 12 15 5 6 7   0 4 2 5 3 1
6   26 12 15 5 6 7   0 4 3 1 2 5
6   26 12 15 5 6 7   0 4 3 1 5 2
6   26 12 15 5 6 7   0 4 3 2 1 5
6   26 12 15 5 6 7   0 4 3 2 5 1
6   26 12 15 5 6 7   0 4 3 5 1 2
6   26 12 15 5 6 7   0 4 3 5 2 1
6   26 12 15 5 6 7   0 4 5 1 2 3
6   26 12 15 5 6 7   0 4 5 1 3 2
6   26 12 15 5 6 7   0 4 5 2 1 3
6   26 12 15 5 6 7   0 4 5 2 3 1
6   26 12 15 5 6 7   0 4 5 3 1 2
6   26 12 15 5 6 7   0 4 5 3 2 1
6   26 12 15 5 6 7   0 5 1 2 3 4
6   26 12 15 5 6 7   0 5 1 2 4 3
6   26 12 15 5 6 7   0 5 1 3 2 4
6   26 12 15 5 6 7   0 5 1 3 4 2
6   26 12 15 5 6 7   0 5 1 4 2 3
6   26 12 15 5 6 7   0 5 1 4 3 2
6   26 12 15 5 6 7   0 5 2 1 3 4
6   26 12 15 5 6 7   0 5 2 1 4 3
6   26 12 15 5 6 7   0 5 2 3 1 4
6   26 12 15 5 6 7   0 5 2 3 4 1
6   26 12 15 5 6 7   0 5 2 4 1 3
6   26 12 15 5 6 7   0 5 2 4 3 1
6   26 12 15 5 6 7   0 5 3 1 2 4
6   26 12 15 5 6 7   0 5 3 1 4 2
6   26 12 15 5 6 7   0 5 3 2 1 4
6   26 12 15 5 6 7   0 5 3 2 4 1
6   26 12 15 5 6 7   0 5 3 4 1 2
6   26 12 15 5 6 7   0 5 3 4 2 1
6   26 12 15 5 6 7   0 5 4 1 2 3
6   26 12 15 5 6 7   0 5 4 1 3 2
6   26 12 15 5 6 7   0 5 4 2 1 3
6   26 12 15 5 6 7   0 5 4 2 3 1
6   26 12 15 5 6 7   0 5 4 3 1 2
6   26 12 15 5 6 7   0 5 4 3 2 1
6   12 12 12 12 12 12   0 2 1 3 4 5
6   12 12 12 12 12 12   0 2 1 3 5 4
6   12 12 12 12 12 12   0 2 1 4 3 5
6   12 12 12 12 12 12   0 2 1 4 5 3
6   12 12 12 12 12 12   0 2 1 5 3 4
6   12 12 12 12 12 12   0 2 1 5 4 3
6   12 12 12 12 12 12   0 2 3 1 4 5
6   12 12 12 12 12 12   0 2 3 1 5 4
6   12 12 12 12 12 12   0 2 3 4 1 5
6   12 12 12 12 12 12   0 2 3 4 5 1
6   12 12 12 12 12 12   0 2 3 5 1 4
6   12 12 12 12 12 12   0 2 3 5 4 1
6   12 12 12 12 12 12   0 2 4 1 3 5
6   12 12 12 12 12 12   0 2 4 1 5 3
6   12 12 12 12 12 12   0 2 4 3 1 5
6   12 12 12 12 12 12   0 2 4 3 5 1
6   12 12 12 12 12 12   0 2 4 5 1 3
6   12 12 12 12 12 12   0 2 4 5 3 1
6   12 12 12 12 12 12   0 2 5 1 3 4
6   12 12 12 12 12 12   0 2 5 1 4 3
6   12 12 12 12 12 12   0 2 5 3 1 4
6   12 12 12 12 12 12   0 2 5 3 4 1
6   12 12 12 12 12 12   0 2 5 4 1 3
6   12 12 12 12 12 12   0 2 5 4 3 1
6   12 12 12 12 12 12   0 3 1 2 4 5
6   12 12 12 12 12 12   0 3 1 2 5 4
6   12 12 12 12 12 12   0 3 1 4 2 5
6   12 12 12 12 12 12   0 3 1 4 5 2
6   12 12 12 12 12 12   0 3 1 5 2 4
6   12 12 12 12 12 12   0 3 1 5 4 2
6   12 12 12 12 12 12   0 3 2 1 4 5
6   12 12 12 12 12 12   0 3 2 1 5 4
6   12 12 12 12 12 12   0 3 2 4 1 5
6   12 12 12 12 12 12   0 3 2 4 5 1
6   12 12 12 12 12 12   0 3 2 5 1 4
6   12 12 12 12 12 12   0 3 2 5 4 1
6   12 12 12 12 12 12   0 3 4 1 2 5
6   12 12 12 12 12 12   0 3 4 1 5 2
6   12 12 12 12 12 12   0 3 4 2 1 5
6   12 12 12 12 12 12   0 3 4 2 5 1
6   12 12 12 12 12 12   0 3 4 5 1 2
6   12 12 12 12 12 12   0 3 4 5 2 1
6   12 12 12 12 12 12   0 3 5 1 2 4
6   12 12 12 12 12 12   0 3 5 1 4 2
6   12 12 12 12 12 12   0 3 5 2 1 4
6   12 12 12 12 12 12   0 3 5 2 4 1
6   12 12 12 12 12 12   0 3 5 4 1 2
6   12 12 12 12 12 12   0 3 5 4 2 1
6   12 12 12 12 12 12   0 4 1 2 3 5
6   12 12 12 12 12 12   0 4 1 2 5 3
6   12 12 12 12 12 12   0 4 1 3 2 5
6   12 12 12 12 12 12   0 4 1 3 5 2
6   12 12 12 12 12 12   0 4 1 5 2 3
6   12 12 12 12 12 12   0 4 1 5 3 2
6   12 12 12 12 12 12   0 4 2 1 3 5
6   12 12 12 12 12 12   0 4 2 1 5 3
6   12 12 12 12 12 12   0 4 2 3 1 5
6   12 12 12 12 12 12   0 4 2 3 5 1
6   12 12 12 12 12 12   0 4 2 5 1 3
6   12 12 12 12 12 12   0 4 2 5 3 1
6   12 12 12 12 12 12   0 4 3 1 2 5
6   12 12 12 12 12 12   0 4 3 1 5 2
6   12 12 12 12 12 12   0 4 3 2 1 5
6   12 12 12 12 12 12   0 4 3 2 5 1
6   12 12 12 12 12 12   0 4 3 5 1 2
6   12 12 12 12 12 12   0 4 3 5 2 1
6   12 12 12 12 12 12   0 4 5 1 2 3
6   12 12 12 12 12 12   0 4 5 1 3 2
6   12 12 12 12 12 12   0 4 5 2 1 3
6   12 12 12 12 12 12   0 4 5 2 3 1
6   12 12 12 12 12 12   0 4 5 3 1 2
6   12 12 12 12 12 12   0 4 5 3 2 1
6   12 12 12 12 12 12   0 5 1 2 3 4
6   12 12 12 12 12 12   0 5 1 2 4 3
6   12 12 12 12 12 12   0 5 1 3 2 4
6   12 12 12 12 12 12   0 5 1 3 4 2
6   12 12 12 12 12 12   0 5 1 4 2 3
6   12 12 12 12 12 12   0 5 1 4 3 2
6   12 12 12 12 12 12   0 5 2 1 3 4
6   12 12 12 12 12 12   0 5 2 1 4 3
6   12 12 12 12 12 12   0 5 2 3 1 4
6   12 12 12 12 12 12   0 5 2 3 4 1
6   12 12 12 12 12 12   0 5 2 4 1 3
6   12 12 12 12 12 12   0 5 2 4 3 1
6   12 12 12 12 12 12   0 5 3 1 2 4
6   12 12 12 12 12 12   0 5 3 1 4 2
6   12 12 12 12 12 12   0 5 3 2 1 4
6   12 12 12 12 12 12   0 5 3 2 4 1
6   12 12 12 12 12 12   0 5 3 4 1 2
6   12 12 12 12 12 12   0 5 3 4 2 1
6   12 12 12 12 12 12   0 5 4 1 2 3
6   12 12 12 12 12 12   0 5 4 1 3 2
6   12 12 12 12 12 12   0 5 4 2 1 3
6   12 12 12 12 12 12   0 5 4 2 3 1
6   12 12 12 12 12 12   0 5 4 3 1 2
6   12 12 12 12 12 12   0 5 4 3 2 1
6   4 6 12 12 24 36   0 1 3 2 4 5
6   4 6 12 12 24 36   0 1 3 2 5 4
6   4 6 12 12 24 36   0 1 3 4 2 5
6   4 6 12 12 24 36   0 1 3 4 5 2
6   4 6 12 12 24 36   0 1 3 5 2 4
6   4 6 12 12 24 36   0 1 3 5 4 2
6   4 6 12 12 24 36   0 1 4 2 3 5
6   4 6 12 12 24 36   0 1 4 2 5 3
6   4 6 12 12 24 36   0 1 4 3 2 5
6   4 6 12 12 24 36   0 1 4 3 5 2
6   4 6 12 12 24 36   0 1 4 5 2 3
6   4 6 12 12 24 36   0 1 4 5 3 2
6   4 6 12 12 24 36   0 1 5 2 3 4
6   4 6 12 12 24 36   0 1 5 2 4 3
6   4 6 12 12 24 36   0 1 5 3 2 4
6   4 6 12 12 24 36   0 1 5 3 4 2
6   4 6 12 12 24 36   0 1 5 4 2 3
6   4 6 12 12 24 36   0 1 5 4 3 2
6   4 6 12 12 24 36   0 3 1 2 4 5
6   4 6 12 12 24 36   0 3 1 2 5 4
6   4 6 12 12 24 36   0 3 4 1 2 5
6   4 6 12 12 24 36   0 3 4 5 1 2
6   4 6 12 12 24 36   0 3 5 1 2 4
6   4 6 12 12 24 36   0 3 5 4 1 2
6   4 6 12 12 24 36   0 4 1 2 3 5
6   4 6 12 12 24 36   0 4 1 2 5 3
6   4 6 12 12 24 36   0 4 3 1 2 5
6   4 6 12 12 24 36   0 4 3 5 1 2
6   4 6 12 12 24 36   0 4 5 1 2 3
6   4 6 12 12 24 36   0 4 5 3 1 2
6   4 6 12 12 24 36   0 5 1 2 3 4
6   4 6 12 12 24 36   0 5 1 2 4 3
6   4 6 12 12 24 36   0 5 3 1 2 4
6   4 6 12 12 24 36   0 5 3 4 1 2
6   4 6 12 12 24 36   0 5 4 1 2 3
6   4 6 12 12 24 36   0 5 4 3 1 2
6   4 7 10 34 20 14   0 1 3 2 4 5
6   4 7 10 34 20 14   0 1 3 2 5 4
6   4 7 10 34 20 14   0 1 3 4 2 5
6   4 7 10 34 20 14   0 1 3 4 5 2
6   4 7 10 34 20 14   0 1 3 5 2 4
6   4 7 10 34 20 14   0 1 3 5 4 2
6   4 7 10 34 20 14   0 1 4 2 3 5
6   4 7 10 34 20 14   0 1 4 2 5 3
6   4 7 10 34 20 14   0 1 4 3 2 5
6   4 7 10 34 20 14   0 1 4 3 5 2
6   4 7 10 34 20 14   0 1 4 5 2 3
6   4 7 10 34 20 14   0 1 4 5 3 2
6   4 7 10 34 20 14   0 1 5 2 3 4
6   4 7 10 34 20 14   0 1 5 2 4 3
6   4 7 10 34 20 14   0 1 5 3 2 4
6   4 7 10 34 20 14   0 1 5 3 4 2
6   4 7 10 34 20 14   0 1 5 4 2 3
6   4 7 10 34 20 14   0 1 5 4 3 2
6   4 7 10 34 20 14   0 3 1 2 4 5
6   4 7 10 34 20 14   0 3 1 2 5 4
6   4 7 10 34 20 14   0 3 4 1 2 5
6   4 7 10 34 20 14   0 3 4 5 1 2
6   4 7 10 34 20 14   0 3 5 1 2 4
6   4 7 10 34 20 14   0 3 5 4 1 2
6   4 7 10 34 20 14   0 4 1 2 3 5
6   4 7 10 34 20 14   0 4 1 2 5 3
6   4 7 10 34 20 14   0 4 3 1 2 5
6   4 7 10 34 20 14   0 4 3 5 1 2
6   4 7 10 34 20 14   0 4 5 1 2 3
6   4 7 10 34 20 14   0 4 5 3 1 2
6   4 7 10 34 20 14   0 5 1 2 3 4
6   4 7 10 34 20 14   0 5 1 2 4 3
6   4 7 10 34 20 14   0 5 3 1 2 4
6   4 7 10 34 20 14   0 5 3 4 1 2
6   4 7 10 34 20 14   0 5 4 1 2 3
6   4 7 10 34 20 14   0 5 4 3 1 2
6   15 15 15 15 15 15   0 2 1 3 4 5
6   15 15 15 15 15 15   0 2 1 3 5 4
6   15 15 15 15 15 15   0 2 1 4 3 5
6   15 15 15 15 15 15   0 2 1 4 5 3
6   15 15 15 15 15 15   0 2 1 5 3 4
6   15 15 15 15 15 15   0 2 1 5 4 3
6   15 15 15 15 15 15   0 2 3 1 4 5
6   15 15 15 15 15 15   0 2 3 1 5 4
6   15 15 15 15 15 15   0 2 3 4 1 5
6   15 15 15 15 15 15   0 2 3 4 5 1
6   15 15 15 15 15 15   0 2 3 5 1 4
6   15 15 15 15 15 15   0 2 3 5 4 1
6   15 15 15 15 15 15   0 2 4 1 3 5
6   15 15 15 15 15 15   0 2 4 1 5 3
6   15 15 15 15 15 15   0 2 4 3 1 5
6   15 15 15 15 15 15   0 2 4 3 5 1
6   15 15 15 15 15 15   0 2 4 5 1 3
6   15 15 15 15 15 15   0 2 4 5 3 1
6   15 15 15 15 15 15   0 2 5 1 3 4
6   15 15 15 15 15 15   0 2 5 1 4 3
6   15 15 15 15 15 15   0 2 5 3 1 4
6   15 15 15 15 15 15   0 2 5 3 4 1
6   15 15 15 15 15 15   0 2 5 4 1 3
6   15 15 15 15 15 15   0 2 5 4 3 1
6   15 15 15 15 15 15   0 3 1 2 4 5
6   15 15 15 15 15 15   0 3 1 2 5 4
6   15 15 15 15 15 15   0 3 1 4 2 5
6   15 15 15 15 15 15   0 3 1 4 5 2
6   15 15 15 15 15 15   0 3 1 5 2 4
6   15 15 15 15 15 15   0 3 1 5 4 2
6   15 15 15 15 15 15   0 3 2 1 4 5
6   15 15 15 15 15 15   0 3 2 1 5 4
6   15 15 15 15 15 15   0 3 2 4 1 5
6   15 15 15 15 15 15   0 3 2 4 5 1
6   15 15 15 15 15 15   0 3 2 5 1 4
6   15 15 15 15 15 15   0 3 2 5 4 1
6   15 15 15 15 15 15   0 3 4 1 2 5
6   15 15 15 15 15 15   0 3 4 1 5 2
6   15 15 15 15 15 15   0 3 4 2 1 5
6   15 15 15 15 15 15   0 3 4 2 5 1
6   15 15 15 15 15 15   0 3 4 5 1 2
6   15 15 15 15 15 15   0 3 4 5 2 1
6   15 15 15 15 15 15   0 3 5 1 2 4
6   15 15 15 15 15 15   0 3 5 1 4 2
6   15 15 15 15 15 15   0 3 5 2 1 4
6   15 15 15 15 15 15   0 3 5 2 4 1
6   15 15 15 15 15 15   0 3 5 4 1 2
6   15 15 15 15 15 15   0 3 5 4 2 1
6   15 15 15 15 15 15   0 4 1 2 3 5
6   15 15 15 15 15 15   0 4 1 2 5 3
6   15 15 15 15 15 15   0 4 1 3 2 5
6   15 15 15 15 15 15   0 4 1 3 5 2
6   15 15 15 15 15 15   0 4 1 5 2 3
6   15 15 15 15 15 15   0 4 1 5 3 2
6   15 15 15 15 15 15   0 4 2 1 3 5
6   15 15 15 15 15 15   0 4 2 1 5 3
6   15 15 15 15 15 15   0 4 2 3 1 5
6   15 15 15 15 15 15   0 4 2 3 5 1
6   15 15 15 15 15 15   0 4 2 5 1 3
6   15 15 15 15 15 15   0 4 2 5 3 1
6   15 15 15 15 15 15   0 4 3 1 2 5
6   15 15 15 15 15 15   0 4 3 1 5 2
6   15 15 15 15 15 15   0 4 3 2 1 5
6   15 15 15 15 15 15   0 4 3 2 5 1
6   15 15 15 15 15 15   0 4 3 5 1 2
6   15 15 15 15 15 15   0 4 3 5 2 1
6   15 15 15 15 15 15   0 4 5 1 2 3
6   15 15 15 15 15 15   0 4 5 1 3 2
6   15 15 15 15 15 15   0 4 5 2 1 3
6   15 15 15 15 15 15   0 4 5 2 3 1
6   15 15 15 15 15 15   0 4 5 3 1 2
6   15 15 15 15 15 15   0 4 5 3 2 1
6   15 15 15 15 15 15   0 5 1 2 3 4
6   15 15 15 15 15 15   0 5 1 2 4 3
6   15 15 15 15 15 15   0 5 1 3 2 4
6   15 15 15 15 15 15   0 5 1 3 4 2
6   15 15 15 15 15 15   0 5 1 4 2 3
6   15 15 15 15 15 15   0 5 1 4 3 2
6   15 15 15 15 15 15   0 5 2 1 3 4
6   15 15 15 15 15 15   0 5 2 1 4 3
6   15 15 15 15 15 15   0 5 2 3 1 4
6   15 15 15 15 15 15   0 5 2 3 4 1
6   15 15 15 15 15 15   0 5 2 4 1 3
6   15 15 15 15 15 15   0 5 2 4 3 1
6   15 15 15 15 15 15   0 5 3 1 2 4
6   15 15 15 15 15 15   0 5 3 1 4 2
6   15 15 15 15 15 15   0 5 3 2 1 4
6   15 15 15 15 15 15   0 5 3 2 4 1
6   15 15 15 15 15 15   0 5 3 4 1 2
6   15 15 15 15 15 15   0 5 3 4 2 1
6   15 15 15 15 15 15   0 5 4 1 2 3
6   15 15 15 15 15 15   0 5 4 1 3 2
6   15 15 15 15 15 15   0 5 4 2 1 3
6   15 15 15 15 15 15   0 5 4 2 3 1
6   15 15 15 15 15 15   0 5 4 3 1 2
6   15 15 15 15 15 15   0 5 4 3 2 1
6   5 7 15 15 30 45   0 3 1 2 4 5
6   5 7 15 15 30 45   0 3 1 2 5 4
6   5 7 15 15 30 45   0 3 4 1 2 5
6   5 7 15 15 30 45   0 3 4 5 1 2
6   5 7 15 15 30 45   0 3 5 1 2 4
6   5 7 15 15 30 45   0 3 5 4 1 2
6   5 7 15 15 30 45   0 4 1 2 3 5
6   5 7 15 15 30 45   0 4 1 2 5 3
6   5 7 15 15 30 45   0 4 3 1 2 5
6   5 7 15 15 30 45   0 4 3 5 1 2
6   5 7 15 15 30 45   0 4 5 1 2 3
6   5 7 15 15 30 45   0 4 5 3 1 2
6   5 7 15 15 30 45   0 5 1 2 3 4
6   5 7 15 15 30 45   0 5 1 2 4 3
6   5 7 15 15 30 45   0 5 3 1 2 4
6   5 7 15 15 30 45   0 5 3 4 1 2
6   5 7 15 15 30 45   0 5 4 1 2 3
6   5 7 15 15 30 45   0 5 4 3 1 2
6   5 9 12 43 25 17   0 2 1 3 4 5
6   5 9 12 43 25 17   0 2 1 3 5 4
6   5 9 12 43 25 17   0 2 1 4 3 5
6   5 9 12 43 25 17   0 2 1 4 5 3
6   5 9 12 43 25 17   0 2 1 5 3 4
6   5 9 12 43 25 17   0 2 1 5 4 3
6   5 9 12 43 25 17   0 2 3 1 4 5
6   5 9 12 43 25 17   0 2 3 1 5 4
6   5 9 12 43 25 17   0 2 3 4 1 5
6   5 9 12 43 25 17   0 2 3 4 5 1
6   5 9 12 43 25 17   0 2 3 5 1 4
6   5 9 12 43 25 17   0 2 3 5 4 1
6   5 9 12 43 25 17   0 2 4 1 3 5
6   5 9 12 43 25 17   0 2 4 1 5 3
6   5 9 12 43 25 17   0 2 4 3 1 5
6   5 9 12 43 25 17   0 2 4 3 5 1
6   5 9 12 43 25 17   0 2 4 5 1 3
6   5 9 12 43 25 17   0 2 4 5 3 1
6   5 9 12 43 25 17   0 2 5 1 3 4
6   5 9 12 43 25 17   0 2 5 1 4 3
6   5 9 12 43 25 17   0 2 5 3 1 4
6   5 9 12 43 25 17   0 2 5 3 4 1
6   5 9 12 43 25 17   0 2 5 4 1 3
6   5 9 12 43 25 17   0 2 5 4 3 1
6   5 9 12 43 25 17   0 3 1 2 4 5
6   5 9 12 43 25 17   0 3 1 2 5 4
6   5 9 12 43 25 17   0 3 1 4 2 5
6   5 9 12 43 25 17   0 3 1 4 5 2
6   5 9 12 43 25 17   0 3 1 5 2 4
6   5 9 12 43 25 17   0 3 1 5 4 2
6   5 9 12 43 25 17   0 3 2 1 4 5
6   5 9 12 43 25 17   0 3 2 1 5 4
6   5 9 12 43 25 17   0 3 2 4 1 5
6   5 9 12 43 25 17   0 3 2 4 5 1
6   5 9 12 43 25 17   0 3 2 5 1 4
6   5 9 12 43 25 17   0 3 2 5 4 1
6   5 9 12 43 25 17   0 3 4 1 2 5
6   5 9 12 43 25 17   0 3 4 1 5 2
6   5 9 12 43 25 17   0 3 4 2 1 5
6   5 9 12 43 25 17   0 3 4 2 5 1
6   5 9 12 43 25 17   0 3 4 5 1 2
6   5 9 12 43 25 17   0 3 4 5 2 1
6   5 9 12 43 25 17   0 3 5 1 2 4
6   5 9 12 43 25 17   0 3 5 1 4 2
6   5 9 12 43 25 17   0 3 5 2 1 4
6   5 9 12 43 25 17   0 3 5 2 4 1
6   5 9 12 43 25 17   0 3 5 4 1 2
6   5 9 12 43 25 17   0 3 5 4 2 1
6   5 9 12 43 25 17   0 4 1 2 3 5
6   5 9 12 43 25 17   0 4 1 2 5 3
6   5 9 12 43 25 17   0 4 1 3 2 5
6   5 9 12 43 25 17   0 4 1 3 5 2
6   5 9 12 43 25 17   0 4 1 5 2 3
6   5 9 12 43 25 17   0 4 1 5 3 2
6   5 9 12 43 25 17   0 4 2 1 3 5
6   5 9 12 43 25 17   0 4 2 1 5 3
6   5 9 12 43 25 17   0 4 2 3 1 5
6   5 9 12 43 25 17   0 4 2 3 5 1
6   5 9 12 43 25 17   0 4 2 5 1 3
6   5 9 12 43 25 17   0 4 2 5 3 1
6   5 9 12 43 25 17   0 4 3 1 2 5
6   5 9 12 43 25 17   0 4 3 1 5 2
6   5 9 12 43 25 17   0 4 3 2 1 5
6   5 9 12 43 25 17   0 4 3 2 5 1
6   5 9 12 43 25 17   0 4 3 5 1 2
6   5 9 12 43 25 17   0 4 3 5 2 1
6   5 9 12 43 25 17   0 4 5 1 2 3
6   5 9 12 43 25 17   0 4 5 1 3 2
6   5 9 12 43 25 17   0 4 5 2 1 3
6   5 9 12 43 25 17   0 4 5 2 3 1
6   5 9 12 43 25 17   0 4 5 3 1 2
6   5 9 12 43 25 17   0 4 5 3 2 1
6   5 9 12 43 25 17   0 5 1 2 3 4
6   5 9 12 43 25 17   0 5 1 2 4 3
6   5 9 12 43 25 17   0 5 1 3 2 4
6   5 9 12 43 25 17   0 5 1 3 4 2
6   5 9 12 43 25 17   0 5 1 4 2 3
6   5 9 12 43 25 17   0 5 1 4 3 2
6   5 9 12 43 25 17   0 5 2 1 3 4
6   5 9 12 43 25 17   0 5 2 1 4 3
6   5 9 12 43 25 17   0 5 2 3 1 4
6   5 9 12 43 25 17   0 5 2 3 4 1
6   5 9 12 43 25 17   0 5 2 4 1 3
6   5 9 12 43 25 17   0 5 2 4 3 1
6   5 9 12 43 25 17   0 5 3 1 2 4
6   5 9 12 43 25 17   0 5 3 1 4 2
6   5 9 12 43 25 17   0 5 3 2 1 4
6   5 9 12 43 25 17   0 5 3 2 4 1
6   5 9 12 43 25 17   0 5 3 4 1 2
6   5 9 12 43 25 17   0 5 3 4 2 1
6   5 9 12 43 25 17   0 5 4 1 2 3
6   5 9 12 43 25 17   0 5 4 1 3 2
6   5 9 12 43 25 17   0 5 4 2 1 3
6   5 9 12 43 25 17   0 5 4 2 3 1
6   5 9 12 43 25 17   0 5 4 3 1 2
6   5 9 12 43 25 17   0 5 4 3 2 1
6   18 18 18 18 18 18   0 2 1 3 4 5
6   18 18 18 18 18 18   0 2 1 3 5 4
6   18 18 18 18 18 18   0 2 1 4 3 5
6   18 18 18 18 18 18   0 2 1 4 5 3
6   18 18 18 18 18 18   0 2 1 5 3 4
6   18 18 18 18 18 18   0 2 1 5 4 3
6   18 18 18 18 18 18   0 2 3 1 4 5
6   18 18 18 18 18 18   0 2 3 1 5 4
6   18 18 18 18 18 18   0 2 3 4 1 5
6   18 18 18 18 18 18   0 2 3 4 5 1
6   18 18 18 18 18 18   0 2 3 5 1 4
6   18 18 18 18 18 18   0 2 3 5 4 1
6   18 18 18 18 18 18   0 2 4 1 3 5
6   18 18 18 18 18 18   0 2 4 1 5 3
6   18 18 18 18 18 18   0 2 4 3 1 5
6   18 18 18 18 18 18   0 2 4 3 5 1
6   18 18 18 18 18 18   0 2 4 5 1 3
6   18 18 18 18 18 18   0 2 4 5 3 1
6   18 18 18 18 18 18   0 2 5 1 3 4
6   18 18 18 18 18 18   0 2 5 1 4 3
6   18 18 18 18 18 18   0 2 5 3 1 4
6   18 18 18 18 18 18   0 2 5 3 4 1
6   18 18 18 18 18 18   0 2 5 4 1 3
6   18 18 18 18 18 18   0 2 5 4 3 1
6   18 18 18 18 18 18   0 3 1 2 4 5
6   18 18 18 18 18 18   0 3 1 2 5 4
6   18 18 18 18 18 18   0 3 1 4 2 5
6   18 18 18 18 18 18   0 3 1 4 5 2
6   18 18 18 18 18 18   0 3 1 5 2 4
6   18 18 18 18 18 18   0 3 1 5 4 2
6   18 18 18 18 18 18   0 3 2 1 4 5
6   18 18 18 18 18 18   0 3 2 1 5 4
6   18 18 18 18 18 18   0 3 2 4 1 5
6   18 18 18 18 18 18   0 3 2 4 5 1
6   18 18 18 18 18 18   0 3 2 5 1 4
6   18 18 18 18 18 18   0 3 2 5 4 1
6   18 18 18 18 18 18   0 3 4 1 2 5
6   18 18 18 18 18 18   0 3 4 1 5 2
6   18 18 18 18 18 18   0 3 4 2 1 5
6   18 18 18 18 18 18   0 3 4 2 5 1
6   18 18 18 18 18 18   0 3 4 5 1 2
6   18 18 18 18 18 18   0 3 4 5 2 1
6   18 18 18 18 18 18   0 3 5 1 2 4
6   18 18 18 18 18 18   0 3 5 1 4 2
6   18 18 18 18 18 18   0 3 5 2 1 4
6   18 18 18 18 18 18   0 3 5 2 4 1
6   18 18 18 18 18 18   0 3 5 4 1 2
6   18 18 18 18 18 18   0 3 5 4 2 1
6   18 18 18 18 18 18   0 4 1 2 3 5
6   18 18 18 18 18 18   0 4 1 2 5 3
6   18 18 18 18 18 18   0 4 1 3 2 5
6   18 18 18 18 18 18   0 4 1 3 5 2
6   18 18 18 18 18 18   0 4 1 5 2 3
6   18 18 18 18 18 18   0 4 1 5 3 2
6   18 18 18 18 18 18   0 4 2 1 3 5
6   18 18 18 18 18 18   0 4 2 1 5 3
6   18 18 18 18 18 18   0 4 2 3 1 5
6   18 18 18 18 18 18   0 4 2 3 5 1
6   18 18 18 18 18 18   0 4 2 5 1 3
6   18 18 18 18 18 18   0 4 2 5 3 1
6   18 18 18 18 18 18   0 4 3 1 2 5
6   18 18 18 18 18 18   0 4 3 1 5 2
6   18 18 18 18 18 18   0 4 3 2 1 5
6   18 18 18 18 18 18   0 4 3 2 5 1
6   18 18 18 18 18 18   0 4 3 5 1 2
6   18 18 18 18 18 18   0 4 3 5 2 1
6   18 18 18 18 18 18   0 4 5 1 2 3
6   18 18 18 18 18 18   0 4 5 1 3 2
6   18 18 18 18 18 18   0 4 5 2 1 3
6   18 18 18 18 18 18   0 4 5 2 3 1
6   18 18 18 18 18 18   0 4 5 3 1 2
6   18 18 18 18 18 18   0 4 5 3 2 1
6   18 18 18 18 18 18   0 5 1 2 3 4
6   18 18 18 18 18 18   0 5 1 2 4 3
6   18 18 18 18 18 18   0 5 1 3 2 4
6   18 18 18 18 18 18   0 5 1 3 4 2
6   18 18 18 18 18 18   0 5 1 4 2 3
6   18 18 18 18 18 18   0 5 1 4 3 2
6   18 18 18 18 18 18   0 5 2 1 3 4
6   18 18 18 18 18 18   0 5 2 1 4 3
6   18 18 18 18 18 18   0 5 2 3 1 4
6   18 18 18 18 18 18   0 5 2 3 4 1
6   18 18 18 18 18 18   0 5 2 4 1 3
6   18 18 18 18 18 18   0 5 2 4 3 1
6   18 18 18 18 18 18   0 5 3 1 2 4
6   18 18 18 18 18 18   0 5 3 1 4 2
6   18 18 18 18 18 18   0 5 3 2 1 4
6   18 18 18 18 18 18   0 5 3 2 4 1
6   18 18 18 18 18 18   0 5 3 4 1 2
6   18 18 18 18 18 18   0 5 3 4 2 1
6   18 18 18 18 18 18   0 5 4 1 2 3
6   18 18 18 18 18 18   0 5 4 1 3 2
6   18 18 18 18 18 18   0 5 4 2 1 3
6   18 18 18 18 18 18   0 5 4 2 3 1
6   18 18 18 18 18 18   0 5 4 3 1 2
6   18 18 18 18 18 18   0 5 4 3 2 1
6   6 9 18 18 36 54   0 2 1 3 4 5
6   6 9 18 18 36 54   0 2 1 3 5 4
6   6 9 18 18 36 54   0 2 1 4 3 5
6   6 9 18 18 36 54   0 2 1 4 5 3
6   6 9 18 18 36 54   0 2 1 5 3 4
6   6 9 18 18 36 54   0 2 1 5 4 3
6   6 9 18 18 36 54   0 2 3 1 4 5
6   6 9 18 18 36 54   0 2 3 1 5 4
6   6 9 18 18 36 54   0 2 3 4 1 5
6   6 9 18 18 36 54   0 2 3 4 5 1
6   6 9 18 18 36 54   0 2 3 5 1 4
6   6 9 18 18 36 54   0 2 3 5 4 1
6   6 9 18 18 36 54   0 2 4 1 3 5
6   6 9 18 18 36 54   0 2 4 1 5 3
6   6 9 18 18 36 54   0 2 4 3 1 5
6   6 9 18 18 36 54   0 2 4 3 5 1
6   6 9 18 18 36 54   0 2 4 5 1 3
6   6 9 18 18 36 54   0 2 4 5 3 1
6   6 9 18 18 36 54   0 2 5 1 3 4
6   6 9 18 18 36 54   0 2 5 1 4 3
6   6 9 18 18 36 54   0 2 5 3 1 4
6   6 9 18 18 36 54   0 2 5 3 4 1
6   6 9 18 18 36 54   0 2 5 4 1 3
6   6 9 18 18 36 54   0 2 5 4 3 1
6   6 9 18 18 36 54   0 3 1 2 4 5
6   6 9 18 18 36 54   0 3 1 2 5 4
6   6 9 18 18 36 54   0 3 1 4 2 5
6   6 9 18 18 36 54   0 3 1 4 5 2
6   6 9 18 18 36 54   0 3 1 5 2 4
6   6 9 18 18 36 54   0 3 1 5 4 2
6   6 9 18 18 36 54   0 3 2 1 4 5
6   6 9 18 18 36 54   0 3 2 1 5 4
6   6 9 18 18 36 54   0 3 2 4 1 5
6   6 9 18 18 36 54   0 3 2 4 5 1
6   6 9 18 18 36 54   0 3 2 5 1 4
6   6 9 18 18 36 54   0 3 2 5 4 1
6   6 9 18 18 36 54   0 3 4 1 2 5
6   6 9 18 18 36 54   0 3 4 1 5 2
6   6 9 18 18 36 54   0 3 4 2 1 5
6   6 9 18 18 36 54   0 3 4 2 5 1
6   6 9 18 18 36 54   0 3 4 5 1 2
6   6 9 18 18 36 54   0 3 4 5 2 1
6   6 9 18 18 36 54   0 3 5 1 2 4
6   6 9 18 18 36 54   0 3 5 1 4 2
6   6 9 18 18 36 54   0 3 5 2 1 4
6   6 9 18 18 36 54   0 3 5 2 4 1
6   6 9 18 18 36 54   0 3 5 4 1 2
6   6 9 18 18 36 54   0 3 5 4 2 1
6   6 9 18 18 36 54   0 4 1 2 3 5
6   6 9 18 18 36 54   0 4 1 2 5 3
6   6 9 18 18 36 54   0 4 1 3 2 5
6   6 9 18 18 36 54   0 4 1 3 5 2
6   6 9 18 18 36 54   0 4 1 5 2 3
6   6 9 18 18 36 54   0 4 1 5 3 2
6   6 9 18 18 36 54   0 4 2 1 3 5
6   6 9 18 18 36 54   0 4 2 1 5 3
6   6 9 18 18 36 54   0 4 2 3 1 5
6   6 9 18 18 36 54   0 4 2 3 5 1
6   6 9 18 18 36 54   0 4 2 5 1 3
6   6 9 18 18 36 54   0 4 2 5 3 1
6   6 9 18 18 36 54   0 4 3 1 2 5
6   6 9 18 18 36 54   0 4 3 1 5 2
6   6 9 18 18 36 54   0 4 3 2 1 5
6   6 9 18 18 36 54   0 4 3 2 5 1
6   6 9 18 18 36 54   0 4 3 5 1 2
6   6 9 18 18 36 54   0 4 3 5 2 1
6   6 9 18 18 36 54   0 4 5 1 2 3
6   6 9 18 18 36 54   0 4 5 1 3 2
6   6 9 18 18 36 54   0 4 5 2 1 3
6   6 9 18 18 36 54   0 4 5 2 3 1
6   6 9 18 18 36 54   0 4 5 3 1 2
6   6 9 18 18 36 54   0 4 5 3 2 1
6   6 9 18 18 36 54   0 5 1 2 3 4
6   6 9 18 18 36 54   0 5 1 2 4 3
6   6 9 18 18 36 54   0 5 1 3 2 4
6   6 9 18 18 36 54   0 5 1 3 4 2
6   6 9 18 18 36 54   0 5 1 4 2 3
6   6 9 18 18 36 54   0 5 1 4 3 2
6   6 9 18 18 36 54   0 5 2 1 3 4
6   6 9 18 18 36 54   0 5 2 1 4 3
6   6 9 18 18 36 54   0 5 2 3 1 4
6   6 9 18 18 36 54   0 5 2 3 4 1
6   6 9 18 18 36 54   0 5 2 4 1 3
6   6 9 18 18 36 54   0 5 2 4 3 1
6   6 9 18 18 36 54   0 5 3 1 2 4
6   6 9 18 18 36 54   0 5 3 1 4 2
6   6 9 18 18 36 54   0 5 3 2 1 4
6   6 9 18 18 36 54   0 5 3 2 4 1
6   6 9 18 18 36 54   0 5 3 4 1 2
6   6 9 18 18 36 54   0 5 3 4 2 1
6   6 9 18 18 36 54   0 5 4 1 2 3
6   6 9 18 18 36 54   0 5 4 1 3 2
6   6 9 18 18 36 54   0 5 4 2 1 3
6   6 9 18 18 36 54   0 5 4 2 3 1
6   6 9 18 18 36 54   0 5 4 3 1 2
6   6 9 18 18 36 54   0 5 4 3 2 1
6   6 10 15 52 30 21   0 2 1 3 4 5
6   6 10 15 52 30 21   0 2 1 3 5 4
6   6 10 15 52 30 21   0 2 1 4 3 5
6   6 10 15 52 30 21   0 2 1 4 5 3
6   6 10 15 52 30 21   0 2 1 5 3 4
6   6 10 15 52 30 21   0 2 1 5 4 3
6   6 10 15 52 30 21   0 2 3 1 4 5
6   6 10 15 52 30 21   0 2 3 1 5 4
6   6 10 15 52 30 21   0 2 3 4 1 5
6   6 10 15 52 30 21   0 2 3 4 5 1
6   6 10 15 52 30 21   0 2 3 5 1 4
6   6 10 15 52 30 21   0 2 3 5 4 1
6   6 10 15 52 30 21   0 2 4 1 3 5
6   6 10 15 52 30 21   0 2 4 1 5 3
6   6 10 15 52 30 21   0 2 4 3 1 5
6   6 10 15 52 30 21   0 2 4 3 5 1
6   6 10 15 52 30 21   0 2 4 5 1 3
6   6 10 15 52 30 21   0 2 4 5 3 1
6   6 10 15 52 30 21   0 2 5 1 3 4
6   6 10 15 52 30 21   0 2 5 1 4 3
6   6 10 15 52 30 21   0 2 5 3 1 4
6   6 10 15 52 30 21   0 2 5 3 4 1
6   6 10 15 52 30 21   0 2 5 4 1 3
6   6 10 15 52 30 21   0 2 5 4 3 1
6   6 10 15 52 30 21   0 3 1 2 4 5
6   6 10 15 52 30 21   0 3 1 2 5 4
6   6 10 15 52 30 21   0 3 1 4 2 5
6   6 10 15 52 30 21   0 3 1 4 5 2
6   6 10 15 52 30 21   0 3 1 5 2 4
6   6 10 15 52 30 21   0 3 1 5 4 2
6   6 10 15 52 30 21   0 3 2 1 4 5
6   6 10 15 52 30 21   0 3 2 1 5 4
6   6 10 15 52 30 21   0 3 2 4 1 5
6   6 10 15 52 30 21   0 3 2 4 5 1
6   6 10 15 52 30 21   0 3 2 5 1 4
6   6 10 15 52 30 21   0 3 2 5 4 1
6   6 10 15 52 30 21   0 3 4 1 2 5
6   6 10 15 52 30 21   0 3 4 1 5 2
6   6 10 15 52 30 21   0 3 4 2 1 5
6   6 10 15 52 30 21   0 3 4 2 5 1
6   6 10 15 52 30 21   0 3 4 5 1 2
6   6 10 15 52 30 21   0 3 4 5 2 1
6   6 10 15 52 30 21   0 3 5 1 2 4
6   6 10 15 52 30 21   0 3 5 1 4 2
6   6 10 15 52 30 21   0 3 5 2 1 4
6   6 10 15 52 30 21   0 3 5 2 4 1
6   6 10 15 52 30 21   0 3 5 4 1 2
6   6 10 15 52 30 21   0 3 5 4 2 1
6   6 10 15 52 30 21   0 4 1 2 3 5
6   6 10 15 52 30 21   0 4 1 2 5 3
6   6 10 15 52 30 21   0 4 1 3 2 5
6   6 10 15 52 30 21   0 4 1 3 5 2
6   6 10 15 52 30 21   0 4 1 5 2 3
6   6 10 15 52 30 21   0 4 1 5 3 2
6   6 10 15 52 30 21   0 4 2 1 3 5
6   6 10 15 52 30 21   0 4 2 1 5 3
6   6 10 15 52 30 21   0 4 2 3 1 5
6   6 10 15 52 30 21   0 4 2 3 5 1
6   6 10 15 52 30 21   0 4 2 5 1 3
6   6 10 15 52 30 21   0 4 2 5 3 1
6   6 10 15 52 30 21   0 4 3 1 2 5
6   6 10 15 52 30 21   0 4 3 1 5 2
6   6 10 15 52 30 21   0 4 3 2 1 5
6   6 10 15 52 30 21   0 4 3 2 5 1
6   6 10 15 52 30 21   0 4 3 5 1 2
6   6 10 15 52 30 21   0 4 3 5 2 1
6   6 10 15 52 30 21   0 4 5 1 2 3
6   6 10 15 52 30 21   0 4 5 1 3 2
6   6 10 15 52 30 21   0 4 5 2 1 3
6   6 10 15 52 30 21   0 4 5 2 3 1
6   6 10 15 52 30 21   0 4 5 3 1 2
6   6 10 15 52 30 21   0 4 5 3 2 1
6   6 10 15 52 30 21   0 5 1 2 3 4
6   6 10 15 52 30 21   0 5 1 2 4 3
6   6 10 15 52 30 21   0 5 1 3 2 4
6   6 10 15 52 30 21   0 5 1 3 4 2
6   6 10 15 52 30 21   0 5 1 4 2 3
6   6 10 15 52 30 21   0 5 1 4 3 2
6   6 10 15 52 30 21   0 5 2 1 3 4
6   6 10 15 52 30 21   0 5 2 1 4 3
6   6 10 15 52 30 21   0 5 2 3 1 4
6   6 10 15 52 30 21   0 5 2 3 4 1
6   6 10 15 52 30 21   0 5 2 4 1 3
6   6 10 15 52 30 21   0 5 2 4 3 1
6   6 10 15 52 30 21   0 5 3 1 2 4
6   6 10 15 52 30 21   0 5 3 1 4 2
6   6 10 15 52 30 21   0 5 3 2 1 4
6   6 10 15 52 30 21   0 5 3 2 4 1
6   6 10 15 52 30 21   0 5 3 4 1 2
6   6 10 15 52 30 21   0 5 3 4 2 1
6   6 10 15 52 30 21   0 5 4 1 2 3
6   6 10 15 52 30 21   0 5 4 1 3 2
6   6 10 15 52 30 21   0 5 4 2 1 3
6   6 10 15 52 30 21   0 5 4 2 3 1
6   6 10 15 52 30 21   0 5 4 3 1 2
6   6 10 15 52 30 21   0 5 4 3 2 1
3   25 51 102   0 2 1
3   20 127 51   0 2 1
4   20 20 20 20   0 2 1 3
4   20 20 20 20   0 2 3 1
4   20 20 20 20   0 3 1 2
4   20 20 20 20   0 3 2 1
4   10 20 20 40   0 2 1 3
4   10 20 20 40   0 2 3 1
4   10 20 20 40   0 3 1 2
4   10 20 20 40   0 3 2 1
4   15 17 26 23   0 2 1 3
4   15 17 26 23   0 2 3 1
4   15 17 26 23   0 3 1 2
4   15 17 26 23   0 3 2 1
4   27 27 27 27   0 2 1 3
4   27 27 27 27   0 2 3 1
4   27 27 27 27   0 3 1 2
4   27 27 27 27   0 3 2 1
4   13 27 27 54   0 2 1 3
4   13 27 27 54   0 2 3 1
4   13 27 27 54   0 3 1 2
4   13 27 27 54   0 3 2 1
4   20 22 35 31   0 2 1 3
4   20 22 35 31   0 2 3 1
4   20 22 35 31   0 3 1 2
4   20 22 35 31   0 3 2 1
4   19 39 39 78   0 2 1 3
4   19 39 39 78   0 2 3 1
4   19 39 39 78   0 3 1 2
4   19 39 39 78   0 3 2 1
4   29 33 51 46   0 2 1 3
4   29 33 51 46   0 2 3 1
4   29 33 51 46   0 3 1 2
4   29 33 51 46   0 3 2 1
4   27 54 54 108   0 2 1 3
4   27 54 54 108   0 2 3 1
4   27 54 54 108   0 3 1 2
4   27 54 54 108   0 3 2 1
5   14 21 43 86 129   0 2 1 3 4
5   14 21 43 86 129   0 2 1 4 3
5   14 21 43 86 129   0 2 3 1 4
5   14 21 43 86 129   0 2 3 4 1
5   14 21 43 86 129   0 2 4 1 3
5   14 21 43 86 129   0 2 4 3 1
5   14 21 43 86 129   0 3 1 2 4
5   14 21 43 86 129   0 3 1 4 2
5   14 21 43 86 129   0 3 2 1 4
5   14 21 43 86 129   0 3 2 4 1
5   14 21 43 86 129   0 3 4 1 2
5   14 21 43 86 129   0 3 4 2 1
5   14 21 43 86 129   0 4 1 2 3
5   14 21 43 86 129   0 4 1 3 2
5   14 21 43 86 129   0 4 2 1 3
5   14 21 43 86 129   0 4 2 3 1
5   14 21 43 86 129   0 4 3 1 2
5   14 21 43 86 129   0 4 3 2 1
5   11 11 11 11 11   0 2 1 3 4
5   11 11 11 11 11   0 2 1 4 3
5   11 11 11 11 11   0 2 3 1 4
5   11 11 11 11 11   0 2 3 4 1
5   11 11 11 11 11   0 2 4 1 3
5   11 11 11 11 11   0 2 4 3 1
5   11 11 11 11 11   0 3 1 2 4
5   11 11 11 11 11   0 3 1 4 2
5   11 11 11 11 11   0 3 2 1 4
5   11 11 11 11 11   0 3 2 4 1
5   11 11 11 11 11   0 3 4 1 2
5   11 11 11 11 11   0 3 4 2 1
5   11 11 11 11 11   0 4 1 2 3
5   11 11 11 11 11   0 4 1 3 2
5   11 11 11 11 11   0 4 2 1 3
5   11 11 11 11 11   0 4 2 3 1
5   11 11 11 11 11   0 4 3 1 2
5   11 11 11 11 11   0 4 3 2 1
5   3 5 11 22 33   0 1 3 2 4
5   3 5 11 22 33   0 1 3 4 2
5   3 5 11 22 33   0 1 4 2 3
5   3 5 11 22 33   0 1 4 3 2
5   3 5 11 22 33   0 3 1 2 4
5   3 5 11 22 33   0 3 4 1 2
5   3 5 11 22 33   0 4 1 2 3
5   3 5 11 22 33   0 4 3 1 2
5   8 9 14 12 11   0 2 1 3 4
5   8 9 14 12 11   0 2 1 4 3
5   8 9 14 12 11   0 2 3 1 4
5   8 9 14 12 11   0 2 3 4 1
5   8 9 14 12 11   0 2 4 1 3
5   8 9 14 12 11   0 2 4 3 1
5   8 9 14 12 11   0 3 1 2 4
5   8 9 14 12 11   0 3 1 4 2
5   8 9 14 12 11   0 3 2 1 4
5   8 9 14 12 11   0 3 2 4 1
5   8 9 14 12 11   0 3 4 1 2
5   8 9 14 12 11   0 3 4 2 1
5   8 9 14 12 11   0 4 1 2 3
5   8 9 14 12 11   0 4 1 3 2
5   8 9 14 12 11   0 4 2 1 3
5   8 9 14 12 11   0 4 2 3 1
5   8 9 14 12 11   0 4 3 1 2
5   8 9 14 12 11   0 4 3 2 1
5   18 15 11 6 7   0 2 1 3 4
5   18 15 11 6 7   0 2 1 4 3
5   18 15 11 6 7   0 2 3 1 4
5   18 15 11 6 7   0 2 3 4 1
5   18 15 11 6 7   0 2 4 1 3
5   18 15 11 6 7   0 2 4 3 1
5   18 15 11 6 7   0 3 1 2 4
5   18 15 11 6 7   0 3 1 4 2
5   18 15 11 6 7   0 3 2 1 4
5   18 15 11 6 7   0 3 2 4 1
5   18 15 11 6 7   0 3 4 1 2
5   18 15 11 6 7   0 3 4 2 1
5   18 15 11 6 7   0 4 1 2 3
5   18 15 11 6 7   0 4 1 3 2
5   18 15 11 6 7   0 4 2 1 3
5   18 15 11 6 7   0 4 2 3 1
5   18 15 11 6 7   0 4 3 1 2
5   18 15 11 6 7   0 4 3 2 1
5   14 14 14 14 14   0 2 1 3 4
5   14 14 14 14 14   0 2 1 4 3
5   14 14 14 14 14   0 2 3 1 4
5   14 14 14 14 14   0 2 3 4 1
5   14 14 14 14 14   0 2 4 1 3
5   14 14 14 14 14   0 2 4 3 1
5   14 14 14 14 14   0 3 1 2 4
5   14 14 14 14 14   0 3 1 4 2
5   14 14 14 14 14   0 3 2 1 4
5   14 14 14 14 14   0 3 2 4 1
5   14 14 14 14 14   0 3 4 1 2
5   14 14 14 14 14   0 3 4 2 1
5   14 14 14 14 14   0 4 1 2 3
5   14 14 14 14 14   0 4 1 3 2
5   14 14 14 14 14   0 4 2 1 3
5   14 14 14 14 14   0 4 2 3 1
5   14 14 14 14 14   0 4 3 1 2
5   14 14 14 14 14   0 4 3 2 1
5   4 7 14 28 42   0 1 3 2 4
5   4 7 14 28 42   0 1 3 4 2
5   4 7 14 28 42   0 1 4 2 3
5   4 7 14 28 42   0 1 4 3 2
5   4 7 14 28 42   0 3 1 2 4
5   4 7 14 28 42   0 3 4 1 2
5   4 7 14 28 42   0 4 1 2 3
5   4 7 14 28 42   0 4 3 1 2
5   10 11 18 16 14   0 2 1 3 4
5   10 11 18 16 14   0 2 1 4 3
5   10 11 18 16 14   0 2 3 1 4
5   10 11 18 16 14   0 2 3 4 1
5   10 11 18 16 14   0 2 4 1 3
5   10 11 18 16 14   0 2 4 3 1
5   10 11 18 16 14   0 3 1 2 4
5   10 11 18 16 14   0 3 1 4 2
5   10 11 18 16 14   0 3 2 1 4
5   10 11 18 16 14   0 3 2 4 1
5   10 11 18 16 14   0 3 4 1 2
5   10 11 18 16 14   0 3 4 2 1
5   10 11 18 16 14   0 4 1 2 3
5   10 11 18 16 14   0 4 1 3 2
5   10 11 18 16 14   0 4 2 1 3
5   10 11 18 16 14   0 4 2 3 1
5   10 11 18 16 14   0 4 3 1 2
5   10 11 18 16 14   0 4 3 2 1
5   23 19 14 8 9   0 2 1 3 4
5   23 19 14 8 9   0 2 1 4 3
5   23 19 14 8 9   0 2 3 1 4
5   23 19 14 8 9   0 2 3 4 1
5   23 19 14 8 9   0 2 4 1 3
5   23 19 14 8 9   0 2 4 3 1
5   23 19 14 8 9   0 3 1 2 4
5   23 19 14 8 9   0 3 1 4 2
5   23 19 14 8 9   0 3 2 1 4
5   23 19 14 8 9   0 3 2 4 1
5   23 19 14 8 9   0 3 4 1 2
5   23 19 14 8 9   0 3 4 2 1
5   23 19 14 8 9   0 4 1 2 3
5   23 19 14 8 9   0 4 1 3 2
5   23 19 14 8 9   0 4 2 1 3
5   23 19 14 8 9   0 4 2 3 1
5   23 19 14 8 9   0 4 3 1 2
5   23 19 14 8 9   0 4 3 2 1
5   19 19 19 19 19   0 2 1 3 4
5   19 19 19 19 19   0 2 1 4 3
5   19 19 19 19 19   0 2 3 1 4
5   19 19 19 19 19   0 2 3 4 1
5   19 19 19 19 19   0 2 4 1 3
5   19 19 19 19 19   0 2 4 3 1
5   19 19 19 19 19   0 3 1 2 4
5   19 19 19 19 19   0 3 1 4 2
5   19 19 19 19 19   0 3 2 1 4
5   19 19 19 19 19   0 3 2 4 1
5   19 19 19 19 19   0 3 4 1 2
5   19 19 19 19 19   0 3 4 2 1
5   19 19 19 19 19   0 4 1 2 3
5   19 19 19 19 19   0 4 1 3 2
5   19 19 19 19 19   0 4 2 1 3
5   19 19 19 19 19   0 4 2 3 1
5   19 19 19 19 19   0 4 3 1 2
5   19 19 19 19 19   0 4 3 2 1
5   6 9 19 38 57   0 2 1 3 4
5   6 9 19 38 57   0 2 1 4 3
5   6 9 19 38 57   0 2 3 1 4
5   6 9 19 38 57   0 2 3 4 1
5   6 9 19 38 57   0 2 4 1 3
5   6 9 19 38 57   0 2 4 3 1
5   6 9 19 38 57   0 3 1 2 4
5   6 9 19 38 57   0 3 1 4 2
5   6 9 19 38 57   0 3 2 1 4
5   6 9 19 38 57   0 3 2 4 1
5   6 9 19 38 57   0 3 4 1 2
5   6 9 19 38 57   0 3 4 2 1
5   6 9 19 38 57   0 4 1 2 3
5   6 9 19 38 57   0 4 1 3 2
5   6 9 19 38 57   0 4 2 1 3
5   6 9 19 38 57   0 4 2 3 1
5   6 9 19 38 57   0 4 3 1 2
5   6 9 19 38 57   0 4 3 2 1
5   14 16 25 22 19   0 2 1 3 4
5   14 16 25 22 19   0 2 1 4 3
5   14 16 25 22 19   0 2 3 1 4
5   14 16 25 22 19   0 2 3 4 1
5   14 16 25 22 19   0 2 4 1 3
5   14 16 25 22 19   0 2 4 3 1
5   14 16 25 22 19   0 3 1 2 4
5   14 16 25 22 19   0 3 1 4 2
5   14 16 25 22 19   0 3 2 1 4
5   14 16 25 22 19   0 3 2 4 1
5   14 16 25 22 19   0 3 4 1 2
5   14 16 25 22 19   0 3 4 2 1
5   14 16 25 22 19   0 4 1 2 3
5   14 16 25 22 19   0 4 1 3 2
5   14 16 25 22 19   0 4 2 1 3
5   14 16 25 22 19   0 4 2 3 1
5   14 16 25 22 19   0 4 3 1 2
5   14 16 25 22 19   0 4 3 2 1
5   25 25 25 25 25   0 2 1 3 4
5   25 25 25 25 25   0 2 1 4 3
5   25 25 25 25 25   0 2 3 1 4
5   25 25 25 25 25   0 2 3 4 1
5   25 25 25 25 25   0 2 4 1 3
5   25 25 25 25 25   0 2 4 3 1
5   25 25 25 25 25   0 3 1 2 4
5   25 25 25 25 25   0 3 1 4 2
5   25 25 25 25 25   0 3 2 1 4
5   25 25 25 25 25   0 3 2 4 1
5   25 25 25 25 25   0 3 4 1 2
5   25 25 25 25 25   0 3 4 2 1
5   25 25 25 25 25   0 4 1 2 3
5   25 25 25 25 25   0 4 1 3 2
5   25 25 25 25 25   0 4 2 1 3
5   25 25 25 25 25   0 4 2 3 1
5   25 25 25 25 25   0 4 3 1 2
5   25 25 25 25 25   0 4 3 2 1
5   8 12 25 50 75   0 2 1 3 4
5   8 12 25 50 75   0 2 1 4 3
5   8 12 25 50 75   0 2 3 1 4
5   8 12 25 50 75   0 2 3 4 1
5   8 12 25 50 75   0 2 4 1 3
5   8 12 25 50 75   0 2 4 3 1
5   8 12 25 50 75   0 3 1 2 4
5   8 12 25 50 75   0 3 1 4 2
5   8 12 25 50 75   0 3 2 1 4
5   8 12 25 50 75   0 3 2 4 1
5   8 12 25 50 75   0 3 4 1 2
5   8 12 25 50 75   0 3 4 2 1
5   8 12 25 50 75   0 4 1 2 3
5   8 12 25 50 75   0 4 1 3 2
5   8 12 25 50 75   0 4 2 1 3
5   8 12 25 50 75   0 4 2 3 1
5   8 12 25 50 75   0 4 3 1 2
5   8 12 25 50 75   0 4 3 2 1
5   18 21 33 29 25   0 2 1 3 4
5   18 21 33 29 25   0 2 1 4 3
5   18 21 33 29 25   0 2 3 1 4
5   18 21 33 29 25   0 2 3 4 1
5   18 21 33 29 25   0 2 4 1 3
5   18 21 33 29 25   0 2 4 3 1
5   18 21 33 29 25   0 3 1 2 4
5   18 21 33 29 25   0 3 1 4 2
5   18 21 33 29 25   0 3 2 1 4
5   18 21 33 29 25   0 3 2 4 1
5   18 21 33 29 25   0 3 4 1 2
5   18 21 33 29 25   0 3 4 2 1
5   18 21 33 29 25   0 4 1 2 3
5   18 21 33 29 25   0 4 1 3 2
5   18 21 33 29 25   0 4 2 1 3
5   18 21 33 29 25   0 4 2 3 1
5   18 21 33 29 25   0 4 3 1 2
5   18 21 33 29 25   0 4 3 2 1
5   11 16 33 66 99   0 2 1 3 4
5   11 16 33 66 99   0 2 1 4 3
5   11 16 33 66 99   0 2 3 1 4
5   11 16 33 66 99   0 2 3 4 1
5   11 16 33 66 99   0 2 4 1 3
5   11 16 33 66 99   0 2 4 3 1
5   11 16 33 66 99   0 3 1 2 4
5   11 16 33 66 99   0 3 1 4 2
5   11 16 33 66 99   0 3 2 1 4
5   11 16 33 66 99   0 3 2 4 1
5   11 16 33 66 99   0 3 4 1 2
5   11 16 33 66 99   0 3 4 2 1
5   11 16 33 66 99   0 4 1 2 3
5   11 16 33 66 99   0 4 1 3 2
5   11 16 33 66 99   0 4 2 1 3
5   11 16 33 66 99   0 4 2 3 1
5   11 16 33 66 99   0 4 3 1 2
5   11 16 33 66 99   0 4 3 2 1
5   24 28 43 38 33   0 2 1 3 4
5   24 28 43 38 33   0 2 1 4 3
5   24 28 43 38 33   0 2 3 1 4
5   24 28 43 38 33   0 2 3 4 1
5   24 28 43 38 33   0 2 4 1 3
5   24 28 43 38 33   0 2 4 3 1
5   24 28 43 38 33   0 3 1 2 4
5   24 28 43 38 33   0 3 1 4 2
5   24 28 43 38 33   0 3 2 1 4
5   24 28 43 38 33   0 3 2 4 1
5   24 28 43 38 33   0 3 4 1 2
5   24 28 43 38 33   0 3 4 2 1
5   24 28 43 38 33   0 4 1 2 3
5   24 28 43 38 33   0 4 1 3 2
5   24 28 43 38 33   0 4 2 1 3
5   24 28 43 38 33   0 4 2 3 1
5   24 28 43 38 33   0 4 3 1 2
5   24 28 43 38 33   0 4 3 2 1
