5 48 32 32 48 32	0 2 3 4 1
2 24 32	1 0
5 48 32 48 32 24	2 1 4 3 0
5 48 32 32 48 32	0 2 3 4 1
2 24 32	1 0
5 48 32 48 32 24	2 4 1 3 0
4 72 72 72 72	0 1 3 2
4 72 72 72 24	2 1 3 0
5 48 32 32 48 48	0 1 2 4 3
5 48 32 32 48 24	3 2 1 4 0
4 72 72 72 72	0 2 3 1
2 24 72	1 0
4 72 72 72 24	2 3 1 0
3 312 312 312	0 2 1
3 312 312 24	1 0 2
4 72 72 72 72	1 2 3 0
2 24 72	1 0
4 72 72 72 24	1 0 3 2
4 24 16 24 24	0 1 3 2
6 24 16 24 16 16 16	2 4 5 0 1 3
4 24 16 24 16	0 1 3 2
6 24 16 16 16 24 16	4 2 5 0 3 1
4 24 16 24 16	0 1 3 2
6 24 16 16 16 24 16	4 2 5 0 1 3
4 24 16 24 16	0 1 3 2
6 24 16 16 16 24 16	4 5 2 0 1 3
3 312 296 312	2 1 0
2 24 312	1 0
3 312 296 24	0 2 1
2 72 72	1 0
2 72 72	1 0
4 72 72 72 72	1 0 2 3
4 72 72 72 72	1 0 2 3
2 72 72	1 0
4 72 72 72 72	2 0 1 3
4 72 72 72 72	1 2 0 3
4 72 72 72 72	0 3 1 2
3 72 72 72	2 0 1
3 72 72 72	0 2 1
3 312 312 312	1 0 2
3 312 312 296	1 0 2
3 312 296 296	2 0 1
3 312 296 296	0 2 1
3 312 296 296	0 2 1
3 312 296 312	0 2 1
4 72 72 72 72	0 2 1 3
4 72 72 72 72	2 0 1 3
4 72 72 72 72	0 1 3 2
4 72 72 72 72	1 3 0 2
4 72 72 72 72	2 0 1 3
4 72 72 72 72	0 2 3 1
4 72 72 72 72	0 2 1 3
4 72 72 72 72	3 1 0 2
4 72 72 72 72	0 1 3 2
