2 2896 2896 	0 2 1 	3	0	0.002576		104.20		0.00321571	Number of errors: 0		83.46	134189056
3 2364 2364 	0 2 1 	3	0	0.002529		106.07		0.00315263	Number of errors: 0		85.09	134123904
4 2048 2048 	0 2 1 	3	0	0.001974		135.99		0.00261287	Number of errors: 0		102.74	134217728
5 1831 1831 	0 2 1 	3	0	0.001915		140.02		0.00253071	Number of errors: 0		105.98	134102440
6 1672 1672 	0 2 1 	3	0	0.001643		163.30		0.00227541	Number of errors: 0		117.95	134188032
7 1548 1548 	0 2 1 	3	0	0.001687		159.06		0.00231683	Number of errors: 0		115.84	134193024
8 1448 1448 	0 2 1 	3	0	0.001491		179.98		0.00212469	Number of errors: 0		126.31	134189056
9 1365 1365 	0 2 1 	3	0	0.001518		176.69		0.00214542	Number of errors: 0		125.06	134152200
10 1295 1295 	0 2 1 	3	0	0.001537		174.57		0.00217237	Number of errors: 0		123.52	134162000
11 1234 1234 	0 2 1 	3	0	0.001462		183.37		0.00206159	Number of errors: 0		130.00	134002528
12 1182 1182 	0 2 1 	3	0	0.001398		191.83		0.00202133	Number of errors: 0		132.71	134123904
13 1136 1136 	0 2 1 	3	0	0.001614		166.33		0.00224843	Number of errors: 0		119.38	134211584
14 1094 1094 	0 2 1 	3	0	0.001618		165.73		0.00223007	Number of errors: 0		120.22	134045632
15 1057 1057 	0 2 1 	3	0	0.001645		162.99		0.00225589	Number of errors: 0		118.86	134069880
16 1024 1024 	0 2 1 	3	0	0.001365		196.65		0.00200302	Number of errors: 0		134.02	134217728
17 993 993 	0 2 1 	3	0	0.001539		174.31		0.00216205	Number of errors: 0		124.05	134102664
18 965 965 	0 2 1 	3	0	0.001480		181.20		0.00209666	Number of errors: 0		127.91	134096400
19 939 939 	0 2 1 	3	0	0.001445		185.51		0.00204856	Number of errors: 0		130.84	134021592
20 915 915 	0 2 1 	3	0	0.001614		166.00		0.00220686	Number of errors: 0		121.40	133956000
21 893 893 	0 2 1 	3	0	0.001578		169.85		0.0021741	Number of errors: 0		123.24	133971432
22 873 873 	0 2 1 	3	0	0.001496		179.37		0.00211887	Number of errors: 0		126.61	134134704
23 854 854 	0 2 1 	3	0	0.001485		180.75		0.0021204	Number of errors: 0		126.57	134194144
24 836 836 	0 2 1 	3	0	0.001385		193.81		0.00201631	Number of errors: 0		133.10	134188032
25 819 819 	0 2 1 	3	0	0.001633		164.32		0.00226048	Number of errors: 0		118.69	134152200
26 803 803 	0 2 1 	3	0	0.001586		169.15		0.00220489	Number of errors: 0		121.66	134120272
27 788 788 	0 2 1 	3	0	0.001552		172.87		0.00217854	Number of errors: 0		123.13	134123904
28 774 774 	0 2 1 	3	0	0.001515		177.16		0.00214813	Number of errors: 0		124.94	134193024
29 760 760 	0 2 1 	3	0	0.001530		175.22		0.00212885	Number of errors: 0		125.89	134003200
30 747 747 	0 2 1 	3	0	0.001493		179.41		0.00208764	Number of errors: 0		128.30	133922160
31 735 735 	0 2 1 	3	0	0.001423		188.36		0.00201735	Number of errors: 0		132.82	133975800
32 724 724 	0 2 1 	3	1	0.001327		202.24		0.0019595	Number of errors: 0		136.96	134189056
33 713 713 	0 2 1 	3	1	0.001556		172.46		0.00218922	Number of errors: 0		122.61	134209416
34 702 702 	0 2 1 	3	1	0.001588		168.84		0.00219258	Number of errors: 0		122.27	134042688
35 692 692 	0 2 1 	3	1	0.001574		170.39		0.00218628	Number of errors: 0		122.66	134081920
36 682 682 	0 2 1 	3	1	0.001613		166.10		0.00220548	Number of errors: 0		121.48	133955712
37 673 673 	0 2 1 	3	1	0.001525		175.85		0.00213226	Number of errors: 0		125.75	134066984
38 664 664 	0 2 1 	3	1	0.001505		178.18		0.00210062	Number of errors: 0		127.61	134032384
39 655 655 	0 2 1 	3	1	0.001495		179.05		0.00206552	Number of errors: 0		129.61	133855800
40 647 647 	0 2 1 	3	1	0.001413		189.60		0.00200663	Number of errors: 0		133.51	133954880
41 639 639 	0 2 1 	3	1	0.001483		180.64		0.00206656	Number of errors: 0		129.62	133929288
42 632 632 	0 2 1 	3	1	0.001424		188.53		0.00206181	Number of errors: 0		130.18	134206464
43 624 624 	0 2 1 	3	1	0.001506		177.85		0.00209363	Number of errors: 0		127.96	133945344
44 617 617 	0 2 1 	3	1	0.001501		178.51		0.00209729	Number of errors: 0		127.79	134002528
45 610 610 	0 2 1 	3	1	0.001518		176.45		0.0021061	Number of errors: 0		127.21	133956000
46 603 603 	0 2 1 	3	1	0.001480		180.80		0.00204307	Number of errors: 0		130.99	133808112
47 597 597 	0 2 1 	3	1	0.001584		169.18		0.00219218	Number of errors: 0		122.26	134009784
48 591 591 	0 2 1 	3	1	0.001386		193.51		0.00200295	Number of errors: 0		133.93	134123904
49 585 585 	0 2 1 	3	1	0.001447		185.36		0.00206905	Number of errors: 0		129.67	134152200
50 579 579 	0 2 1 	3	1	0.001456		184.18		0.00207083	Number of errors: 0		129.51	134096400
51 573 573 	0 2 1 	3	1	0.001461		183.40		0.00205252	Number of errors: 0		130.53	133958232
52 568 568 	0 2 1 	3	1	0.001431		187.55		0.00206426	Number of errors: 0		130.03	134211584
53 562 562 	0 2 1 	3	1	0.001428		187.61		0.00201098	Number of errors: 0		133.19	133917856
54 557 557 	0 2 1 	3	1	0.001433		187.07		0.00202901	Number of errors: 0		132.11	134027568
55 552 552 	0 2 1 	3	1	0.001425		188.18		0.00202968	Number of errors: 0		132.11	134069760
56 547 547 	0 2 1 	3	1	0.001380		194.26		0.00198035	Number of errors: 0		135.38	134045632
57 542 542 	0 2 1 	3	1	0.001427		187.73		0.00201387	Number of errors: 0		133.03	133956384
58 537 537 	0 2 1 	3	1	0.001377		194.33		0.00194272	Number of errors: 0		137.75	133803216
59 533 533 	0 2 1 	3	1	0.001383		193.86		0.00199435	Number of errors: 0		134.47	134090008
60 528 528 	0 2 1 	3	1	0.001379		194.09		0.00194001	Number of errors: 0		137.95	133816320
61 524 524 	0 2 1 	3	1	0.001358		197.38		0.00195259	Number of errors: 0		137.25	133993088
62 520 520 	0 2 1 	3	1	0.001335		200.94		0.00194893	Number of errors: 0		137.63	134118400
63 516 516 	0 2 1 	3	1	0.001339		200.45		0.00196716	Number of errors: 0		136.43	134193024
